,0,1,2,3,4,5,6,7,8,9,10,11,12,13,14,15,16,17,18,19,20,21,22,23,24,25,26,27,28,29,30,31,32,33,34,35,36,37,38,39,40,41,42,43,44,45,46,47,48,49,50,51,52,53,54,55,56,57,58,59,60,61,62,63,64,65,66,67,68,69,70,71,72,73,74,75,76,77,78,79,80,81,82,83,84,85,86,87,88,89,90,91,92,93,94,95,96,97,98,99,100,101,102,103,104,105,106,107,108,109,110,111,112,113,114,115,116,117,118,119,120,121,122,123,124,125,126,127,128,129,130,131,132,133,134,135,136,137,138,139,140,141,142,143,144,145,146,147,148,149,150,151,152,153,154,155,156,157,158,159,160,161,162,163,164,165,166,167,168,169,170,171,172,173,174,175,176,177,178,179,180,181,182,183,184,185,186,187,188,189,190,191,192,193,194,195,196,197,198,199,200,201,202,203,204,205,206,207,208,209,210,211,212,213,214,215,216,217,218,219,220,221,222,223,224,225,226,227,228,229,230,231,232,233,234,235,236,237,238,239,240,241,242,243,244,245,246,247,248,249,250,251,252,253,254,255,256,257,258,259,260,261,262,263,264,265,266,267,268,269,270,271,272,273,274,275,276,277,278,279,280,281,282,283,284,285,286,287,288,289,290,291,292,293,294,295,296,297,298,299,300,301,302,303,304,305,306,307,308,309,310,311,312,313,314,315,316,317,318,319,320,321,322,323,324,325,326,327,328,329,330,331,332,333,334,335,336,337,338,339,340,341,342,343,344,345,346,347,348,349,350,351,352,353,354,355,356,357,358,359,360,361,362,363,364,365,366,367,368,369,370,371,372,373,374,375,376,377,378,379,380,381,382,383,384,385,386,387,388,389,390,391,392,393,394,395,396,397,398,399,400,401,402,403,404,405,406,407,408,409,410,411,412,413,414,415,416,417,418,419,420,421,422,423,424,425,426,427,428,429,430,431,432,433,434,435,436,437,438,439,440,441,442,443,444,445,446,447,448,449,450,451,452,453,454,455,456,457,458,459,460,461,462,463,464,465,466,467,468,469,470,471,472,473,474,475,476,477,478,479,480,481,482,483,484,485,486,487,488,489,490,491,492,493,494,495,496,497,498,499,500,501,502,503,504,505,506,507,508,509,510,511,512,513,514,515,516,517,518,519,520,521,522,523,524,525,526,527,528,529,530,531,532,533,534,535,536,537,538,539,540,541,542,543,544,545,546,547,548,549,550,551,552,553,554,555,556,557,558,559,560,561,562,563,564,565,566,567,568,569,570,571,572,573,574,575,576,577,578,579,580,581,582,583,584,585,586,587,588,589,590,591,592,593,594,595,596,597,598,599,600,601,602,603,604,605,606,607,608,609,610,611,612,613,614,615,616,617,618,619,620,621,622,623,624,625,626,627,628,629,630,631,632,633,634,635,636,637,638,639,640,641,642,643,644,645,646,647,648,649,650,651,652,653,654,655,656,657,658,659,660,661,662,663,664,665,666,667,668,669,670,671,672,673,674,675,676,677,678,679,680,681,682,683,684,685,686,687,688,689,690,691,692,693,694,695,696,697,698,699,700,701,702,703,704,705,706,707,708,709,710,711,712,713,714,715,716,717,718,719,720,721,722,723,724,725,726,727,728,729,730,731,732,733,734,735,736,737,738,739,740,741,742,743,744,745,746,747,748,749,750,751,752,753,754,755,756,757,758,759,760,761,762,763,764,765,766,767,768,769,770,771,772,773,774,775,776,777,778,779,780,781,782,783,784,785,786,787,788,789,790,791,792,793,794,795,796,797,798,799,800,801,802,803,804,805,806,807,808,809,810,811,812,813,814,815,816,817,818,819,820,821,822,823,824,825,826,827,828,829,830,831,832,833,834,835,836,837,838,839,840,841,842,843,844,845,846,847,848,849,850,851,852,853,854,855,856,857,858,859,860,861,862,863,864,865,866,867,868,869,870,871,872,873,874,875,876,877,878,879,880,881,882,883,884,885,886,887,888,889,890,891,892,893,894,895,896,897,898,899,900,901,902,903,904,905,906,907,908,909,910,911,912,913,914,915,916,917,918,919,920,921,922,923,924,925,926,927,928,929,930,931,932,933,934,935,936,937,938,939,940,941,942,943,944,945,946,947,948,949,950,951,952,953,954,955,956,957,958,959,960,961,962,963,964,965,966,967,968,969,970,971,972,973,974,975,976,977,978,979,980,981,982,983,984,985,986,987,988,989,990,991,992,993,994,995,996,997,998,999,1000,1001,1002,1003,1004,1005,1006,1007,1008,1009,1010,1011,1012,1013,1014,1015,1016,1017,1018,1019,1020,1021,1022,1023,1024,1025,1026,1027,1028,1029,1030,1031,1032,1033,1034,1035,1036,1037,1038,1039,1040,1041,1042,1043,1044,1045,1046,1047,1048,1049,1050,1051,1052,1053,1054,1055,1056,1057,1058,1059,1060,1061,1062,1063,1064,1065,1066,1067,1068,1069,1070,1071,1072,1073,1074,1075,1076,1077,1078,1079,1080,1081,1082,1083,1084,1085,1086,1087,1088,1089,1090,1091,1092,1093,1094,1095,1096,1097,1098,1099,1100,1101,1102,1103,1104,1105,1106,1107,1108,1109,1110,1111,1112,1113,1114,1115,1116,1117,1118,1119,1120,1121,1122,1123,1124,1125,1126,1127,1128,1129,1130,1131,1132,1133,1134,1135,1136,1137,1138,1139,1140,1141,1142,1143,1144,1145,1146,1147,1148,1149,1150,1151,1152,1153,1154,1155,1156,1157,1158,1159,1160,1161,1162,1163,1164,1165,1166,1167,1168,1169,1170,1171,1172,1173,1174,1175,1176,1177,1178,1179,1180,1181,1182,1183,1184,1185,1186,1187,1188,1189,1190,1191,1192,1193,1194,1195,1196,1197,1198,1199,1200,1201,1202,1203,1204,1205,1206,1207,1208,1209,1210,1211,1212,1213,1214,1215,1216,1217,1218,1219,1220,1221,1222,1223,1224,1225,1226,1227,1228,1229,1230,1231,1232,1233,1234,1235,1236,1237,1238,1239,1240,1241,1242,1243,1244,1245,1246,1247,1248,1249,1250,1251,1252,1253,1254,1255,1256,1257,1258,1259,1260,1261,1262,1263,1264,1265,1266,1267,1268,1269,1270,1271,1272,1273,1274,1275,1276,1277,1278,1279,1280,1281,1282,1283,1284,1285,1286,1287,1288,1289,1290,1291,1292,1293,1294,1295,1296,1297,1298,1299,1300,1301,1302,1303,1304,1305,1306,1307,1308,1309,1310,1311,1312,1313,1314,1315,1316,1317,1318,1319,1320,1321,1322,1323,1324,1325,1326,1327,1328,1329,1330,1331,1332,1333,1334,1335,1336,1337,1338,1339,1340,1341,1342,1343,1344,1345,1346,1347,1348,1349,1350,1351,1352,1353,1354,1355,1356,1357,1358,1359,1360,1361,1362,1363,1364,1365,1366,1367,1368,1369,1370,1371,1372,1373,1374,1375,1376,1377,1378,1379,1380,1381,1382,1383,1384,1385,1386,1387,1388,1389,1390,1391,1392,1393,1394,1395,1396,1397,1398,1399,1400,1401,1402,1403,1404,1405,1406,1407,1408,1409,1410,1411,1412,1413,1414,1415,1416,1417,1418,1419,1420,1421,1422,1423,1424,1425,1426,1427,1428,1429,1430,1431,1432,1433,1434,1435,1436,1437,1438,1439,1440,1441,1442,1443,1444,1445,1446,1447,1448,1449,1450,1451,1452,1453,1454,1455,1456,1457,1458,1459,1460,1461,1462,1463,1464,1465,1466,1467,1468,1469,1470,1471,1472,1473,1474,1475,1476,1477,1478,1479,1480,1481,1482,1483,1484,1485,1486,1487,1488,1489,1490,1491,1492,1493,1494,1495,1496,1497,1498,1499,1500,1501,1502,1503,1504,1505,1506,1507,1508,1509,1510,1511,1512,1513,1514,1515,1516,1517,1518,1519,1520,1521,1522,1523,1524,1525,1526,1527,1528,1529,1530,1531,1532,1533,1534,1535,1536,1537,1538,1539,1540,1541,1542,1543,1544,1545,1546,1547,1548,1549,1550,1551,1552,1553,1554,1555,1556,1557,1558,1559,1560,1561,1562,1563,1564,1565,1566,1567,1568,1569,1570,1571,1572,1573,1574,1575,1576,1577,1578,1579,1580,1581,1582,1583,1584,1585,1586,1587,1588,1589,1590,1591,1592,1593,1594,1595,1596,1597,1598,1599,1600,1601,1602,1603,1604,1605,1606,1607,1608,1609,1610,1611,1612,1613,1614,1615,1616,1617,1618,1619,1620,1621,1622,1623,1624,1625,1626,1627,1628,1629,1630,1631,1632,1633,1634,1635,1636,1637,1638,1639,1640,1641,1642,1643,1644,1645,1646,1647,1648,1649,1650,1651,1652,1653,1654,1655,1656,1657,1658,1659,1660,1661,1662,1663,1664,1665,1666,1667,1668,1669,1670,1671,1672,1673,1674,1675,1676,1677,1678,1679,1680,1681,1682,1683,1684,1685,1686,1687,1688,1689,1690,1691,1692,1693,1694,1695,1696,1697,1698,1699,1700,1701,1702,1703,1704,1705,1706,1707,1708,1709,1710,1711,1712,1713,1714,1715,1716,1717,1718,1719,1720,1721,1722,1723,1724,1725,1726,1727,1728,1729,1730,1731,1732,1733,1734,1735,1736,1737,1738,1739,1740,1741,1742,1743,1744,1745,1746,1747,1748,1749,1750,1751,1752,1753,1754,1755,1756,1757,1758,1759,1760,1761,1762,1763,1764,1765,1766,1767,1768,1769,1770,1771,1772,1773,1774,1775,1776,1777,1778,1779,1780,1781,1782,1783,1784,1785,1786,1787,1788,1789,1790,1791,1792,1793,1794,1795,1796,1797,1798,1799,1800,1801,1802,1803,1804,1805,1806,1807,1808,1809,1810,1811,1812,1813,1814,1815,1816,1817,1818,1819,1820,1821,1822,1823,1824,1825,1826,1827,1828,1829,1830,1831,1832,1833,1834,1835,1836,1837,1838,1839,1840,1841,1842,1843,1844,1845,1846,1847,1848,1849,1850,1851,1852,1853,1854,1855,1856,1857,1858,1859,1860,1861,1862,1863,1864,1865,1866,1867,1868,1869,1870,1871,1872,1873,1874,1875,1876,1877,1878,1879,1880,1881,1882,1883,1884,1885,1886,1887,1888,1889,1890,1891,1892,1893,1894,1895,1896,1897,1898,1899,1900,1901,1902,1903,1904,1905,1906,1907,1908,1909,1910,1911,1912,1913,1914,1915,1916,1917,1918,1919,1920,1921,1922,1923,1924,1925,1926,1927,1928,1929,1930,1931,1932,1933,1934,1935,1936,1937,1938,1939,1940,1941,1942,1943,1944,1945,1946,1947,1948,1949,1950,1951,1952,1953,1954,1955,1956,1957,1958,1959,1960,1961,1962,1963,1964,1965,1966,1967,1968,1969,1970,1971,1972,1973,1974,1975,1976,1977,1978,1979,1980,1981,1982,1983,1984,1985,1986,1987,1988,1989,1990,1991,1992,1993,1994,1995,1996,1997,1998,1999,2000,2001,2002,2003,2004,2005,2006,2007,2008,2009,2010,2011,2012,2013,2014,2015,2016,2017,2018,2019,2020,2021,2022,2023,2024,2025,2026,2027,2028,2029,2030,2031,2032,2033,2034,2035,2036,2037,2038,2039,2040,2041,2042,2043,2044,2045,2046,2047,2048,2049,2050,2051,2052,2053,2054,2055,2056,2057,2058,2059,2060,2061,2062,2063,2064,2065,2066,2067,2068,2069,2070,2071,2072,2073,2074,2075,2076,2077,2078,2079,2080,2081,2082,2083,2084,2085,2086,2087,2088,2089,2090,2091,2092,2093,2094,2095,2096,2097,2098,2099,2100,2101,2102,2103,2104,2105,2106,2107,2108,2109,2110,2111,2112,2113,2114,2115,2116,2117,2118,2119,2120,2121,2122,2123,2124,2125,2126,2127,2128,2129,2130,2131,2132,2133,2134,2135,2136,2137,2138,2139,2140,2141,2142,2143,2144,2145,2146,2147,2148,2149,2150,2151,2152,2153,2154,2155,2156,2157,2158,2159,2160,2161,2162,2163,2164,2165,2166,2167,2168,2169,2170,2171,2172,2173,2174,2175,2176,2177,2178,2179,2180,2181,2182,2183,2184,2185,2186,2187,2188,2189,2190,2191,2192,2193,2194,2195,2196,2197,2198,2199,2200,2201,2202,2203,2204,2205,2206,2207,2208,2209,2210,2211,2212,2213,2214,2215,2216,2217,2218,2219,2220,2221,2222,2223,2224,2225,2226,2227,2228,2229,2230,2231,2232,2233,2234,2235,2236,2237,2238,2239,2240,2241,2242,2243,2244,2245,2246,2247,2248,2249,2250,2251,2252,2253,2254,2255,2256,2257,2258,2259,2260,2261,2262,2263,2264,2265,2266,2267,2268,2269,2270,2271,2272,2273,2274,2275,2276,2277,2278,2279,2280,2281,2282,2283,2284,2285,2286,2287,2288,2289,2290,2291,2292,2293,2294,2295,2296,2297,2298,2299,2300,2301,2302,2303,2304,2305,2306,2307,2308,2309,2310,2311,2312,2313,2314,2315,2316,2317,2318,2319,2320,2321,2322,2323,2324,2325,2326,2327,2328,2329,2330,2331,2332,2333,2334,2335,2336,2337,2338,2339,2340,2341,2342,2343,2344,2345,2346,2347,2348,2349,2350,2351,2352,2353,2354,2355,2356,2357,2358,2359,2360,2361,2362,2363,2364,2365,2366,2367,2368,2369,2370,2371,2372,2373,2374,2375,2376,2377,2378,2379,2380,2381,2382,2383,2384,2385,2386,2387,2388,2389,2390,2391,2392,2393,2394,2395,2396,2397,2398,2399,2400,2401,2402,2403,2404,2405,2406,2407,2408,2409,2410,2411,2412,2413,2414,2415,2416,2417,2418,2419,2420,2421,2422,2423,2424,2425,2426,2427,2428,2429,2430,2431,2432,2433,2434,2435,2436,2437,2438,2439,2440,2441,2442,2443,2444,2445,2446,2447,2448,2449,2450,2451,2452,2453,2454,2455,2456,2457,2458,2459,2460,2461,2462,2463,2464,2465,2466,2467,2468,2469,2470,2471,2472,2473,2474,2475,2476,2477,2478,2479,2480,2481,2482,2483,2484,2485,2486,2487,2488,2489,2490,2491,2492,2493,2494,2495,2496,2497,2498,2499,2500,2501,2502,2503,2504,2505,2506,2507,2508,2509,2510,2511,2512,2513,2514,2515,2516,2517,2518,2519,2520,2521,2522,2523,2524,2525,2526,2527,2528,2529,2530,2531,2532,2533,2534,2535,2536,2537,2538,2539,2540,2541,2542,2543,2544,2545,2546,2547,2548,2549,2550,2551,2552,2553,2554,2555,2556,2557,2558,2559,2560,2561,2562,2563,2564,2565,2566,2567,2568,2569,2570,2571,2572,2573,2574,2575,2576,2577,2578,2579,2580,2581,2582,2583,2584,2585,2586,2587,2588,2589,2590,2591,2592,2593,2594,2595,2596,2597,2598,2599,2600,2601,2602,2603,2604,2605,2606,2607,2608,2609,2610,2611,2612,2613,2614,2615,2616,2617,2618,2619,2620,2621,2622,2623,2624,2625,2626,2627,2628,2629,2630,2631,2632,2633,2634,2635,2636,2637,2638,2639,2640,2641,2642,2643,2644,2645,2646,2647,2648,2649,2650,2651,2652,2653,2654,2655,2656,2657,2658,2659,2660,2661,2662,2663,2664,2665,2666,2667,2668,2669,2670,2671,2672,2673,2674,2675,2676,2677,2678,2679,2680,2681,2682,2683,2684,2685,2686,2687,2688,2689,2690,2691,2692,2693,2694,2695,2696,2697,2698,2699,2700,2701,2702,2703,2704,2705,2706,2707,2708,2709,2710,2711,2712,2713,2714,2715,2716,2717,2718,2719,2720,2721,2722,2723,2724,2725,2726,2727,2728,2729,2730,2731,2732,2733,2734,2735,2736,2737,2738,2739,2740,2741,2742,2743,2744,2745,2746,2747,2748,2749,2750,2751,2752,2753,2754,2755,2756,2757,2758,2759,2760,2761,2762,2763,2764,2765,2766,2767,2768,2769,2770,2771,2772,2773,2774,2775,2776,2777,2778,2779,2780,2781,2782,2783,2784,2785,2786,2787,2788,2789,2790,2791,2792,2793,2794,2795,2796,2797,2798,2799,2800,2801,2802,2803,2804,2805,2806,2807,2808,2809,2810,2811,2812,2813,2814,2815,2816,2817,2818,2819,2820,2821,2822,2823,2824,2825,2826,2827,2828,2829,2830,2831,2832,2833,2834,2835,2836,2837,2838,2839,2840,2841,2842,2843,2844,2845,2846,2847,2848,2849,2850,2851,2852,2853,2854,2855,2856,2857,2858,2859,2860,2861,2862,2863,2864,2865,2866,2867,2868,2869,2870,2871,2872,2873,2874,2875,2876,2877,2878,2879,2880,2881,2882,2883,2884,2885,2886,2887,2888,2889,2890,2891,2892,2893,2894,2895,2896,2897,2898,2899,2900,2901,2902,2903,2904,2905,2906,2907,2908,2909,2910,2911,2912,2913,2914,2915,2916,2917,2918,2919,2920
Tax1,0.0,-0.2945067,-0.27009302,-0.24089184,-0.20836568,-0.17378782,-0.13812189,-0.10211123,-0.06634305,-0.031262264,0.0027214505,0.0353379,0.06630544,0.09547983,0.122684665,0.14764053,0.17009544,0.19027187,0.20816779,0.2288163,0.24795024,0.2628722,0.2778725,0.2909273,0.29552907,0.30816358,0.32097527,0.3269448,0.33493286,0.3443443,0.34885994,0.35587135,0.3609468,0.38041392,0.38325295,0.39754212,0.41052607,0.42126423,0.41267234,0.4100399,0.41902936,0.42218104,0.43814576,0.45852685,0.45843223,0.47399107,0.48999524,0.47887236,0.46573246,0.4638496,0.46132845,0.45927632,0.45788354,0.4509032,0.4439381,0.4109749,0.41274416,0.39488205,0.3756471,0.35033268,0.30205774,0.28383958,0.27018762,0.2408316,0.24222489,0.2453811,0.06969077,0.08173258,0.27152184,0.28668213,0.29084918,0.29200584,0.2931248,0.10975204,0.29888853,0.10661435,0.11210895,0.120938,0.12842175,0.13130534,0.14118925,0.14357013,0.14314988,0.14818771,0.16095115,0.17116679,0.3958093,0.38939023,0.40819472,0.4034389,0.4282997,0.42138654,0.43372336,0.43723047,0.41068956,0.40053102,0.41271597,0.39628282,0.37325504,0.3756395,0.37872595,0.36980245,0.35907853,0.3639602,0.361185,0.35003126,0.35309133,0.3342602,0.369948,0.35551363,0.33970413,0.3356821,0.33851045,0.32835108,0.30090058,0.10741913,0.107876845,0.12005601,0.110734545,0.110745,0.0984449,0.103637785,0.09443769,0.0850002,0.0866126,0.085679635,0.07802365,0.061035458,0.059683107,0.04516228,0.032239396,0.0261243,0.019215785,0.0072559565,-0.0029552549,-0.010971595,-0.021472387,-0.032405734,-0.047163107,-0.055962995,-0.06933198,-0.08313368,-0.09297519,-0.104397595,-0.10312696,-0.109071255,-0.109708,-0.1156081,-0.12181608,-0.13018243,-0.12605757,-0.124624155,-0.11318769,-0.09854728,-0.086799845,-0.07348521,-0.0621017,-0.05406219,-0.05036961,-0.048313443,-0.046504334,-0.044329908,-0.044314843,-0.04616399,-0.047720373,-0.048272923,-0.047028553,-0.040843822,-0.03859808,-0.037287805,-0.033382308,-0.0311037,-0.029494371,-0.030351847,-0.023561431,-0.019237105,-0.021386446,-0.022340657,-0.020411622,-0.01381875,-0.01199918,-0.013446841,-0.020240169,-0.029557344,-0.03577135,-0.039265975,-0.040812578,-0.044624027,-0.04707225,-0.050122187,-0.05282448,-0.055430412,-0.057105355,-0.05377493,-0.052507367,-0.053547323,-0.054962195,-0.05622372,-0.05451225,-0.0523222,-0.05330109,-0.0509952,-0.044594344,-0.045021962,-0.045927316,-0.04683486,-0.03851503,-0.038851485,-0.03913462,-0.03945215,-0.033654027,-0.030696902,-0.03071063,-0.03063435,-0.030615222,-0.026296664,-0.026326811,-0.022181483,-0.02220767,-0.018657021,-0.018639091,-0.01860197,-0.018577896,-0.018558834,-0.018538782,-0.01850424,-0.018452544,-0.018413238,-0.018360566,-0.018286884,-0.018185122,-0.01813059,-0.014716639,-0.011567398,-0.011537004,-0.011501238,-0.0074161775,-0.007392157,-0.0073692356,-0.0073468564,-0.0027219981,-0.0027129059,-0.0027055528,-0.002700766,-0.002693186,0.0,0.0,0.0,0.0,0.0,0.0,0.0,0.0,0.0,0.0,0.0,0.0,0.0,0.0,0.0,0.0,0.0,0.0,0.0,0.0,0.0,0.0,0.0,0.0,0.0,0.0,0.0,0.0,0.0,0.0,0.0,0.0,0.0,0.0,0.0,0.0,0.0,0.0,0.0,0.0,0.0,0.0,0.0,0.0,0.0,0.0,0.0,0.0,0.0,0.0,0.0,0.0,0.0,0.0,0.0,0.0,0.0,0.0,0.0,0.0,0.0,0.0,0.0,0.0,0.0,0.0,0.0,0.0,0.0,0.0,0.0,0.0,0.0,0.0,0.0,0.0,0.0,0.0,0.0,0.0,0.0,0.0,0.0,0.0,0.0,0.0,0.0,0.0,0.0,0.0,0.0,0.0,0.0,0.0,0.0,0.0,0.0,0.0,0.0,0.0,0.0,0.0,0.0,0.0,0.0,0.0,0.0,0.0,0.0,0.0,0.0,0.0,0.0,0.0,0.0,0.0,0.0,0.0,0.0,0.0,0.0,0.0,0.0,0.0,0.0,0.0,0.0,0.0,0.0,0.0,0.0,0.0,0.0,0.0,0.0,0.0,0.0,0.0,0.0,0.0,0.0,0.0,0.0,0.0,0.0,0.0,0.0,0.0,0.0,0.0,0.0,0.0,0.0,0.0,0.0,0.0,0.0,0.0,0.0,0.0,0.0,0.0,0.0,0.0,0.0,0.0,0.0,0.0,0.0,0.0,0.0,0.0,0.0,0.0,0.0,0.0,0.0,0.0,0.0,0.0,0.0,0.0,0.0,0.0,0.0,0.0,0.0,0.0,0.0,0.0,0.0,0.0,0.0,0.0,0.0,0.0,0.0,0.0,0.0,0.0,0.0,0.0,0.0,0.0,0.0,0.0,0.0,0.0,0.0,0.0,0.0,0.0,0.0,0.0,0.0,0.0,0.0,0.0,0.0,0.0,0.0,0.0,0.0,0.0,0.0,0.0,0.0,0.0,0.0,0.0,0.0,0.0,0.0,0.0,0.0,0.0,0.0,0.0,0.0,0.0,0.0,0.0,0.0,0.0,0.0,0.0,0.0,0.0,0.0,0.0,0.0,0.0,0.0,0.0,0.0,0.0,0.0,0.0,0.0,0.0,0.0,0.0,0.0,0.0,0.0,0.0,0.0,0.0,0.0,0.0,0.0,0.0,0.0,0.0,0.0,0.0,0.0,0.0,0.0,0.0,0.0,0.0,0.0,0.0,0.0,0.0,0.0,0.0,0.0,0.0,0.0,0.0,0.0,0.0,0.0,0.0,0.0,0.0,0.0,0.0,0.0,0.0,0.0,0.0,0.0,0.0,0.0,0.0,0.0,0.0,0.0,0.0,0.0,0.0,0.0,0.0,0.0,0.0,0.0,0.0,0.0,0.0,0.0,0.0,0.0,0.0,0.0,0.0,0.0,0.0,0.0,0.0,0.0,0.0,0.0,0.0,0.0,0.0,0.0,0.0,0.0,0.0,0.0,0.0,0.0,0.0,0.0,0.0,0.0,0.0,0.0,0.0,0.0,0.0,0.0,0.0,0.0,0.0,0.0,0.0,0.0,0.0,0.0,0.0,0.0,0.0,0.0,0.0,0.0,0.0,0.0,0.0,0.0,0.0,0.0,0.0,0.0,0.0,0.0,0.0,0.0,0.0,0.0,0.0,0.0,0.0,0.0,0.0,0.0,0.0,0.0,0.0,0.0,0.0,0.0,0.0,0.0,0.0,0.0,0.0,0.0,0.0,0.0,0.0,0.0,0.0,0.0,0.0,0.0,0.0,0.0,0.0,0.0,0.0,0.0,0.0,0.0,0.0,0.0,0.0,0.0,0.0,0.0,0.0,0.0,0.0,0.0,0.0,0.0,0.0,0.0,0.0,0.0,0.0,0.0,0.0,0.0,0.0,0.0,0.0,0.0,0.0,0.0,0.0,0.0,0.0,0.0,0.0,0.0,0.0,0.0,0.0,0.0,0.0,0.0,0.0,0.0,0.0,0.0,0.0,0.0,0.0,0.0,0.0,0.0,0.0,0.0,0.0,0.0,0.0,0.0,0.0,0.0,0.0,0.0,0.0,0.0,0.0,0.0,0.0,0.0,0.0,0.0,0.0,0.0,0.0,0.0,0.0,0.0,0.0,0.0,0.0,0.0,0.0,0.0,0.0,0.0,0.0,0.0,0.0,0.0,0.0,0.0,0.0,0.0,0.0,0.0,0.0,0.0,0.0,0.0,0.0,0.0,0.0,0.0,0.0,0.0,0.0,0.0,0.0,0.0,0.0,0.0,0.0,0.0,0.0,0.0,0.0,0.0,0.0,0.0,0.0,0.0,0.0,0.0,0.0,0.0,0.0,0.0,0.0,0.0,0.0,0.0,0.0,0.0,0.0,0.0,0.0,0.0,0.0,0.0,0.0,0.0,0.0,0.0,0.0,0.0,0.0,0.0,0.0,0.0,0.0,0.0,0.0,0.0,0.0,0.0,0.0,0.0,0.0,0.0,0.0,0.0,0.0,0.0,0.0,0.0,0.0,0.0,0.0,0.0,0.0,0.0,0.0,0.0,0.0,0.0,0.0,0.0,0.0,0.0,0.0,0.0,0.0,0.0,0.0,0.0,0.0,0.0,0.0,0.0,0.0,0.0,0.0,0.0,0.0,0.0,0.0,0.0,0.0,0.0,0.0,0.0,0.0,0.0,0.0,0.0,0.0,0.0,0.0,0.0,0.0,0.0,0.0,0.0,0.0,0.0,0.0,0.0,0.0,0.0,0.0,0.0,0.0,0.0,0.0,0.0,0.0,0.0,0.0,0.0,0.0,0.0,0.0,0.0,0.0,0.0,0.0,0.0,0.0,0.0,0.0,0.0,0.0,0.0,0.0,0.0,0.0,0.0,0.0,0.0,0.0,0.0,0.0,0.0,0.0,0.0,0.0,0.0,0.0,0.0,0.0,0.0,0.0,0.0,0.0,0.0,0.0,0.0,0.0,0.0,0.0,0.0,0.0,0.0,0.0,0.0,0.0,0.0,0.0,0.0,0.0,0.0,0.0,0.0,0.0,0.0,0.0,0.0,0.0,0.0,0.0,0.0,0.0,0.0,0.0,0.0,0.0,0.0,0.0,0.0,0.0,0.0,0.0,0.0,0.0,0.0,0.0,0.0,0.0,0.0,0.0,0.0,0.0,0.0,0.0,0.0,0.0,0.0,0.0,0.0,0.0,0.0,0.0,0.0,0.0,0.0,0.0,0.0,0.0,0.0,0.0,0.0,0.0,0.0,0.0,0.0,0.0,0.0,0.0,0.0,0.0,0.0,0.0,0.0,0.0,0.0,0.0,0.0,0.0,0.0,0.0,0.0,0.0,0.0,0.0,0.0,0.0,0.0,0.0,0.0,0.0,0.0,0.0,0.0,0.0,0.0,0.0,0.0,0.0,0.0,0.0,0.0,0.0,0.0,0.0,0.0,0.0,0.0,0.0,0.0,0.0,0.0,0.0,0.0,0.0,0.0,0.0,0.0,0.0,0.0,0.0,0.0,0.0,0.0,0.0,0.0,0.0,0.0,0.0,0.0,0.0,0.0,0.0,0.0,0.0,0.0,0.0,0.0,0.0,0.0,0.0,0.0,0.0,0.0,0.0,0.0,0.0,0.0,0.0,0.0,0.0,0.0,0.0,0.0,0.0,0.0,0.0,0.0,0.0,0.0,0.0,0.0,0.0,0.0,0.0,0.0,0.0,0.0,0.0,0.0,0.0,0.0,0.0,0.0,0.0,0.0,0.0,0.0,0.0,0.0,0.0,0.0,0.0,0.0,0.0,0.0,0.0,0.0,0.0,0.0,0.0,0.0,0.0,0.0,0.0,0.0,0.0,0.0,0.0,0.0,0.0,0.0,0.0,0.0,0.0,0.0,0.0,0.0,0.0,0.0,0.0,0.0,0.0,0.0,0.0,0.0,0.0,0.0,0.0,0.0,0.0,0.0,0.0,0.0,0.0,0.0,0.0,0.0,0.0,0.0,0.0,0.0,0.0,0.0,0.0,0.0,0.0,0.0,0.0,0.0,0.0,0.0,0.0,0.0,0.0,0.0,0.0,0.0,0.0,0.0,0.0,0.0,0.0,0.0,0.0,0.0,0.0,0.0,0.0,0.0,0.0,0.0,0.0,0.0,0.0,0.0,0.0,0.0,0.0,0.0,0.0,0.0,0.0,0.0,0.0,0.0,0.0,0.0,0.0,0.0,0.0,0.0,0.0,0.0,0.0,0.0,0.0,0.0,0.0,0.0,0.0,0.0,0.0,0.0,0.0,0.0,0.0,0.0,0.0,0.0,0.0,0.0,0.0,0.0,0.0,0.0,0.0,0.0,0.0,0.0,0.0,0.0,0.0,0.0,0.0,0.0,0.0,0.0,0.0,0.0,0.0,0.0,0.0,0.0,0.0,0.0,0.0,0.0,0.0,0.0,0.0,0.0,0.0,0.0,0.0,0.0,0.0,0.0,0.0,0.0,0.0,0.0,0.0,0.0,0.0,0.0,0.0,0.0,0.0,0.0,0.0,0.0,0.0,0.0,0.0,0.0,0.0,0.0,0.0,0.0,0.0,0.0,0.0,0.0,0.0,0.0,0.0,0.0,0.0,0.0,0.0,0.0,0.0,0.0,0.0,0.0,0.0,0.0,0.0,0.0,0.0,0.0,0.0,0.0,0.0,0.0,0.0,0.0,0.0,0.0,0.0,0.0,0.0,0.0,0.0,0.0,0.0,0.0,0.0,0.0,0.0,0.0,0.0,0.0,0.0,0.0,0.0,0.0,0.0,0.0,0.0,0.0,0.0,0.0,0.0,0.0,0.0,0.0,0.0,0.0,0.0,0.0,0.0,0.0,0.0,0.0,0.0,0.0,0.0,0.0,0.0,0.0,0.0,0.0,0.0,0.0,0.0,0.0,0.0,0.0,0.0,0.0,0.0,0.0,0.0,0.0,0.0,0.0,0.0,0.0,0.0,0.0,0.0,0.0,0.0,0.0,0.0,0.0,0.0,0.0,0.0,0.0,0.0,0.0,0.0,0.0,0.0,0.0,0.0,0.0,0.0,0.0,0.0,0.0,0.0,0.0,0.0,0.0,0.0,0.0,0.0,0.0,0.0,0.0,0.0,0.0,0.0,0.0,0.0,0.0,0.0,0.0,0.0,0.0,0.0,0.0,0.0,0.0,0.0,0.0,0.0,0.0,0.0,0.0,0.0,0.0,0.0,0.0,0.0,0.0,0.0,0.0,0.0,0.0,0.0,0.0,0.0,0.0,0.0,0.0,0.0,0.0,0.0,0.0,0.0,0.0,0.0,0.0,0.0,0.0,0.0,0.0,0.0,0.0,0.0,0.0,0.0,0.0,0.0,0.0,0.0,0.0,0.0,0.0,0.0,0.0,0.0,0.0,0.0,0.0,0.0,0.0,0.0,0.0,0.0,0.0,0.0,0.0,0.0,0.0,0.0,0.0,0.0,0.0,0.0,0.0,0.0,0.0,0.0,0.0,0.0,0.0,0.0,0.0,0.0,0.0,0.0,0.0,0.0,0.0,0.0,0.0,0.0,0.0,0.0,0.0,0.0,0.0,0.0,0.0,0.0,0.0,0.0,0.0,0.0,0.0,0.0,0.0,0.0,0.0,0.0,0.0,0.0,0.0,0.0,0.0,0.0,0.0,0.0,0.0,0.0,0.0,0.0,0.0,0.0,0.0,0.0,0.0,0.0,0.0,0.0,0.0,0.0,0.0,0.0,0.0,0.0,0.0,0.0,0.0,0.0,0.0,0.0,0.0,0.0,0.0,0.0,0.0,0.0,0.0,0.0,0.0,0.0,0.0,0.0,0.0,0.0,0.0,0.0,0.0,0.0,0.0,0.0,0.0,0.0,0.0,0.0,0.0,0.0,0.0,0.0,0.0,0.0,0.0,0.0,0.0,0.0,0.0,0.0,0.0,0.0,0.0,0.0,0.0,0.0,0.0,0.0,0.0,0.0,0.0,0.0,0.0,0.0,0.0,0.0,0.0,0.0,0.0,0.0,0.0,0.0,0.0,0.0,0.0,0.0,0.0,0.0,0.0,0.0,0.0,0.0,0.0,0.0,0.0,0.0,0.0,0.0,0.0,0.0,0.0,0.0,0.0,0.0,0.0,0.0,0.0,0.0,0.0,0.0,0.0,0.0,0.0,0.0,0.0,0.0,0.0,0.0,0.0,0.0,0.0,0.0,0.0,0.0,0.0,0.0,0.0,0.0,0.0,0.0,0.0,0.0,0.0,0.0,0.0,0.0,0.0,0.0,0.0,0.0,0.0,0.0,0.0,0.0,0.0,0.0,0.0,0.0,0.0,0.0,0.0,0.0,0.0,0.0,0.0,0.0,0.0,0.0,0.0,0.0,0.0,0.0,0.0,0.0,0.0,0.0,0.0,0.0,0.0,0.0,0.0,0.0,0.0,0.0,0.0,0.0,0.0,0.0,0.0,0.0,0.0,0.0,0.0,0.0,0.0,0.0,0.0,0.0,0.0,0.0,0.0,0.0,0.0,0.0,0.0,0.0,0.0,0.0,0.0,0.0,0.0,0.0,0.0,0.0,0.0,0.0,0.0,0.0,0.0,0.0,0.0,0.0,0.0,0.0,0.0,0.0,0.0,0.0,0.0,0.0,0.0,0.0,0.0,0.0,0.0,0.0,0.0,0.0,0.0,0.0,0.0,0.0,0.0,0.0,0.0,0.0,0.0,0.0,0.0,0.0,0.0,0.0,0.0,0.0,0.0,0.0,0.0,0.0,0.0,0.0,0.0,0.0,0.0,0.0,0.0,0.0,0.0,0.0,0.0,0.0,0.0,0.0,0.0,0.0,0.0,0.0,0.0,0.0,0.0,0.0,0.0,0.0,0.0,0.0,0.0,0.0,0.0,0.0,0.0,0.0,0.0,0.0,0.0,0.0,0.0,0.0,0.0,0.0,0.0,0.0,0.0,0.0,0.0,0.0,0.0,0.0,0.0,0.0,0.0,0.0,0.0,0.0,0.0,0.0,0.0,0.0,0.0,0.0,0.0,0.0,0.0,0.0,0.0,0.0,0.0,0.0,0.0,0.0,0.0,0.0,0.0,0.0,0.0,0.0,0.0,0.0,0.0,0.0,0.0,0.0,0.0,0.0,0.0,0.0,0.0,0.0,0.0,0.0,0.0,0.0,0.0,0.0,0.0,0.0,0.0,0.0,0.0,0.0,0.0,0.0,0.0,0.0,0.0,0.0,0.0,0.0,0.0,0.0,0.0,0.0,0.0,0.0,0.0,0.0,0.0,0.0,0.0,0.0,0.0,0.0,0.0,0.0,0.0,0.0,0.0,0.0,0.0,0.0,0.0,0.0,0.0,0.0,0.0,0.0,0.0,0.0,0.0,0.0,0.0,0.0,0.0,0.0,0.0,0.0,0.0,0.0,0.0,0.0,0.0,0.0,0.0,0.0,0.0,0.0,0.0,0.0,0.0,0.0,0.0,0.0,0.0,0.0,0.0,0.0,0.0,0.0,0.0,0.0,0.0,0.0,0.0,0.0,0.0,0.0,0.0,0.0,0.0,0.0,0.0,0.0,0.0,0.0,0.0,0.0,0.0,0.0,0.0,0.0,0.0,0.0,0.0,0.0,0.0,0.0,0.0,0.0,0.0,0.0,0.0,0.0,0.0,0.0,0.0,0.0,0.0,0.0,0.0,0.0,0.0,0.0,0.0,0.0,0.0,0.0,0.0,0.0,0.0,0.0,0.0,0.0,0.0,0.0,0.0,0.0,0.0,0.0,0.0,0.0,0.0,0.0,0.0,0.0,0.0,0.0,0.0,0.0,0.0,0.0,0.0,0.0,0.0,0.0,0.0,0.0,0.0,0.0,0.0,0.0,0.0,0.0,0.0,0.0,0.0,0.0,0.0,0.0,0.0,0.0,0.0,0.0,0.0,0.0,0.0,0.0,0.0,0.0,0.0,0.0,0.0,0.0,0.0,0.0,0.0,0.0,0.0,0.0,0.0,0.0,0.0,0.0,0.0,0.0,0.0,0.0,0.0,0.0,0.0,0.0,0.0,0.0,0.0,0.0,0.0,0.0,0.0,0.0,0.0,0.0,0.0,0.0,0.0,0.0,0.0,0.0,0.0,0.0,0.0,0.0,0.0,0.0,0.0,0.0,0.0,0.0,0.0,0.0,0.0,0.0,0.0,0.0,0.0,0.0,0.0,0.0,0.0,0.0,0.0,0.0,0.0,0.0,0.0,0.0,0.0,0.0,0.0,0.0,0.0,0.0,0.0,0.0,0.0,0.0,0.0,0.0,0.0,0.0,0.0,0.0,0.0,0.0,0.0,0.0,0.0,0.0,0.0,0.0,0.0,0.0,0.0,0.0,0.0,0.0,0.0,0.0,0.0,0.0,0.0,0.0,0.0,0.0,0.0,0.0,0.0,0.0,0.0,0.0,0.0,0.0,0.0,0.0,0.0,0.0,0.0,0.0,0.0,0.0,0.0,0.0,0.0,0.0,0.0,0.0,0.0,0.0,0.0,0.0,0.0,0.0,0.0,0.0,0.0,0.0,0.0,0.0,0.0,0.0,0.0,0.0,0.0,0.0,0.0,0.0,0.0,0.0,0.0,0.0,0.0,0.0,0.0,0.0,0.0,0.0,0.0,0.0,0.0,0.0,0.0,0.0,0.0,0.0,0.0,0.0,0.0,0.0,0.0,0.0,0.0,0.0,0.0,0.0,0.0,0.0,0.0,0.0,0.0,0.0,0.0,0.0,0.0,0.0,0.0,0.0,0.0,0.0,0.0,0.0,0.0,0.0,0.0,0.0,0.0,0.0,0.0,0.0,0.0,0.0,0.0,0.0,0.0,0.0,0.0,0.0,0.0,0.0,0.0,0.0,0.0,0.0,0.0,0.0,0.0,0.0,0.0,0.0,0.0,0.0,0.0,0.0,0.0,0.0,0.0,0.0,0.0,0.0,0.0,0.0,0.0,0.0,0.0,0.0,0.0,0.0,0.0,0.0,0.0,0.0,0.0,0.0,0.0,0.0,0.0,0.0,0.0,0.0,0.0,0.0,0.0,0.0,0.0,0.0,0.0,0.0,0.0,0.0,0.0,0.0,0.0,0.0,0.0,0.0,0.0,0.0,0.0,0.0,0.0,0.0,0.0,0.0,0.0,0.0,0.0,0.0,0.0,0.0,0.0,0.0,0.0,0.0,0.0,0.0,0.0,0.0,0.0,0.0,0.0,0.0,0.0,0.0,0.0,0.0,0.0,0.0,0.0,0.0,0.0,0.0,0.0,0.0,0.0,0.0,0.0,0.0,0.0,0.0,0.0,0.0,0.0,0.0,0.0,0.0,0.0,0.0,0.0,0.0,0.0,0.0,0.0,0.0,0.0,0.0,0.0,0.0,0.0,0.0,0.0,0.0,0.0,0.0,0.0,0.0,0.0,0.0,0.0,0.0,0.0,0.0,0.0,0.0,0.0,0.0,0.0,0.0,0.0,0.0,0.0,0.0,0.0,0.0,0.0,0.0,0.0,0.0,0.0,0.0,0.0,0.0,0.0,0.0,0.0,0.0,0.0,0.0,0.0,0.0,0.0,0.0,0.0,0.0,0.0,0.0,0.0,0.0,0.0,0.0,0.0,0.0,0.0,0.0,0.0,0.0,0.0,0.0,0.0,0.0,0.0,0.0,0.0,0.0,0.0,0.0,0.0,0.0,0.0,0.0,0.0,0.0,0.0,0.0,0.0,0.0,0.0,0.0,0.0,0.0,0.0,0.0,0.0,0.0,0.0,0.0,0.0,0.0,0.0,0.0,0.0,0.0,0.0,0.0,0.0,0.0,0.0,0.0,0.0,0.0,0.0,0.0,0.0,0.0,0.0,0.0,0.0,0.0,0.0,0.0,0.0,0.0,0.0,0.0,0.0,0.0,0.0,0.0,0.0,0.0,0.0,0.0,0.0,0.0,0.0,0.0,0.0,0.0,0.0,0.0,0.0,0.0,0.0,0.0,0.0,0.0,0.0,0.0,0.0,0.0,0.0,0.0,0.0,0.0,0.0,0.0,0.0,0.0,0.0,0.0,0.0,0.0,0.0,0.0,0.0,0.0,0.0,0.0,0.0,0.0,0.0,0.0,0.0,0.0,0.0,0.0,0.0,0.0,0.0,0.0,0.0,0.0,0.0,0.0,0.0,0.0,0.0,0.0,0.0,0.0,0.0,0.0,0.0,0.0,0.0,0.0,0.0,0.0,0.0,0.0,0.0,0.0,0.0,0.0,0.0,0.0,0.0,0.0,0.0,0.0,0.0,0.0,0.0,0.0,0.0,0.0,0.0,0.0,0.0,0.0,0.0,0.0,0.0,0.0,0.0,0.0,0.0,0.0,0.0,0.0,0.0,0.0,0.0,0.0,0.0,0.0,0.0,0.0,0.0,0.0,0.0,0.0,0.0,0.0,0.0,0.0,0.0,0.0,0.0,0.0,0.0,0.0,0.0,0.0,0.0,0.0,0.0,0.0,0.0,0.0,0.0,0.0,0.0,0.0,0.0,0.0,0.0,0.0,0.0,0.0,0.0,0.0,0.0,0.0,0.0,0.0,0.0,0.0,0.0,0.0,0.0,0.0,0.0,0.0,0.0,0.0,0.0,0.0,0.0,0.0,0.0,0.0,0.0,0.0,0.0,0.0,0.0,0.0,0.0,0.0,0.0,0.0,0.0,0.0,0.0,0.0,0.0,0.0,0.0,0.0,0.0,0.0,0.0,0.0,0.0,0.0,0.0,0.0,0.0,0.0,0.0,0.0,0.0,0.0,0.0,0.0,0.0,0.0,0.0,0.0,0.0,0.0,0.0,0.0,0.0,0.0,0.0,0.0,0.0,0.0,0.0,0.0,0.0,0.0,0.0,0.0,0.0,0.0,0.0,0.0,0.0,0.0,0.0,0.0,0.0,0.0,0.0,0.0,0.0,0.0,0.0,0.0,0.0,0.0,0.0,0.0,0.0,0.0,0.0,0.0,0.0,0.0,0.0,0.0,0.0,0.0,0.0,0.0,0.0,0.0,0.0,0.0,0.0,0.0,0.0,0.0,0.0,0.0,0.0,0.0,0.0,0.0,0.0,0.0,0.0,0.0,0.0,0.0,0.0,0.0,0.0,0.0,0.0,0.0,0.0,0.0,0.0,0.0,0.0,0.0,0.0,0.0,0.0,0.0,0.0,0.0,0.0,0.0,0.0,0.0,0.0,0.0,0.0,0.0,0.0,0.0,0.0,0.0,0.0,0.0,0.0,0.0,0.0,0.0,0.0,0.0,0.0,0.0,0.0,0.0,0.0,0.0,0.0,0.0,0.0,0.0,0.0,0.0,0.0,0.0,0.0,0.0,0.0,0.0,0.0,0.0,0.0,0.0,0.0,0.0,0.0,0.0,0.0,0.0,0.0,0.0,0.0,0.0,0.0,0.0,0.0,0.0,0.0,0.0,0.0,0.0,0.0,0.0,0.0,0.0,0.0,0.0,0.0,0.0,0.0,0.0,0.0,0.0,0.0,0.0,0.0,0.0,0.0,0.0,0.0,0.0,0.0,0.0,0.0,0.0,0.0,0.0,0.0,0.0,0.0,0.0,0.0,0.0,0.0,0.0,0.0,0.0,0.0,0.0,0.0,0.0,0.0,0.0,0.0,0.0,0.0,0.0,0.0,0.0,0.0,0.0,0.0,0.0,0.0,0.0,0.0,0.0,0.0,0.0,0.0,0.0,0.0,0.0,0.0,0.0,0.0,0.0,0.0,0.0,0.0,0.0,0.0,0.0,0.0,0.0,0.0,0.0
Tax2,0.0,-0.9184163,-0.86127573,-0.79357576,-0.7191715,-0.64087164,-0.56074256,-0.48034844,-0.40090623,-0.32329634,-0.24838237,-0.17664692,-0.10866275,-0.044603545,0.01541887,0.07077265,0.12142381,0.16719887,0.20655076,0.25221866,0.2858929,0.31848955,0.34523147,0.37508935,0.39700553,0.43205366,0.45749605,0.48144007,0.49667704,0.52583414,0.5451906,0.5524714,0.5883774,0.61683923,0.63927615,0.64136577,0.6568526,0.6941004,0.6966147,0.72702485,0.7369284,0.75517476,0.7776007,0.834317,0.80899197,0.8713281,0.9320122,0.9123097,0.91431504,0.9360845,0.9780954,0.9187127,0.9375537,0.929531,0.94791955,0.91416025,0.9053216,0.89060163,0.8182281,0.7831058,0.6919035,0.6489119,0.58777344,0.47597638,0.4859115,0.50200176,-0.12928663,-0.10242558,0.56161946,0.5996515,0.6052232,0.6211231,0.5911559,-0.07969224,0.6007879,-0.06911704,-0.0660531,-0.039187014,-0.004355788,-0.011073795,-0.0037424876,0.008005273,0.02001172,0.016777955,0.03300003,0.07391935,0.82853687,0.830186,0.87177444,0.8405047,0.8507668,0.85948646,0.90414673,0.8610101,0.82347584,0.77100784,0.7268642,0.7115458,0.650093,0.6015094,0.630611,0.608013,0.6086954,0.57500225,0.5069132,0.53052694,0.45654172,0.45449385,0.43508393,0.4256681,0.39277372,0.37773448,0.30341777,0.28554422,0.24942529,-0.3177629,-0.323883,-0.31091008,-0.33962575,-0.35275102,-0.3652485,-0.38556105,-0.39299667,-0.41143918,-0.4303012,-0.45218834,-0.46480846,-0.48136452,-0.4997222,-0.53069144,-0.5458902,-0.567883,-0.56875104,-0.58666044,-0.60876554,-0.6312561,-0.6441606,-0.6735183,-0.68958384,-0.7067778,-0.69869405,-0.72129256,-0.72299516,-0.72534955,-0.7075922,-0.70600116,-0.6808997,-0.6808779,-0.66946036,-0.6660352,-0.66327757,-0.6535206,-0.63118565,-0.60553133,-0.5755661,-0.5465969,-0.5342172,-0.5068225,-0.49338624,-0.48955753,-0.48624536,-0.4726628,-0.45459217,-0.4556023,-0.4344212,-0.42059076,-0.41737425,-0.4007837,-0.39948937,-0.3853989,-0.3708691,-0.36687377,-0.3592565,-0.33658278,-0.3113186,-0.29467228,-0.29652864,-0.2972428,-0.2950361,-0.2819523,-0.27367586,-0.2700564,-0.2699875,-0.2778997,-0.2829745,-0.28669554,-0.28075773,-0.2832384,-0.27069423,-0.27205512,-0.27302778,-0.26794383,-0.25501743,-0.24936165,-0.23733684,-0.23662177,-0.23085974,-0.22391614,-0.22297177,-0.2220255,-0.21220869,-0.1990916,-0.19231729,-0.17872529,-0.17837225,-0.1732468,-0.17248869,-0.15746842,-0.1386137,-0.13094755,-0.12581213,-0.124984376,-0.12401143,-0.11561293,-0.10993265,-0.10910912,-0.108284645,-0.09930305,-0.09200856,-0.0861269,-0.085419156,-0.08010055,-0.06876549,-0.060133796,-0.053682655,-0.04740579,-0.04698924,-0.046586003,-0.046175774,-0.04575285,-0.038849115,-0.03850537,-0.03818218,-0.03785508,-0.03752424,-0.037190855,-0.030601984,-0.026537392,-0.026301475,-0.026068198,-0.025834985,-0.02560373,-0.021968555,-0.021782655,-0.021591162,-0.021397498,-0.015547523,-0.00985692,-0.003836521,-0.0038022103,-0.0037678326,-0.003734157,-0.0037010233,-0.0036676915,-0.0036344316,-0.003602401,-0.003571354,-0.0035406162,-0.0035100416,-0.0034802395,-0.0034508605,-0.003419698,-0.0033879222,-0.0033567525,-0.0033265979,-0.0032958523,-0.0032661792,-0.0032377248,-0.0032097998,-0.0031815635,-0.0031526815,-0.0031232885,-0.0030951109,-0.0030671107,-0.0030393174,-0.003011722,-0.0029837466,-0.0029557496,-0.0029278602,-0.0029008114,-0.002874103,-0.0028479537,-0.0028211088,-0.00279451,-0.00276782,-0.0027404872,-0.0027131434,-0.0026855785,-0.0026591525,-0.0026325241,-0.0026074836,-0.0025834697,0.0,0.0,0.0,0.0,0.0,0.0,0.0,0.0,0.0,0.0,0.0,0.0,0.0,0.0,0.0,0.0,0.0,0.0,0.0,0.0,0.0,0.0,0.0,0.0,0.0,0.0,0.0,0.0,0.0,0.0,0.0,0.0,0.0,0.0,0.0,0.0,0.0,0.0,0.0,0.0,0.0,0.0,0.0,0.0,0.0,0.0,0.0,0.0,0.0,0.0,0.0,0.0,0.0,0.0,0.0,0.0,0.0,0.0,0.0,0.0,0.0,0.0,0.0,0.0,0.0,0.0,0.0,0.0,0.0,0.0,0.0,0.0,0.0,0.0,0.0,0.0,0.0,0.0,0.0,0.0,0.0,0.0,0.0,0.0,0.0,0.0,0.0,0.0,0.0,0.0,0.0,0.0,0.0,0.0,0.0,0.0,0.0,0.0,0.0,0.0,0.0,0.0,0.0,0.0,0.0,0.0,0.0,0.0,0.0,0.0,0.0,0.0,0.0,0.0,0.0,0.0,0.0,0.0,0.0,0.0,0.0,0.0,0.0,0.0,0.0,0.0,0.0,0.0,0.0,0.0,0.0,0.0,0.0,0.0,0.0,0.0,0.0,0.0,0.0,0.0,0.0,0.0,0.0,0.0,0.0,0.0,0.0,0.0,0.0,0.0,0.0,0.0,0.0,0.0,0.0,0.0,0.0,0.0,0.0,0.0,0.0,0.0,0.0,0.0,0.0,0.0,0.0,0.0,0.0,0.0,0.0,0.0,0.0,0.0,0.0,0.0,0.0,0.0,0.0,0.0,0.0,0.0,0.0,0.0,0.0,0.0,0.0,0.0,0.0,0.0,0.0,0.0,0.0,0.0,0.0,0.0,0.0,0.0,0.0,0.0,0.0,0.0,0.0,0.0,0.0,0.0,0.0,0.0,0.0,0.0,0.0,0.0,0.0,0.0,0.0,0.0,0.0,0.0,0.0,0.0,0.0,0.0,0.0,0.0,0.0,0.0,0.0,0.0,0.0,0.0,0.0,0.0,0.0,0.0,0.0,0.0,0.0,0.0,0.0,0.0,0.0,0.0,0.0,0.0,0.0,0.0,0.0,0.0,0.0,0.0,0.0,0.0,0.0,0.0,0.0,0.0,0.0,0.0,0.0,0.0,0.0,0.0,0.0,0.0,0.0,0.0,0.0,0.0,0.0,0.0,0.0,0.0,0.0,0.0,0.0,0.0,0.0,0.0,0.0,0.0,0.0,0.0,0.0,0.0,0.0,0.0,0.0,0.0,0.0,0.0,0.0,0.0,0.0,0.0,0.0,0.0,0.0,0.0,0.0,0.0,0.0,0.0,0.0,0.0,0.0,0.0,0.0,0.0,0.0,0.0,0.0,0.0,0.0,0.0,0.0,0.0,0.0,0.0,0.0,0.0,0.0,0.0,0.0,0.0,0.0,0.0,0.0,0.0,0.0,0.0,0.0,0.0,0.0,0.0,0.0,0.0,0.0,0.0,0.0,0.0,0.0,0.0,0.0,0.0,0.0,0.0,0.0,0.0,0.0,0.0,0.0,0.0,0.0,0.0,0.0,0.0,0.0,0.0,0.0,0.0,0.0,0.0,0.0,0.0,0.0,0.0,0.0,0.0,0.0,0.0,0.0,0.0,0.0,0.0,0.0,0.0,0.0,0.0,0.0,0.0,0.0,0.0,0.0,0.0,0.0,0.0,0.0,0.0,0.0,0.0,0.0,0.0,0.0,0.0,0.0,0.0,0.0,0.0,0.0,0.0,0.0,0.0,0.0,0.0,0.0,0.0,0.0,0.0,0.0,0.0,0.0,0.0,0.0,0.0,0.0,0.0,0.0,0.0,0.0,0.0,0.0,0.0,0.0,0.0,0.0,0.0,0.0,0.0,0.0,0.0,0.0,0.0,0.0,0.0,0.0,0.0,0.0,0.0,0.0,0.0,0.0,0.0,0.0,0.0,0.0,0.0,0.0,0.0,0.0,0.0,0.0,0.0,0.0,0.0,0.0,0.0,0.0,0.0,0.0,0.0,0.0,0.0,0.0,0.0,0.0,0.0,0.0,0.0,0.0,0.0,0.0,0.0,0.0,0.0,0.0,0.0,0.0,0.0,0.0,0.0,0.0,0.0,0.0,0.0,0.0,0.0,0.0,0.0,0.0,0.0,0.0,0.0,0.0,0.0,0.0,0.0,0.0,0.0,0.0,0.0,0.0,0.0,0.0,0.0,0.0,0.0,0.0,0.0,0.0,0.0,0.0,0.0,0.0,0.0,0.0,0.0,0.0,0.0,0.0,0.0,0.0,0.0,0.0,0.0,0.0,0.0,0.0,0.0,0.0,0.0,0.0,0.0,0.0,0.0,0.0,0.0,0.0,0.0,0.0,0.0,0.0,0.0,0.0,0.0,0.0,0.0,0.0,0.0,0.0,0.0,0.0,0.0,0.0,0.0,0.0,0.0,0.0,0.0,0.0,0.0,0.0,0.0,0.0,0.0,0.0,0.0,0.0,0.0,0.0,0.0,0.0,0.0,0.0,0.0,0.0,0.0,0.0,0.0,0.0,0.0,0.0,0.0,0.0,0.0,0.0,0.0,0.0,0.0,0.0,0.0,0.0,0.0,0.0,0.0,0.0,0.0,0.0,0.0,0.0,0.0,0.0,0.0,0.0,0.0,0.0,0.0,0.0,0.0,0.0,0.0,0.0,0.0,0.0,0.0,0.0,0.0,0.0,0.0,0.0,0.0,0.0,0.0,0.0,0.0,0.0,0.0,0.0,0.0,0.0,0.0,0.0,0.0,0.0,0.0,0.0,0.0,0.0,0.0,0.0,0.0,0.0,0.0,0.0,0.0,0.0,0.0,0.0,0.0,0.0,0.0,0.0,0.0,0.0,0.0,0.0,0.0,0.0,0.0,0.0,0.0,0.0,0.0,0.0,0.0,0.0,0.0,0.0,0.0,0.0,0.0,0.0,0.0,0.0,0.0,0.0,0.0,0.0,0.0,0.0,0.0,0.0,0.0,0.0,0.0,0.0,0.0,0.0,0.0,0.0,0.0,0.0,0.0,0.0,0.0,0.0,0.0,0.0,0.0,0.0,0.0,0.0,0.0,0.0,0.0,0.0,0.0,0.0,0.0,0.0,0.0,0.0,0.0,0.0,0.0,0.0,0.0,0.0,0.0,0.0,0.0,0.0,0.0,0.0,0.0,0.0,0.0,0.0,0.0,0.0,0.0,0.0,0.0,0.0,0.0,0.0,0.0,0.0,0.0,0.0,0.0,0.0,0.0,0.0,0.0,0.0,0.0,0.0,0.0,0.0,0.0,0.0,0.0,0.0,0.0,0.0,0.0,0.0,0.0,0.0,0.0,0.0,0.0,0.0,0.0,0.0,0.0,0.0,0.0,0.0,0.0,0.0,0.0,0.0,0.0,0.0,0.0,0.0,0.0,0.0,0.0,0.0,0.0,0.0,0.0,0.0,0.0,0.0,0.0,0.0,0.0,0.0,0.0,0.0,0.0,0.0,0.0,0.0,0.0,0.0,0.0,0.0,0.0,0.0,0.0,0.0,0.0,0.0,0.0,0.0,0.0,0.0,0.0,0.0,0.0,0.0,0.0,0.0,0.0,0.0,0.0,0.0,0.0,0.0,0.0,0.0,0.0,0.0,0.0,0.0,0.0,0.0,0.0,0.0,0.0,0.0,0.0,0.0,0.0,0.0,0.0,0.0,0.0,0.0,0.0,0.0,0.0,0.0,0.0,0.0,0.0,0.0,0.0,0.0,0.0,0.0,0.0,0.0,0.0,0.0,0.0,0.0,0.0,0.0,0.0,0.0,0.0,0.0,0.0,0.0,0.0,0.0,0.0,0.0,0.0,0.0,0.0,0.0,0.0,0.0,0.0,0.0,0.0,0.0,0.0,0.0,0.0,0.0,0.0,0.0,0.0,0.0,0.0,0.0,0.0,0.0,0.0,0.0,0.0,0.0,0.0,0.0,0.0,0.0,0.0,0.0,0.0,0.0,0.0,0.0,0.0,0.0,0.0,0.0,0.0,0.0,0.0,0.0,0.0,0.0,0.0,0.0,0.0,0.0,0.0,0.0,0.0,0.0,0.0,0.0,0.0,0.0,0.0,0.0,0.0,0.0,0.0,0.0,0.0,0.0,0.0,0.0,0.0,0.0,0.0,0.0,0.0,0.0,0.0,0.0,0.0,0.0,0.0,0.0,0.0,0.0,0.0,0.0,0.0,0.0,0.0,0.0,0.0,0.0,0.0,0.0,0.0,0.0,0.0,0.0,0.0,0.0,0.0,0.0,0.0,0.0,0.0,0.0,0.0,0.0,0.0,0.0,0.0,0.0,0.0,0.0,0.0,0.0,0.0,0.0,0.0,0.0,0.0,0.0,0.0,0.0,0.0,0.0,0.0,0.0,0.0,0.0,0.0,0.0,0.0,0.0,0.0,0.0,0.0,0.0,0.0,0.0,0.0,0.0,0.0,0.0,0.0,0.0,0.0,0.0,0.0,0.0,0.0,0.0,0.0,0.0,0.0,0.0,0.0,0.0,0.0,0.0,0.0,0.0,0.0,0.0,0.0,0.0,0.0,0.0,0.0,0.0,0.0,0.0,0.0,0.0,0.0,0.0,0.0,0.0,0.0,0.0,0.0,0.0,0.0,0.0,0.0,0.0,0.0,0.0,0.0,0.0,0.0,0.0,0.0,0.0,0.0,0.0,0.0,0.0,0.0,0.0,0.0,0.0,0.0,0.0,0.0,0.0,0.0,0.0,0.0,0.0,0.0,0.0,0.0,0.0,0.0,0.0,0.0,0.0,0.0,0.0,0.0,0.0,0.0,0.0,0.0,0.0,0.0,0.0,0.0,0.0,0.0,0.0,0.0,0.0,0.0,0.0,0.0,0.0,0.0,0.0,0.0,0.0,0.0,0.0,0.0,0.0,0.0,0.0,0.0,0.0,0.0,0.0,0.0,0.0,0.0,0.0,0.0,0.0,0.0,0.0,0.0,0.0,0.0,0.0,0.0,0.0,0.0,0.0,0.0,0.0,0.0,0.0,0.0,0.0,0.0,0.0,0.0,0.0,0.0,0.0,0.0,0.0,0.0,0.0,0.0,0.0,0.0,0.0,0.0,0.0,0.0,0.0,0.0,0.0,0.0,0.0,0.0,0.0,0.0,0.0,0.0,0.0,0.0,0.0,0.0,0.0,0.0,0.0,0.0,0.0,0.0,0.0,0.0,0.0,0.0,0.0,0.0,0.0,0.0,0.0,0.0,0.0,0.0,0.0,0.0,0.0,0.0,0.0,0.0,0.0,0.0,0.0,0.0,0.0,0.0,0.0,0.0,0.0,0.0,0.0,0.0,0.0,0.0,0.0,0.0,0.0,0.0,0.0,0.0,0.0,0.0,0.0,0.0,0.0,0.0,0.0,0.0,0.0,0.0,0.0,0.0,0.0,0.0,0.0,0.0,0.0,0.0,0.0,0.0,0.0,0.0,0.0,0.0,0.0,0.0,0.0,0.0,0.0,0.0,0.0,0.0,0.0,0.0,0.0,0.0,0.0,0.0,0.0,0.0,0.0,0.0,0.0,0.0,0.0,0.0,0.0,0.0,0.0,0.0,0.0,0.0,0.0,0.0,0.0,0.0,0.0,0.0,0.0,0.0,0.0,0.0,0.0,0.0,0.0,0.0,0.0,0.0,0.0,0.0,0.0,0.0,0.0,0.0,0.0,0.0,0.0,0.0,0.0,0.0,0.0,0.0,0.0,0.0,0.0,0.0,0.0,0.0,0.0,0.0,0.0,0.0,0.0,0.0,0.0,0.0,0.0,0.0,0.0,0.0,0.0,0.0,0.0,0.0,0.0,0.0,0.0,0.0,0.0,0.0,0.0,0.0,0.0,0.0,0.0,0.0,0.0,0.0,0.0,0.0,0.0,0.0,0.0,0.0,0.0,0.0,0.0,0.0,0.0,0.0,0.0,0.0,0.0,0.0,0.0,0.0,0.0,0.0,0.0,0.0,0.0,0.0,0.0,0.0,0.0,0.0,0.0,0.0,0.0,0.0,0.0,0.0,0.0,0.0,0.0,0.0,0.0,0.0,0.0,0.0,0.0,0.0,0.0,0.0,0.0,0.0,0.0,0.0,0.0,0.0,0.0,0.0,0.0,0.0,0.0,0.0,0.0,0.0,0.0,0.0,0.0,0.0,0.0,0.0,0.0,0.0,0.0,0.0,0.0,0.0,0.0,0.0,0.0,0.0,0.0,0.0,0.0,0.0,0.0,0.0,0.0,0.0,0.0,0.0,0.0,0.0,0.0,0.0,0.0,0.0,0.0,0.0,0.0,0.0,0.0,0.0,0.0,0.0,0.0,0.0,0.0,0.0,0.0,0.0,0.0,0.0,0.0,0.0,0.0,0.0,0.0,0.0,0.0,0.0,0.0,0.0,0.0,0.0,0.0,0.0,0.0,0.0,0.0,0.0,0.0,0.0,0.0,0.0,0.0,0.0,0.0,0.0,0.0,0.0,0.0,0.0,0.0,0.0,0.0,0.0,0.0,0.0,0.0,0.0,0.0,0.0,0.0,0.0,0.0,0.0,0.0,0.0,0.0,0.0,0.0,0.0,0.0,0.0,0.0,0.0,0.0,0.0,0.0,0.0,0.0,0.0,0.0,0.0,0.0,0.0,0.0,0.0,0.0,0.0,0.0,0.0,0.0,0.0,0.0,0.0,0.0,0.0,0.0,0.0,0.0,0.0,0.0,0.0,0.0,0.0,0.0,0.0,0.0,0.0,0.0,0.0,0.0,0.0,0.0,0.0,0.0,0.0,0.0,0.0,0.0,0.0,0.0,0.0,0.0,0.0,0.0,0.0,0.0,0.0,0.0,0.0,0.0,0.0,0.0,0.0,0.0,0.0,0.0,0.0,0.0,0.0,0.0,0.0,0.0,0.0,0.0,0.0,0.0,0.0,0.0,0.0,0.0,0.0,0.0,0.0,0.0,0.0,0.0,0.0,0.0,0.0,0.0,0.0,0.0,0.0,0.0,0.0,0.0,0.0,0.0,0.0,0.0,0.0,0.0,0.0,0.0,0.0,0.0,0.0,0.0,0.0,0.0,0.0,0.0,0.0,0.0,0.0,0.0,0.0,0.0,0.0,0.0,0.0,0.0,0.0,0.0,0.0,0.0,0.0,0.0,0.0,0.0,0.0,0.0,0.0,0.0,0.0,0.0,0.0,0.0,0.0,0.0,0.0,0.0,0.0,0.0,0.0,0.0,0.0,0.0,0.0,0.0,0.0,0.0,0.0,0.0,0.0,0.0,0.0,0.0,0.0,0.0,0.0,0.0,0.0,0.0,0.0,0.0,0.0,0.0,0.0,0.0,0.0,0.0,0.0,0.0,0.0,0.0,0.0,0.0,0.0,0.0,0.0,0.0,0.0,0.0,0.0,0.0,0.0,0.0,0.0,0.0,0.0,0.0,0.0,0.0,0.0,0.0,0.0,0.0,0.0,0.0,0.0,0.0,0.0,0.0,0.0,0.0,0.0,0.0,0.0,0.0,0.0,0.0,0.0,0.0,0.0,0.0,0.0,0.0,0.0,0.0,0.0,0.0,0.0,0.0,0.0,0.0,0.0,0.0,0.0,0.0,0.0,0.0,0.0,0.0,0.0,0.0,0.0,0.0,0.0,0.0,0.0,0.0,0.0,0.0,0.0,0.0,0.0,0.0,0.0,0.0,0.0,0.0,0.0,0.0,0.0,0.0,0.0,0.0,0.0,0.0,0.0,0.0,0.0,0.0,0.0,0.0,0.0,0.0,0.0,0.0,0.0,0.0,0.0,0.0,0.0,0.0,0.0,0.0,0.0,0.0,0.0,0.0,0.0,0.0,0.0,0.0,0.0,0.0,0.0,0.0,0.0,0.0,0.0,0.0,0.0,0.0,0.0,0.0,0.0,0.0,0.0,0.0,0.0,0.0,0.0,0.0,0.0,0.0,0.0,0.0,0.0,0.0,0.0,0.0,0.0,0.0,0.0,0.0,0.0,0.0,0.0,0.0,0.0,0.0,0.0,0.0,0.0,0.0,0.0,0.0,0.0,0.0,0.0,0.0,0.0,0.0,0.0,0.0,0.0,0.0,0.0,0.0,0.0,0.0,0.0,0.0,0.0,0.0,0.0,0.0,0.0,0.0,0.0,0.0,0.0,0.0,0.0,0.0,0.0,0.0,0.0,0.0,0.0,0.0,0.0,0.0,0.0,0.0,0.0,0.0,0.0,0.0,0.0,0.0,0.0,0.0,0.0,0.0,0.0,0.0,0.0,0.0,0.0,0.0,0.0,0.0,0.0,0.0,0.0,0.0,0.0,0.0,0.0,0.0,0.0,0.0,0.0,0.0,0.0,0.0,0.0,0.0,0.0,0.0,0.0,0.0,0.0,0.0,0.0,0.0,0.0,0.0,0.0,0.0,0.0,0.0,0.0,0.0,0.0,0.0,0.0,0.0,0.0,0.0,0.0,0.0,0.0,0.0,0.0,0.0,0.0,0.0,0.0,0.0,0.0,0.0,0.0,0.0,0.0,0.0,0.0,0.0,0.0,0.0,0.0,0.0,0.0,0.0,0.0,0.0,0.0,0.0,0.0,0.0,0.0,0.0,0.0,0.0,0.0,0.0,0.0,0.0,0.0,0.0,0.0,0.0,0.0,0.0,0.0,0.0,0.0,0.0,0.0,0.0,0.0,0.0,0.0,0.0,0.0,0.0,0.0,0.0,0.0,0.0,0.0,0.0,0.0,0.0,0.0,0.0,0.0,0.0,0.0,0.0,0.0,0.0,0.0,0.0,0.0,0.0,0.0,0.0,0.0,0.0,0.0,0.0,0.0,0.0,0.0,0.0,0.0,0.0,0.0,0.0,0.0,0.0,0.0,0.0,0.0,0.0,0.0,0.0,0.0,0.0,0.0,0.0,0.0,0.0,0.0,0.0,0.0,0.0,0.0,0.0,0.0,0.0,0.0,0.0,0.0,0.0,0.0,0.0,0.0,0.0,0.0,0.0,0.0,0.0,0.0,0.0,0.0,0.0,0.0,0.0,0.0,0.0,0.0,0.0,0.0,0.0,0.0,0.0,0.0,0.0,0.0,0.0,0.0,0.0,0.0,0.0,0.0,0.0,0.0,0.0,0.0,0.0,0.0,0.0,0.0,0.0,0.0,0.0,0.0,0.0,0.0,0.0,0.0,0.0,0.0,0.0,0.0,0.0,0.0,0.0,0.0,0.0,0.0,0.0,0.0,0.0,0.0,0.0,0.0,0.0,0.0,0.0,0.0,0.0,0.0,0.0,0.0,0.0,0.0,0.0,0.0,0.0,0.0,0.0,0.0,0.0,0.0,0.0,0.0,0.0,0.0,0.0,0.0,0.0,0.0,0.0,0.0,0.0,0.0,0.0,0.0,0.0,0.0,0.0,0.0,0.0,0.0,0.0,0.0,0.0,0.0,0.0,0.0,0.0,0.0,0.0,0.0,0.0,0.0,0.0,0.0,0.0,0.0,0.0,0.0,0.0,0.0,0.0,0.0,0.0,0.0,0.0,0.0,0.0,0.0,0.0,0.0,0.0,0.0,0.0,0.0,0.0,0.0,0.0,0.0,0.0,0.0,0.0,0.0,0.0,0.0,0.0,0.0,0.0,0.0,0.0,0.0,0.0,0.0,0.0,0.0,0.0,0.0,0.0,0.0,0.0,0.0,0.0,0.0,0.0,0.0,0.0,0.0,0.0,0.0,0.0,0.0,0.0,0.0,0.0,0.0,0.0,0.0,0.0,0.0,0.0,0.0,0.0,0.0,0.0,0.0,0.0,0.0,0.0,0.0,0.0,0.0,0.0,0.0,0.0,0.0,0.0,0.0,0.0,0.0,0.0,0.0,0.0,0.0,0.0,0.0,0.0,0.0,0.0,0.0,0.0,0.0,0.0,0.0,0.0,0.0,0.0,0.0,0.0,0.0,0.0,0.0,0.0,0.0,0.0,0.0,0.0,0.0,0.0,0.0,0.0,0.0,0.0,0.0,0.0,0.0,0.0,0.0,0.0,0.0,0.0,0.0,0.0,0.0,0.0,0.0,0.0,0.0,0.0,0.0,0.0,0.0,0.0,0.0,0.0,0.0,0.0,0.0,0.0,0.0,0.0,0.0,0.0,0.0,0.0,0.0,0.0,0.0,0.0,0.0,0.0,0.0,0.0,0.0,0.0,0.0,0.0,0.0,0.0,0.0,0.0,0.0,0.0,0.0,0.0,0.0,0.0,0.0,0.0,0.0,0.0,0.0,0.0,0.0,0.0,0.0,0.0,0.0,0.0,0.0,0.0,0.0,0.0,0.0,0.0,0.0,0.0,0.0,0.0,0.0,0.0,0.0,0.0,0.0,0.0,0.0,0.0,0.0,0.0,0.0,0.0,0.0,0.0,0.0,0.0,0.0,0.0,0.0,0.0,0.0,0.0,0.0,0.0,0.0,0.0,0.0,0.0,0.0,0.0,0.0,0.0,0.0,0.0,0.0,0.0,0.0,0.0,0.0,0.0,0.0,0.0,0.0,0.0,0.0,0.0,0.0,0.0,0.0,0.0,0.0,0.0,0.0,0.0,0.0,0.0,0.0,0.0,0.0,0.0,0.0,0.0,0.0,0.0,0.0,0.0,0.0,0.0,0.0,0.0,0.0,0.0,0.0,0.0,0.0,0.0,0.0,0.0,0.0,0.0,0.0,0.0,0.0,0.0,0.0,0.0,0.0,0.0,0.0,0.0,0.0,0.0,0.0,0.0,0.0,0.0,0.0,0.0,0.0,0.0,0.0,0.0,0.0,0.0,0.0,0.0,0.0,0.0,0.0,0.0,0.0,0.0,0.0,0.0,0.0,0.0,0.0,0.0,0.0,0.0,0.0,0.0,0.0,0.0,0.0,0.0,0.0,0.0,0.0,0.0,0.0,0.0,0.0,0.0,0.0,0.0,0.0,0.0,0.0,0.0,0.0,0.0,0.0,0.0,0.0,0.0,0.0,0.0,0.0,0.0,0.0,0.0,0.0,0.0,0.0,0.0,0.0,0.0,0.0,0.0,0.0,0.0,0.0,0.0,0.0,0.0,0.0,0.0,0.0,0.0,0.0,0.0,0.0,0.0,0.0,0.0,0.0,0.0,0.0,0.0,0.0,0.0,0.0,0.0,0.0,0.0,0.0,0.0,0.0,0.0,0.0,0.0,0.0,0.0,0.0,0.0,0.0,0.0,0.0,0.0,0.0,0.0,0.0,0.0,0.0,0.0,0.0,0.0,0.0,0.0,0.0,0.0,0.0,0.0,0.0,0.0,0.0,0.0,0.0,0.0,0.0,0.0,0.0,0.0,0.0,0.0,0.0,0.0,0.0,0.0,0.0,0.0,0.0,0.0,0.0,0.0,0.0,0.0,0.0,0.0,0.0,0.0,0.0,0.0,0.0,0.0,0.0,0.0,0.0,0.0,0.0,0.0,0.0,0.0,0.0,0.0,0.0,0.0,0.0,0.0,0.0,0.0,0.0,0.0,0.0,0.0,0.0,0.0,0.0,0.0,0.0,0.0,0.0,0.0,0.0,0.0,0.0,0.0,0.0,0.0,0.0,0.0,0.0,0.0
Tax3,0.0,-0.5112955,-0.46794888,-0.41474843,-0.35496303,-0.29104865,-0.22537675,-0.15868801,-0.09207642,-0.026397455,0.037483223,0.09904426,0.15764278,0.21304815,0.26492915,0.31273916,0.35623905,0.39200443,0.42660102,0.46486565,0.50180507,0.5350864,0.5663388,0.5955919,0.6120084,0.6261388,0.64389896,0.66746074,0.6847809,0.70101583,0.71792996,0.7351122,0.77955204,0.79680824,0.84559757,0.8692842,0.8913606,0.91211337,0.8675384,0.8626023,0.88755447,0.9026155,0.9225816,0.98822683,0.953919,1.0009338,1.0379993,1.0200213,1.0286864,1.0572226,1.0171647,0.99746776,1.0163107,1.0395088,1.0628688,1.0236058,0.99305576,1.0028716,0.88247377,0.85436773,0.80614173,0.77290016,0.71633327,0.6999373,0.7039889,0.72715545,-0.2339741,-0.22875233,0.77420336,0.79164577,0.8052269,0.83419293,0.8217789,-0.22125094,0.83832973,-0.21968769,-0.21858993,-0.2010956,-0.198463,-0.19003762,-0.17984311,-0.18172103,-0.18210766,-0.17764273,-0.16246921,-0.15201733,1.0126919,0.9996417,1.0447975,1.0374198,1.0496726,1.0640517,1.0715317,1.0578808,1.0428592,1.0290505,0.9755885,1.0019414,0.9559529,0.9891734,0.96152925,0.9287279,0.93096435,0.9142927,0.94826066,0.91560304,0.9131887,0.8885737,0.8626304,0.88279504,0.8385619,0.8461123,0.84971696,0.81370676,0.81183255,-0.29702657,-0.30556738,-0.2976872,-0.30850878,-0.31139424,-0.31653494,-0.32731405,-0.33393553,-0.34023067,-0.3512735,-0.3593111,-0.3614106,-0.38377884,-0.4076991,-0.41147128,-0.41895577,-0.42886803,-0.4395707,-0.45030847,-0.4670037,-0.47260863,-0.4848768,-0.4993796,-0.5036725,-0.5175078,-0.5312549,-0.54438996,-0.5560544,-0.56481427,-0.57298833,-0.57792217,-0.58199143,-0.5888457,-0.5957882,-0.6018408,-0.60073465,-0.6008843,-0.59353346,-0.5832364,-0.57381815,-0.5643336,-0.554488,-0.5454409,-0.53833646,-0.53382295,-0.52938104,-0.5258174,-0.5217716,-0.5157448,-0.5153837,-0.51532394,-0.5126553,-0.507152,-0.5054455,-0.4961699,-0.49149948,-0.4807763,-0.4728265,-0.47237182,-0.46195576,-0.44904703,-0.44957855,-0.44893658,-0.44014233,-0.43067133,-0.42483246,-0.4253803,-0.43821478,-0.4530636,-0.46308604,-0.47043985,-0.47305837,-0.47214407,-0.47511822,-0.4785802,-0.481348,-0.48368335,-0.48463857,-0.48480603,-0.4850744,-0.48487112,-0.48484686,-0.48443887,-0.48342416,-0.48225257,-0.4810953,-0.4796348,-0.4779104,-0.47610778,-0.47432703,-0.47227463,-0.47000077,-0.46279955,-0.46036068,-0.45778438,-0.45516443,-0.45253485,-0.45006058,-0.44774774,-0.44532725,-0.43926635,-0.43671882,-0.43420243,-0.42719254,-0.42101222,-0.41863015,-0.40763032,-0.4053321,-0.3993857,-0.39202017,-0.38983595,-0.38169932,-0.37959233,-0.37757513,-0.3592757,-0.35764283,-0.34536025,-0.32751867,-0.32568637,-0.32392034,-0.32221162,-0.32055086,-0.31222448,-0.31057313,-0.30892372,-0.30331457,-0.3017373,-0.30010802,-0.29479674,-0.2932081,-0.2916825,-0.29013184,-0.28491282,-0.28341526,-0.27849057,-0.27391613,-0.27248016,-0.2710341,-0.26963714,-0.26826316,-0.26681685,-0.2612751,-0.25979716,-0.2541226,-0.24815954,-0.24670146,-0.24543417,-0.24425158,-0.24304216,-0.24177177,-0.23650815,-0.23251875,-0.23123316,-0.22993189,-0.22868429,-0.22407953,-0.22299933,-0.22184326,-0.22070219,-0.21957073,-0.21485713,-0.21103194,-0.21002021,-0.20902173,-0.20798525,-0.20278952,-0.19794002,-0.19698834,-0.19603597,-0.19510438,-0.19422309,-0.19095357,-0.18259287,-0.17524444,-0.17443867,-0.17357357,-0.1726788,-0.16885689,-0.16442315,-0.16369909,-0.16310093,-0.16256724,-0.16204679,-0.16141783,-0.16059595,-0.15961052,-0.15853067,-0.1548001,-0.1504035,-0.14580847,-0.14390339,-0.13940406,-0.13711357,-0.13452308,-0.13113342,-0.12485443,-0.120226495,-0.11521202,-0.109604254,-0.10316382,-0.09606471,-0.085726514,-0.07564728,-0.063829705,-0.052497596,-0.03809033,-0.013990336,0.026429186,0.07299176,0.11443579,0.1247472,0.1250444,0.12648241,0.12811652,0.12991843,0.13382931,0.14299336,0.14815436,0.16196007,0.17534654,0.19049716,0.2084364,0.227713,1.0500406,1.1182753,1.1778417,1.2502309,1.3006214,1.3512182,1.3778645,1.3745605,1.3280034,1.2528336,1.1568891,1.0625083,0.9212756,0.7010796,0.42506388,0.1999247,0.042336397,-0.06250447,-0.0980726,-0.11388708,-0.1171988,-0.11551502,-0.11298223,-0.11386178,-0.10901316,-0.10532778,-0.101731904,-0.09776121,-0.10329202,-0.09619739,-0.08810395,-0.07949774,-0.07068484,-0.061864406,-0.05316834,-0.04467708,-0.036460027,-0.028562553,-0.021014608,-0.013841537,-0.007042418,-0.00063506456,0.005388474,0.01103367,0.016284935,0.021071251,0.025355104,0.029278638,0.03285711,0.03606785,0.038941212,0.04412321,0.046534415,0.048599966,0.050533157,0.054353222,0.054080125,0.05826659,0.06280437,0.066446245,0.07137426,0.070862204,0.07608591,0.08215335,0.08194366,0.07817836,0.0794278,0.07752202,0.08049627,0.0862295,0.09219871,0.09728152,0.10503424,0.10553572,0.110763505,0.11188205,0.11155972,0.1092659,0.113642424,0.11315904,0.10883378,0.11735994,0.110446826,0.1042842,0.10536854,0.0946951,0.085704066,0.06920144,0.06395213,0.05487284,0.05358086,0.053836823,0.055387083,-0.06444377,-0.06253023,0.06711302,0.07321424,0.07519482,0.07902856,0.08124255,-0.05625932,0.08659938,-0.056340545,-0.055491783,-0.055652898,-0.05397909,-0.052383758,-0.052015975,-0.052553248,-0.050765388,-0.0495562,-0.047219746,-0.044451505,0.12075478,0.12590499,0.12427315,0.12504968,0.1277449,0.1570767,0.14292753,0.15336691,0.15428951,0.1344515,0.13723086,0.1295395,0.14315152,0.14358422,0.11289968,0.13141097,0.11493243,0.12760091,0.1292118,0.116703756,0.12230257,0.12303747,0.11527344,0.10543456,0.11877965,0.10586092,0.12490357,0.11595184,0.1109505,-0.054868475,-0.059115443,-0.059027955,-0.05367853,-0.058148924,-0.05633763,-0.05861725,-0.057680454,-0.058841705,-0.062107798,-0.062557936,-0.061629552,-0.06449107,-0.0662262,-0.06660166,-0.06993035,-0.073030464,-0.07145435,-0.07459225,-0.07776045,-0.07886343,-0.082012564,-0.08528505,-0.0879612,-0.0913714,-0.094593614,-0.09795347,-0.10122049,-0.102423005,-0.10427837,-0.10449904,-0.10554059,-0.10714635,-0.10278115,-0.104064725,-0.104901604,-0.10495882,-0.10354473,-0.101586476,-0.09973184,-0.09776781,-0.09575332,-0.089211755,-0.08775408,-0.08684399,-0.08590031,-0.08519545,-0.085175455,-0.08528623,-0.085209414,-0.085288845,-0.084806636,-0.08078406,-0.08044806,-0.079841,-0.07896074,-0.078003295,-0.07737119,-0.07732354,-0.075136915,-0.07337552,-0.07344525,-0.069806114,-0.06893999,-0.06708791,-0.061645176,-0.061645567,-0.0643921,-0.067579605,-0.06979782,-0.071398556,-0.072863795,-0.074040025,-0.074741,-0.07551618,-0.07615048,-0.07669032,-0.07695983,-0.07707056,-0.077189445,-0.07721495,-0.07726674,-0.07724347,-0.07710721,-0.07694013,-0.076773964,-0.076552436,-0.076282725,-0.07599874,-0.075718455,-0.075390466,-0.07502403,-0.07463819,-0.074239284,-0.073817216,-0.0733882,-0.072957925,-0.07255512,-0.072180256,-0.071786806,-0.07137043,-0.07095203,-0.07053914,-0.070113316,-0.06971136,-0.06931426,-0.06893465,-0.0685437,-0.06814788,-0.06775284,-0.067373574,-0.067014314,-0.06664295,-0.06628832,-0.06595962,-0.06566316,-0.06531625,-0.06494071,-0.0645764,-0.064225845,-0.06388723,-0.06355867,-0.06322615,-0.06289208,-0.06255828,-0.06223206,-0.06190879,-0.061573822,-0.06121929,-0.060888946,-0.060572643,-0.060250647,-0.05993197,-0.05961735,-0.059304733,-0.05900108,-0.058692034,-0.058380432,-0.05808006,-0.057784997,-0.0574731,-0.057148557,-0.056823786,-0.056502532,-0.05617196,-0.0558389,-0.051794566,-0.05154707,-0.051293377,-0.051025614,-0.050776195,-0.050512176,-0.046423763,-0.046160877,-0.04590961,-0.04567607,-0.037915144,-0.03771892,-0.03752532,-0.037333403,-0.037143208,-0.036962777,-0.036787234,-0.036614135,-0.036433607,-0.03625235,-0.03606797,-0.035896145,-0.035724133,-0.035556212,-0.035398293,-0.035243016,-0.035091702,-0.03493005,-0.03477179,-0.03460048,-0.034422576,-0.034239355,-0.034063134,-0.03391595,-0.03379758,-0.033693995,-0.03359351,-0.030977007,-0.030819885,-0.03062775,-0.030415377,-0.030154623,-0.029839907,-0.02947729,-0.029067114,-0.028600805,-0.028096326,-0.027524397,-0.02677223,-0.025916774,-0.024868332,-0.02373499,-0.022470683,-0.0210227,-0.019434199,-0.017480826,-0.015203527,-0.01255202,-0.010045816,-0.006877177,-0.0015703201,0.0072920714,0.01728411,0.02579958,0.027183846,0.026291454,0.025591904,0.025338903,0.0245912,0.025085397,0.025679251,0.025330994,0.027349224,0.028218359,0.029139789,0.030260308,0.031244513,0.16214259,0.16221328,0.15819494,0.15341459,0.14340095,0.13198294,0.11793439,0.10245791,0.08532049,0.06873543,0.054595396,0.041805655,0.02914671,0.01603789,0.0026641074,-0.00046919455,-0.00086573913,-0.002925255,-0.00020154406,-0.0011747723,-0.0019909774,0.00012666694,-0.00063870515,0.0009387195,-0.0016849958,0.00030809775,-0.00090333103,0.001685645,-0.015493803,-0.014422023,-0.013236051,-0.0119953975,-0.010737279,-0.009484708,-0.008253749,-0.0070536435,-0.005890673,-0.0047701187,-0.0036932868,-0.0026618843,-0.0016736492,-0.0007293824,0.0001704878,0.001024512,0.0018318993,0.0025712638,0.0031731045,0.003708443,0.0041939644,0.0046400623,0.0050433394,0.00541147,0.0057462943,0.0060528284,0.0063429843,0.0066122627,0.0068584406,0.007086372,0.00875683,0.009224818,0.013217304,0.010798569,0.013269523,0.013064219,0.012810604,0.011916658,0.011525922,0.011324931,0.011035026,0.0112579325,0.013837658,0.01587888,0.016376454,0.018631034,0.01782308,0.016928822,0.016272936,0.015432682,0.014484859,0.014039807,0.013304715,0.011668842,0.012421894,0.013027145,0.010748544,0.010550107,0.01039108,0.0075677955,0.006568138,0.0057522324,0.0051204464,0.0043631336,0.0058365194,-0.010195894,-0.010003061,0.0069893245,0.007393609,0.007779091,0.007927946,0.00774545,-0.009516618,0.0073886947,-0.009313071,-0.00924157,-0.009040172,-0.008951492,-0.008805354,-0.008676181,-0.008128834,-0.0078043467,-0.0075981873,-0.0072975093,-0.0069739996,0.015850285,0.017437886,0.0163019,0.01679374,0.017752523,0.02098069,0.02070209,0.019000614,0.012124796,0.013214886,0.011379432,0.012644334,0.015283818,0.014309078,0.015559423,0.013199754,0.012084931,0.008423601,0.012894556,0.015565278,0.015006827,0.0144766215,0.009675946,0.01121575,0.013625167,0.009582831,0.014289261,0.012354467,0.01410497,-0.005734727,-0.004086557,-0.0040888684,-0.004087344,-0.0040880507,-0.0036392254,-0.0034935765,-0.0046545183,-0.0043468494,-0.0061500734,-0.004206069,-0.0044381106,-0.004961892,-0.0053947307,-0.005704954,-0.006238678,-0.0065112337,-0.0065279854,-0.007101418,-0.0074320277,-0.007950846,-0.008367987,-0.008172756,-0.008370465,-0.008832775,-0.009387533,-0.009680211,-0.010002095,-0.010213453,-0.010374023,-0.01046446,-0.010565907,-0.010704359,-0.010843713,-0.010973521,-0.011061948,-0.011070355,-0.010928022,-0.010724677,-0.010525364,-0.010312354,-0.010092672,-0.009892501,-0.009719397,-0.009606188,-0.009491954,-0.009404004,-0.009392314,-0.009397443,-0.009383647,-0.009387335,-0.009338786,-0.009216805,-0.009171813,-0.009095466,-0.008987535,-0.008868188,-0.008780453,-0.008768417,-0.008497266,-0.008284931,-0.008280784,-0.008270666,-0.008160536,-0.007898426,-0.0077018347,-0.0076859873,-0.008070593,-0.008535645,-0.008857329,-0.009090601,-0.009302907,-0.00947424,-0.009579549,-0.009691352,-0.009782292,-0.009858872,-0.009898114,-0.009915182,-0.009932349,-0.009936622,-0.0099437125,-0.009940591,-0.00992251,-0.00990025,-0.009877925,-0.009848397,-0.009812636,-0.009775037,-0.009737921,-0.009694796,-0.009646802,-0.009596439,-0.009544499,-0.009489784,-0.009434281,-0.0033931092,-0.0033741952,-0.0033565627,-0.0033381216,-0.0033186835,-0.0032991818,-0.0032799577,-0.003260164,-0.0032414508,-0.0032229705,-0.0032052756,-0.0031870992,-0.0031687273,-0.003150405,-0.0031327866,-0.0031160526,-0.0030988022,-0.0030822908,-0.0030669125,-0.003052941,-0.0030367875,-0.0030194041,-0.0030025202,-0.0029862397,-0.0029704843,-0.0029551708,-0.002939695,-0.0029241596,-0.0029086452,-0.0028934642,-0.002878416,-0.0028628716,-0.0028464952,-0.0028311666,-0.002816451,-0.0028014937,-0.0027866866,-0.0027720616,-0.0027575297,-0.0027433878,-0.0027290215,-0.002714552,-0.0027005684,-0.0026868202,-0.0026723598,-0.002657366,-0.0026423712,-0.002627532,-0.0026123007,-0.0025969683,-0.0025836416,-0.0025712117,-0.0025585042,-0.0025451598,-0.0025326603,-0.002519498,-0.002505586,-0.0024914965,-0.0024779886,-0.0024653676,-0.0024535116,-0.0024408167,-0.0024282832,-0.002415855,-0.0024035338,-0.0023918003,-0.0023803613,-0.0023690725,-0.0023573474,-0.0023455846,-0.0023336404,-0.0023224487,-0.0023112518,-0.0023003046,-0.0022899564,-0.0022797687,-0.002269821,-0.0022592652,-0.0022489172,-0.0022378005,-0.0022262973,-0.0022144802,-0.0022030794,-0.00219341,-0.0021854616,-0.0021784017,-0.0021715367,-0.0021632034,-0.0021522313,-0.0021390086,-0.002124488,-0.0021068575,-0.0020857595,-0.002061577,-0.0020343293,-0.0020034604,-0.0019701286,-0.0019324459,-0.0018831375,-0.0018271485,-0.0017587007,-0.0016847543,-0.0016023319,-0.0015080255,-0.0014046163,-0.0012776073,-0.0011296176,-0.00095738686,-0.0007944386,-0.0005885576,-0.00024418675,0.0003306559,0.0009793169,0.0015332722,0.001625957,0.0015716425,0.0015305661,0.0015193832,0.0014770627,0.001516775,0.0015644862,0.0015519406,0.0016963336,0.0017678903,0.0018456131,0.0019398473,0.0020288634,0.010888926,0.010984697,0.010828596,0.010643997,0.010116658,0.0095116375,0.008703741,0.007780712,0.0067359647,0.0057698432,0.0049517,0.004341215,0.0036978556,0.0028054165,0.0017844939,0.0011568285,0.0009063825,0.00073962274,0.00078439974,0.0007619547,0.000745161,0.0008628733,0.00092600996,0.00097621017,0.0009828375,0.0010375199,0.0012017975,0.001362011,-0.005164601,-0.0049044685,-0.0046022106,-0.0042775003,-0.0039425325,-0.0036052424,-0.0032709679,-0.0029429488,-0.0026232535,-0.0023146458,-0.0020174962,-0.0017330623,-0.0014623544,-0.0012049435,-0.0009610157,-0.0007304498,-0.00051371474,-0.00031021948,-0.000120349694,5.711522e-05,0.00022175908,0.00037375663,0.0005130096,0.00064118963,0.00075928005,0.0008684945,0.00096987176,0.0010666661,0.0011548584,0.0012320585,0.0012937103,0.0014796188,0.0015585654,0.0016187892,0.00166437,0.0017896398,0.0018962767,0.0017680455,0.0017959266,0.001869633,0.0018950744,0.0020820163,0.0023619581,0.0023388471,0.002609527,0.0026808614,0.0024962025,0.0023519653,0.002270601,0.0021278863,0.0017685479,0.0019819746,0.0018173109,0.0017334837,0.0014984752,0.0012842795,0.0011612071,0.0008438099,0.0005440335,0.00014895364,-8.6448854e-05,-0.000275156,-0.00040827843,-0.00036648172,-0.00031097012,-0.0036952125,-0.0036462587,2.4635578e-05,0.00015880447,0.00027547264,0.0003214723,0.0002725867,-0.0035233286,0.00026564265,-0.003489106,0.0,0.0,0.0,0.0,0.0,0.0,0.0,0.0,0.0,0.0,0.0,0.0,0.0,0.0,0.0,0.0,0.0,0.0,0.0,0.0,0.0,0.0,0.0,0.0,0.0,0.0,0.0,0.0,0.0,0.0,0.0,0.0,0.0,0.0,0.0,0.0,0.0,0.0,0.0,0.0,0.0,0.0,0.0,0.0,0.0,0.0,0.0,0.0,0.0,0.0,0.0,0.0,0.0,0.0,0.0,0.0,0.0,0.0,0.0,0.0,0.0,0.0,0.0,0.0,0.0,0.0,0.0,0.0,0.0,0.0,0.0,0.0,0.0,0.0,0.0,0.0,0.0,0.0,0.0,0.0,0.0,0.0,0.0,0.0,0.0,0.0,0.0,0.0,0.0,0.0,0.0,0.0,0.0,0.0,0.0,0.0,0.0,0.0,0.0,0.0,0.0,0.0,0.0,0.0,0.0,0.0,0.0,0.0,0.0,0.0,0.0,0.0,0.0,0.0,0.0,0.0,0.0,0.0,0.0,0.0,0.0,0.0,0.0,0.0,0.0,0.0,0.0,0.0,0.0,0.0,0.0,0.0,0.0,0.0,0.0,0.0,0.0,0.0,0.0,0.0,0.0,0.0,0.0,0.0,0.0,0.0,0.0,0.0,0.0,0.0,0.0,0.0,0.0,0.0,0.0,0.0,0.0,0.0,0.0,0.0,0.0,0.0,0.0,0.0,0.0,0.0,0.0,0.0,0.0,0.0,0.0,0.0,0.0,0.0,0.0,0.0,0.0,0.0,0.0,0.0,0.0,0.0,0.0,0.0,0.0,0.0,0.0,0.0,0.0,0.0,0.0,0.0,0.0,0.0,0.0,0.0,0.0,0.0,0.0,0.0,0.0,0.0,0.0,0.0,0.0,0.0,0.0,0.0,0.0,0.0,0.0,0.0,0.0,0.0,0.0,0.0,0.0,0.0,0.0,0.0,0.0,0.0,0.0,0.0,0.0,0.0,0.0,0.0,0.0,0.0,0.0,0.0,0.0,0.0,0.0,0.0,0.0,0.0,0.0,0.0,0.0,0.0,0.0,0.0,0.0,0.0,0.0,0.0,0.0,0.0,0.0,0.0,0.0,0.0,0.0,0.0,0.0,0.0,0.0,0.0,0.0,0.0,0.0,0.0,0.0,0.0,0.0,0.0,0.0,0.0,0.0,0.0,0.0,0.0,0.0,0.0,0.0,0.0,0.0,0.0,0.0,0.0,0.0,0.0,0.0,0.0,0.0,0.0,0.0,0.0,0.0,0.0,0.0,0.0,0.0,0.0,0.0,0.0,0.0,0.0,0.0,0.0,0.0,0.0,0.0,0.0,0.0,0.0,0.0,0.0,0.0,0.0,0.0,0.0,0.0,0.0,0.0,0.0,0.0,0.0,0.0,0.0,0.0,0.0,0.0,0.0,0.0,0.0,0.0,0.0,0.0,0.0,0.0,0.0,0.0,0.0,0.0,0.0,0.0,0.0,0.0,0.0,0.0,0.0,0.0,0.0,0.0,0.0,0.0,0.0,0.0,0.0,0.0,0.0,0.0,0.0,0.0,0.0,0.0,0.0,0.0,0.0,0.0,0.0,0.0,0.0,0.0,0.0,0.0,0.0,0.0,0.0,0.0,0.0,0.0,0.0,0.0,0.0,0.0,0.0,0.0,0.0,0.0,0.0,0.0,0.0,0.0,0.0,0.0,0.0,0.0,0.0,0.0,0.0,0.0,0.0,0.0,0.0,0.0,0.0,0.0,0.0,0.0,0.0,0.0,0.0,0.0,0.0,0.0,0.0,0.0,0.0,0.0,0.0,0.0,0.0,0.0,0.0,0.0,0.0,0.0,0.0,0.0,0.0,0.0,0.0,0.0,0.0,0.0,0.0,0.0,0.0,0.0,0.0,0.0,0.0,0.0,0.0,0.0,0.0,0.0,0.0,0.0,0.0,0.0,0.0,0.0,0.0,0.0,0.0,0.0,0.0,0.0,0.0,0.0,0.0,0.0,0.0,0.0,0.0,0.0,0.0,0.0,0.0,0.0,0.0,0.0,0.0,0.0,0.0,0.0,0.0,0.0,0.0,0.0,0.0,0.0,0.0,0.0,0.0,0.0,0.0,0.0,0.0,0.0,0.0,0.0,0.0,0.0,0.0,0.0,0.0,0.0,0.0,0.0,0.0,0.0,0.0,0.0,0.0,0.0,0.0,0.0,0.0,0.0,0.0,0.0,0.0,0.0,0.0,0.0,0.0,0.0,0.0,0.0,0.0,0.0,0.0,0.0,0.0,0.0,0.0,0.0,0.0,0.0,0.0,0.0,0.0,0.0,0.0,0.0,0.0,0.0,0.0,0.0,0.0,0.0,0.0,0.0,0.0,0.0,0.0,0.0,0.0,0.0,0.0,0.0,0.0,0.0,0.0,0.0,0.0,0.0,0.0,0.0,0.0,0.0,0.0,0.0,0.0,0.0,0.0,0.0,0.0,0.0,0.0,0.0,0.0,0.0,0.0,0.0,0.0,0.0,0.0,0.0,0.0,0.0,0.0,0.0,0.0,0.0,0.0,0.0,0.0,0.0,0.0,0.0,0.0,0.0,0.0,0.0,0.0,0.0,0.0,0.0,0.0,0.0,0.0,0.0,0.0,0.0,0.0,0.0,0.0,0.0,0.0,0.0,0.0,0.0,0.0,0.0,0.0,0.0,0.0,0.0,0.0,0.0,0.0,0.0,0.0,0.0,0.0,0.0,0.0,0.0,0.0,0.0,0.0,0.0,0.0,0.0,0.0,0.0,0.0,0.0,0.0,0.0,0.0,0.0,0.0,0.0,0.0,0.0,0.0,0.0,0.0,0.0,0.0,0.0,0.0,0.0,0.0,0.0,0.0,0.0,0.0,0.0,0.0,0.0,0.0,0.0,0.0,0.0,0.0,0.0,0.0,0.0,0.0,0.0,0.0,0.0,0.0,0.0,0.0,0.0,0.0,0.0,0.0,0.0,0.0,0.0,0.0,0.0,0.0,0.0,0.0,0.0,0.0,0.0,0.0,0.0,0.0,0.0,0.0,0.0,0.0,0.0,0.0,0.0,0.0,0.0,0.0,0.0,0.0,0.0,0.0,0.0,0.0,0.0,0.0,0.0,0.0,0.0,0.0,0.0,0.0,0.0,0.0,0.0,0.0,0.0,0.0,0.0,0.0,0.0,0.0,0.0,0.0,0.0,0.0,0.0,0.0,0.0,0.0,0.0,0.0,0.0,0.0,0.0,0.0,0.0,0.0,0.0,0.0,0.0,0.0,0.0,0.0,0.0,0.0,0.0,0.0,0.0,0.0,0.0,0.0,0.0,0.0,0.0,0.0,0.0,0.0,0.0,0.0,0.0,0.0,0.0,0.0,0.0,0.0,0.0,0.0,0.0,0.0,0.0,0.0,0.0,0.0,0.0,0.0,0.0,0.0,0.0,0.0,0.0,0.0,0.0,0.0,0.0,0.0,0.0,0.0,0.0,0.0,0.0,0.0,0.0,0.0,0.0,0.0,0.0,0.0,0.0,0.0,0.0,0.0,0.0,0.0,0.0,0.0,0.0,0.0,0.0,0.0,0.0,0.0,0.0,0.0,0.0,0.0,0.0,0.0,0.0,0.0,0.0,0.0,0.0,0.0,0.0,0.0,0.0,0.0,0.0,0.0,0.0,0.0,0.0,0.0,0.0,0.0,0.0,0.0,0.0,0.0,0.0,0.0,0.0,0.0,0.0,0.0,0.0,0.0,0.0,0.0,0.0,0.0,0.0,0.0,0.0,0.0,0.0,0.0,0.0,0.0,0.0,0.0,0.0,0.0,0.0,0.0,0.0,0.0,0.0,0.0,0.0,0.0,0.0,0.0,0.0,0.0,0.0,0.0,0.0,0.0,0.0,0.0,0.0,0.0,0.0,0.0,0.0,0.0,0.0,0.0,0.0,0.0,0.0,0.0,0.0,0.0,0.0,0.0,0.0,0.0,0.0,0.0,0.0,0.0,0.0,0.0,0.0,0.0,0.0,0.0,0.0,0.0,0.0,0.0,0.0,0.0,0.0,0.0,0.0,0.0,0.0,0.0,0.0,0.0,0.0,0.0,0.0,0.0,0.0,0.0,0.0,0.0,0.0,0.0,0.0,0.0,0.0,0.0,0.0,0.0,0.0,0.0,0.0,0.0,0.0,0.0,0.0,0.0,0.0,0.0,0.0,0.0,0.0,0.0,0.0,0.0,0.0,0.0,0.0,0.0,0.0,0.0,0.0,0.0,0.0,0.0,0.0,0.0,0.0,0.0,0.0,0.0,0.0,0.0,0.0,0.0,0.0,0.0,0.0,0.0,0.0,0.0,0.0,0.0,0.0,0.0,0.0,0.0,0.0,0.0,0.0,0.0,0.0,0.0,0.0,0.0,0.0,0.0,0.0,0.0,0.0,0.0,0.0,0.0,0.0,0.0,0.0,0.0,0.0,0.0,0.0,0.0,0.0,0.0,0.0,0.0,0.0,0.0,0.0,0.0,0.0,0.0,0.0,0.0,0.0,0.0,0.0,0.0,0.0,0.0,0.0,0.0,0.0,0.0,0.0,0.0,0.0,0.0,0.0,0.0,0.0,0.0,0.0,0.0,0.0,0.0,0.0,0.0,0.0,0.0,0.0,0.0,0.0,0.0,0.0,0.0,0.0,0.0,0.0,0.0,0.0,0.0,0.0,0.0,0.0,0.0,0.0,0.0,0.0,0.0,0.0,0.0,0.0,0.0,0.0,0.0,0.0,0.0,0.0,0.0,0.0,0.0,0.0,0.0,0.0,0.0,0.0,0.0,0.0,0.0,0.0,0.0,0.0,0.0,0.0,0.0,0.0,0.0,0.0,0.0,0.0,0.0,0.0,0.0,0.0,0.0,0.0,0.0,0.0,0.0,0.0,0.0,0.0,0.0,0.0,0.0,0.0,0.0,0.0,0.0,0.0,0.0,0.0,0.0,0.0,0.0,0.0,0.0,0.0,0.0,0.0,0.0,0.0,0.0,0.0,0.0,0.0,0.0,0.0,0.0,0.0,0.0,0.0,0.0,0.0,0.0,0.0,0.0,0.0,0.0,0.0,0.0,0.0,0.0,0.0,0.0,0.0,0.0,0.0,0.0,0.0,0.0,0.0,0.0,0.0,0.0,0.0,0.0,0.0,0.0,0.0,0.0,0.0,0.0,0.0,0.0,0.0,0.0,0.0,0.0,0.0,0.0,0.0,0.0,0.0,0.0,0.0,0.0,0.0,0.0,0.0,0.0,0.0,0.0,0.0,0.0,0.0,0.0,0.0,0.0,0.0,0.0,0.0,0.0,0.0,0.0,0.0,0.0,0.0,0.0,0.0,0.0,0.0,0.0,0.0,0.0,0.0,0.0,0.0,0.0,0.0,0.0,0.0,0.0,0.0,0.0,0.0,0.0,0.0,0.0,0.0,0.0,0.0,0.0,0.0,0.0,0.0,0.0,0.0,0.0,0.0,0.0,0.0,0.0,0.0,0.0,0.0,0.0,0.0,0.0,0.0,0.0,0.0,0.0,0.0,0.0,0.0,0.0,0.0,0.0,0.0,0.0,0.0,0.0,0.0,0.0,0.0,0.0,0.0,0.0,0.0,0.0,0.0,0.0,0.0,0.0,0.0,0.0,0.0,0.0,0.0,0.0,0.0,0.0,0.0,0.0,0.0,0.0,0.0,0.0,0.0,0.0,0.0,0.0,0.0,0.0,0.0,0.0,0.0,0.0,0.0,0.0,0.0,0.0,0.0,0.0,0.0,0.0,0.0,0.0,0.0,0.0,0.0,0.0,0.0,0.0,0.0,0.0,0.0,0.0,0.0,0.0,0.0,0.0,0.0,0.0,0.0,0.0,0.0,0.0,0.0,0.0,0.0,0.0,0.0,0.0,0.0,0.0,0.0,0.0,0.0,0.0,0.0,0.0,0.0,0.0,0.0,0.0,0.0,0.0,0.0,0.0,0.0,0.0,0.0,0.0,0.0,0.0,0.0,0.0,0.0,0.0,0.0,0.0,0.0,0.0,0.0,0.0,0.0,0.0,0.0,0.0,0.0,0.0,0.0,0.0,0.0,0.0,0.0,0.0,0.0,0.0,0.0,0.0,0.0,0.0,0.0,0.0,0.0,0.0,0.0,0.0,0.0,0.0,0.0,0.0,0.0,0.0,0.0,0.0,0.0,0.0,0.0,0.0,0.0,0.0,0.0,0.0,0.0,0.0,0.0,0.0,0.0,0.0,0.0,0.0,0.0,0.0,0.0,0.0,0.0,0.0,0.0,0.0,0.0,0.0,0.0,0.0,0.0,0.0,0.0,0.0,0.0,0.0,0.0,0.0,0.0,0.0,0.0,0.0,0.0,0.0,0.0,0.0,0.0,0.0,0.0,0.0,0.0,0.0,0.0,0.0,0.0,0.0,0.0,0.0,0.0,0.0,0.0,0.0,0.0,0.0,0.0,0.0,0.0,0.0,0.0,0.0,0.0,0.0,0.0,0.0,0.0,0.0,0.0,0.0,0.0,0.0,0.0,0.0,0.0,0.0,0.0,0.0,0.0,0.0,0.0,0.0,0.0,0.0,0.0,0.0,0.0,0.0,0.0,0.0,0.0,0.0,0.0,0.0,0.0,0.0,0.0,0.0,0.0,0.0,0.0,0.0,0.0,0.0,0.0,0.0,0.0,0.0,0.0,0.0,0.0,0.0,0.0,0.0,0.0,0.0,0.0,0.0,0.0,0.0,0.0,0.0,0.0,0.0,0.0,0.0,0.0,0.0,0.0,0.0,0.0,0.0,0.0,0.0,0.0,0.0,0.0,0.0,0.0,0.0,0.0,0.0,0.0,0.0,0.0,0.0,0.0,0.0,0.0,0.0,0.0,0.0,0.0,0.0,0.0,0.0,0.0,0.0,0.0,0.0,0.0,0.0,0.0,0.0,0.0,0.0,0.0,0.0,0.0,0.0,0.0,0.0,0.0,0.0,0.0,0.0,0.0,0.0,0.0,0.0,0.0,0.0,0.0,0.0,0.0,0.0,0.0,0.0,0.0,0.0,0.0,0.0,0.0,0.0,0.0,0.0,0.0,0.0,0.0,0.0,0.0,0.0,0.0,0.0,0.0,0.0,0.0,0.0,0.0,0.0,0.0,0.0,0.0,0.0,0.0,0.0,0.0,0.0,0.0,0.0,0.0,0.0,0.0,0.0,0.0,0.0,0.0,0.0,0.0,0.0,0.0,0.0,0.0,0.0,0.0,0.0,0.0,0.0,0.0,0.0,0.0,0.0,0.0,0.0,0.0,0.0,0.0,0.0,0.0,0.0,0.0,0.0,0.0,0.0,0.0,0.0,0.0,0.0,0.0,0.0,0.0,0.0,0.0,0.0,0.0,0.0,0.0,0.0,0.0,0.0,0.0,0.0,0.0,0.0,0.0,0.0,0.0,0.0,0.0,0.0,0.0,0.0,0.0,0.0,0.0,0.0,0.0,0.0,0.0,0.0,0.0,0.0,0.0,0.0,0.0,0.0,0.0,0.0,0.0,0.0,0.0,0.0,0.0,0.0,0.0,0.0,0.0,0.0,0.0,0.0,0.0,0.0,0.0,0.0,0.0,0.0,0.0,0.0,0.0,0.0,0.0,0.0,0.0,0.0,0.0,0.0,0.0,0.0,0.0,0.0,0.0,0.0,0.0,0.0,0.0,0.0,0.0,0.0,0.0,0.0
Tax4,0.0,-0.6188951,-0.53405684,-0.4261842,-0.302539,-0.16855803,-0.02768252,0.11492675,0.2592353,0.40371266,0.5468999,0.6877923,0.8251968,0.9584762,1.0871154,1.209709,1.325502,1.4518218,1.5658901,1.6755854,1.7757508,1.8738655,1.9764643,2.054112,2.0998018,2.1765015,2.2516763,2.3246565,2.3671694,2.4090362,2.5200531,2.644975,2.7691898,2.8529296,2.9476132,3.0026195,2.9515393,3.076467,3.0902321,3.1883805,3.2792006,3.2722054,3.3881984,3.5131137,3.5739305,3.6732244,3.813713,3.8081684,3.9765353,4.0896015,4.1363335,4.2363076,4.312748,4.3309507,4.3860254,4.4403653,4.391464,4.479855,4.3299546,4.220294,4.1367226,4.0089817,3.943008,3.887986,4.0267324,4.1057806,0.6172929,0.6980375,4.5555353,4.635445,4.8154726,5.017901,5.0420036,0.8564319,5.2146263,0.89347833,0.9184118,1.0050858,1.0158958,1.082203,1.0968622,1.1543094,1.1580997,1.2144836,1.2842464,1.3730459,6.5811124,6.7512035,6.899171,7.0104995,7.204021,7.289917,7.4403586,7.5860353,7.5251045,7.3910475,7.4701166,7.5293417,7.431536,7.3921194,7.491379,7.3490424,7.486678,7.4990325,7.628874,7.5976086,7.5517097,7.625322,7.6290584,7.673176,7.7762046,7.816068,7.6479735,7.5616856,7.416863,0.8451935,0.8317261,0.8632861,0.84384185,0.7642866,0.724124,0.6632469,0.5777928,0.45989323,0.38215843,0.29419604,0.22552092,0.06736432,-0.08723113,-0.17877018,-0.3158443,-0.44860995,-0.5424034,-0.63016313,-0.79309815,-0.89569986,-1.0172229,-1.1302503,-1.2454058,-1.3827819,-1.5006906,-1.6249076,-1.7073911,-1.7823936,-1.8254936,-1.8544302,-1.8935423,-1.9385978,-1.9914066,-2.052741,-2.075543,-2.0776057,-2.006963,-1.9183105,-1.8314743,-1.7554916,-1.6820737,-1.6211513,-1.5842762,-1.5452905,-1.5286646,-1.5079108,-1.4947526,-1.4975606,-1.497777,-1.4888136,-1.4851614,-1.4451661,-1.447147,-1.4206614,-1.4014398,-1.3722308,-1.3571112,-1.3557708,-1.2868912,-1.2513138,-1.2666789,-1.269724,-1.2390628,-1.191035,-1.1623287,-1.1685872,-1.2372437,-1.3299745,-1.3929065,-1.4343425,-1.4664696,-1.5036151,-1.5215037,-1.5508558,-1.5599523,-1.5702637,-1.5589056,-1.5566268,-1.555483,-1.5504014,-1.5290358,-1.498066,-1.4905958,-1.4903177,-1.4579815,-1.4337319,-1.3999419,-1.3840761,-1.3723124,-1.366871,-1.3482966,-1.320142,-1.2941313,-1.276822,-1.2380546,-1.2148119,-1.1758683,-1.1484476,-1.1139693,-1.080022,-1.0404396,-1.0198333,-1.0082792,-0.99620456,-0.98006606,-0.9638103,-0.94850796,-0.9206521,-0.89459556,-0.8676596,-0.8568671,-0.8400341,-0.8299374,-0.8064686,-0.7934412,-0.76732963,-0.76212233,-0.73393995,-0.71575326,-0.70526737,-0.6737049,-0.6634454,-0.64559513,-0.61553335,-0.6008744,-0.5920763,-0.58241487,-0.5659601,-0.5578601,-0.5482754,-0.53887904,-0.51153976,-0.5041762,-0.49644417,-0.49316767,-0.4861434,-0.47919574,-0.47059685,-0.45772117,-0.44380003,-0.4347993,-0.42266506,-0.39684376,-0.388934,-0.37257534,-0.36521524,-0.35803548,-0.34652698,-0.33688608,-0.32938346,-0.31547934,-0.3024952,-0.30041504,-0.295237,-0.278722,-0.27692857,-0.26629087,-0.26151848,-0.25677615,-0.25037614,-0.23423705,-0.22110704,-0.21531537,-0.21390595,-0.2125005,-0.21109529,-0.19853292,-0.18843707,-0.18223989,-0.18105826,-0.17608404,-0.17041376,-0.16332258,-0.15913822,-0.15177232,-0.15074658,-0.14973542,-0.14873719,-0.14772737,-0.14414492,-0.13797711,-0.13655601,-0.13188222,-0.12974806,-0.12755314,-0.12542237,-0.12263681,-0.11939165,-0.11326402,-0.10705427,-0.10285229,-0.09842924,-0.09348514,-0.08352512,-0.07656212,-0.06607363,-0.057355296,-0.04772946,-0.036767203,-0.02478782,-0.010043735,0.007156591,0.027257621,0.046454635,0.07092118,0.11184498,0.18020812,0.25933832,0.3314845,0.35364538,0.35938472,0.36705834,0.37908083,0.37491867,0.39483935,0.4174709,0.4332784,0.46162012,0.49406335,0.5307092,0.5738874,0.62090605,1.9122082,2.1135073,2.3066373,2.5316658,2.7103257,2.8807166,2.9876544,2.9916806,2.8123848,2.5423346,2.1804464,1.8297906,1.3391167,0.86449367,0.45326367,0.13787687,-0.0056262515,-0.075981244,-0.09671893,-0.0996442,-0.09740503,-0.08454152,-0.071271084,-0.06750591,-0.053877894,-0.047802247,-0.044300113,-0.036553126,-0.19751972,-0.17754571,-0.15362307,-0.12751633,-0.1003285,-0.072771356,-0.04531345,-0.018236838,0.008217317,0.033884685,0.0586537,0.08242599,0.1051766,0.12684548,0.14745773,0.16699055,0.18536799,0.20267074,0.2188804,0.23408084,0.24812432,0.26130083,0.27350825,0.28454986,0.29441172,0.31385773,0.3223653,0.33054492,0.3379396,0.34535316,0.36359727,0.3802135,0.38133973,0.39242527,0.42502552,0.45734668,0.4787573,0.4584751,0.47020757,0.4764095,0.4686673,0.48668256,0.5391634,0.5441648,0.5422024,0.58042115,0.5877341,0.57816494,0.60496116,0.5802121,0.5767089,0.60111886,0.5795407,0.5894258,0.5966822,0.5930461,0.58671397,0.5745653,0.5414751,0.50432074,0.4998105,0.48414496,0.4672761,0.48084295,0.48434612,-0.010857043,-0.00030761468,0.53393716,0.5530049,0.58162206,0.59188974,0.59161866,0.022119796,0.6257152,0.03540705,0.0418161,0.050455607,0.0598205,0.064654306,0.07252494,0.078179345,0.088931836,0.08585174,0.10679731,0.11588461,0.860141,0.8940769,0.9189806,0.9517279,0.9693031,1.0011827,0.9785317,1.0002687,0.95091337,0.9528748,1.0150262,0.99185896,1.0472655,1.0173303,0.98396665,0.9833225,0.9623582,1.0018418,1.0101486,1.0067323,1.0002439,1.0371655,1.111224,1.1305131,1.0892018,1.117561,1.0880948,1.0408986,1.0219988,0.09433247,0.11147901,0.121080115,0.14103709,0.15324447,0.14420661,0.124523334,0.11033182,0.11955559,0.095060535,0.08756175,0.08827553,0.071506165,0.03876411,0.027962312,0.004542407,0.0071242107,0.0030770395,-0.010286189,-0.027947817,-0.053555585,-0.077956125,-0.10127557,-0.12434539,-0.15033811,-0.18115842,-0.20215914,-0.22322583,-0.23899199,-0.25165668,-0.25965697,-0.27015176,-0.28161323,-0.29573685,-0.3088099,-0.31201532,-0.31388035,-0.30173355,-0.2791983,-0.26436228,-0.24284168,-0.22744659,-0.2142613,-0.20432888,-0.1984404,-0.19211854,-0.18739295,-0.1857335,-0.18571524,-0.18802974,-0.19134542,-0.18631145,-0.17960656,-0.17933473,-0.17381208,-0.16852935,-0.16027257,-0.15716803,-0.15948778,-0.14247592,-0.13171063,-0.1352384,-0.13674828,-0.12927005,-0.114451386,-0.10410832,-0.10645803,-0.13275802,-0.1644248,-0.18258709,-0.19855072,-0.21382149,-0.2267789,-0.23515354,-0.24026828,-0.24827123,-0.25558862,-0.26023352,-0.2633282,-0.26676577,-0.26368186,-0.2667304,-0.2691106,-0.2642506,-0.25802818,-0.24657634,-0.230455,-0.2303792,-0.2249036,-0.21797255,-0.21828765,-0.21212092,-0.21150355,-0.21073772,-0.20992015,-0.2026759,-0.20161918,-0.19523562,-0.19401005,-0.18718934,-0.18605858,-0.18490675,-0.18373682,-0.1825548,-0.18136133,-0.18016481,-0.17378703,-0.17262873,-0.16529717,-0.14849983,-0.13679533,-0.13124408,-0.13035978,-0.122136764,-0.12134326,-0.115644366,-0.11487599,-0.11408936,-0.104028374,-0.10332767,-0.09486385,-0.09423767,-0.08763133,-0.08233205,-0.0817809,-0.073282205,-0.072796755,-0.067513436,-0.06704604,-0.06244899,-0.055942636,-0.05556739,-0.05519517,-0.054826513,-0.049343716,-0.04901782,-0.048691012,-0.048364602,-0.042532034,-0.0422522,-0.041966382,-0.04167619,-0.041386567,-0.041099504,-0.040809162,-0.036485348,-0.036244605,-0.0360135,-0.03578007,-0.035541125,-0.035311,-0.02383782,-0.02367393,-0.023509575,-0.023349546,-0.023195706,-0.023047196,-0.022893814,-0.022742186,-0.02259179,-0.022442605,-0.022297218,-0.022154005,-0.022011906,-0.021868035,-0.021724423,-0.021580651,-0.021440672,-0.021300772,-0.021162024,-0.021025257,-0.020888876,-0.020752495,-0.020614337,-0.020475961,-0.02033696,-0.020198567,-0.016485345,-0.016375234,-0.016263423,-0.016143197,-0.013288643,-0.0131404195,-0.012945285,-0.012707042,-0.012461411,-0.012223544,-0.011906618,-0.011534628,-0.011122612,-0.010672317,-0.0101635745,-0.009627566,-0.009026943,-0.008229462,-0.0073443283,-0.006267481,-0.0051263478,-0.0038693736,-0.0024409082,-0.0008851744,0.001027089,0.0032487202,0.005833397,0.008268103,0.011359847,0.016543338,0.025175504,0.0349865,0.04360205,0.04560208,0.045426037,0.0453981,0.045784842,0.04562839,0.04671287,0.047894835,0.0480684,0.050784837,0.052294936,0.053871997,0.055659376,0.05729103,0.17386788,0.18014482,0.18196727,0.1824884,0.1767589,0.16948079,0.15898304,0.1466422,0.13203253,0.11734609,0.102182075,0.08662323,0.06714463,0.044197578,0.022901146,0.0164685,0.013390754,0.011779397,0.0120889,0.016471904,0.015557934,0.013856738,0.013647978,0.016454078,0.01577531,0.015631564,0.014613457,0.012691908,-0.013167981,-0.010925779,-0.008552133,-0.0061324015,-0.0037164318,-0.0013318553,0.0010042225,0.0032848383,0.005507052,0.0076685464,0.009772813,0.011821904,0.013823708,0.015780501,0.01769502,0.019559287,0.021380125,0.023131646,0.024837181,0.026514273,0.028166063,0.029810924,0.03143189,0.032990985,0.034426406,0.035851955,0.037289523,0.03873399,0.04013682,0.041450124,0.042627387,0.0486974,0.050326258,0.05195073,0.05754354,0.06337449,0.06457376,0.06344076,0.06361808,0.06436188,0.064633995,0.06661661,0.06973404,0.07039209,0.07825561,0.08057492,0.0803837,0.08052452,0.086912096,0.08625839,0.0908526,0.0724144,0.067052126,0.057929017,0.06023169,0.05897747,0.058643572,0.054484464,0.0531855,0.051376425,0.04829366,0.04189088,0.042011213,0.042682704,0.045259465,-0.0012192612,-0.0005370183,0.049713396,0.05208559,0.054503717,0.056055404,0.05572915,0.0015067174,0.05716894,0.000882884,0.0013719655,0.0016740703,0.0026944084,0.003352398,0.0039344174,0.00561785,0.0058391667,0.00441374,0.0069597485,0.0077537447,0.074870065,0.08088923,0.08714126,0.08895709,0.07531296,0.08877017,0.08875958,0.097020805,0.07419755,0.07886403,0.07891475,0.09230457,0.09958922,0.09113935,0.0819982,0.07952553,0.08139352,0.08973578,0.08085895,0.09284417,0.09997175,0.09346725,0.097523294,0.09972591,0.10048913,0.11515762,0.10963927,0.10027199,0.101779655,0.009622488,0.00545541,0.011218639,0.008371685,0.01559674,0.010858728,0.010211747,0.015755277,0.012753397,0.012587864,0.011640132,0.01403027,0.0053059026,0.0041260878,0.0004903083,0.002583265,-0.00025720266,-0.00048059784,-0.00020103576,-0.0018924238,-0.0066960934,-0.0076521914,-0.00918748,-0.012194089,-0.015651612,-0.018250233,-0.021325072,-0.023436787,-0.025365185,-0.02678585,-0.02784583,-0.028496712,-0.030034354,-0.031678017,-0.033150468,-0.034246124,-0.034514844,-0.03317655,-0.031203298,-0.029319393,-0.027293101,-0.025188936,-0.023337448,-0.021811021,-0.020971544,-0.020113982,-0.019585123,-0.019849785,-0.020326575,-0.020546136,-0.021209521,-0.020799449,-0.01981524,-0.019690178,-0.019654615,-0.018467426,-0.017591955,-0.017079553,-0.017345589,-0.0146156335,-0.013249021,-0.013174232,-0.013119099,-0.012361856,-0.010032239,-0.008399257,-0.008620446,-0.012960389,-0.01823005,-0.021953762,-0.024883812,-0.027603595,-0.0298674,-0.031403895,-0.033041105,-0.034452,-0.03572122,-0.03654717,-0.03710617,-0.03769663,-0.038133994,-0.038646698,-0.039046757,-0.039244715,-0.039401073,-0.039604276,-0.039714217,-0.03971223,-0.039702527,-0.039807055,-0.03986681,-0.03980324,-0.039686173,-0.039540466,-0.03431356,-0.034152064,-0.033971682,-0.03376924,-0.03355569,-0.033348467,-0.033145268,-0.032938473,-0.032728665,-0.03251689,-0.032303285,-0.032089274,-0.031876616,-0.03166347,-0.031449884,-0.031236365,-0.031025589,-0.030818872,-0.03061089,-0.03040683,-0.030208627,-0.022343341,-0.022194589,-0.0220426,-0.021892317,-0.021744756,-0.021599729,-0.021456923,-0.021314079,-0.021171577,-0.021029776,-0.020889949,-0.020751435,-0.020611823,-0.02046941,-0.020331457,-0.020196432,-0.020060988,-0.019926632,-0.019793542,-0.019661391,-0.019531457,-0.019401247,-0.01927125,-0.019143833,-0.019017795,-0.018889304,-0.018759044,-0.018629085,-0.018500261,-0.018370131,-0.018239904,-0.018119527,-0.01800369,-0.013781205,-0.013689236,-0.0136004705,-0.013509813,-0.013417186,-0.01332436,-0.0132338535,-0.013146654,-0.013062301,-0.012975425,-0.012889515,-0.012804294,-0.01271975,-0.012637248,-0.01255593,-0.012475238,-0.0123936515,-0.012312243,-0.012230787,-0.012151369,-0.012072031,-0.011993337,-0.011915728,-0.011838356,-0.011761023,-0.011682791,-0.011604481,-0.01152588,-0.011447633,-0.011370629,-0.011294762,-0.011217844,-0.011135576,-0.01104122,-0.010921668,-0.010765921,-0.010576892,-0.010382154,-0.010193412,-0.00994358,-0.009651165,-0.009327766,-0.008974713,-0.008576402,-0.008156928,-0.007687382,-0.0070653968,-0.0063754027,-0.0055367704,-0.004648159,-0.0036696405,-0.0025580805,-0.0013476297,0.00013945124,0.0018667141,0.0038760793,0.0057695806,0.008173591,0.012202585,0.018913055,0.026546381,0.03326089,0.034843028,0.034749772,0.03479114,0.035178524,0.035164446,0.036147706,0.037241,0.037575535,0.039973363,0.041484572,0.043127324,0.045028433,0.046912715,0.14394005,0.15128914,0.15566629,0.15974104,0.12018016,0.11874373,0.115061685,0.10996033,0.10303567,0.095717385,0.08901982,0.08295299,0.07395284,0.05904089,0.044246122,0.03157363,0.024846159,0.020558218,0.019603191,0.018402565,0.017532934,0.018147083,0.018167097,0.014418741,0.014075306,0.01420797,0.015293054,0.01434321,0.0,0.0,0.0,0.0,0.0,0.0,0.0,0.0,0.0,0.0,0.0,0.0,0.0,0.0,0.0,0.0,0.0,0.0,0.0,0.0,0.0,0.0,0.0,0.0,0.0,0.0,0.0,0.0,0.0,0.0,0.0,0.0,0.0,0.0,0.0,0.0,0.0,0.0,0.0,0.0,0.0,0.0,0.0,0.0,0.0,0.0,0.0,0.0,0.0,0.0,0.0,0.0,0.0,0.0,0.0,0.0,0.0,0.0,0.0,0.0,0.0,0.0,0.0,0.0,0.0,0.0,0.0,0.0,0.0,0.0,0.0,0.0,0.0,0.0,0.0,0.0,0.0,0.0,0.0,0.0,0.0,0.0,0.0,0.0,0.0,0.0,0.0,0.0,0.0,0.0,0.0,0.0,0.0,0.0,0.0,0.0,0.0,0.0,0.0,0.0,0.0,0.0,0.0,0.0,0.0,0.0,0.0,0.0,0.0,0.0,0.0,0.0,0.0,0.0,0.0,0.0,0.0,0.0,0.0,0.0,0.0,0.0,0.0,0.0,0.0,0.0,0.0,0.0,0.0,0.0,0.0,0.0,0.0,0.0,0.0,0.0,0.0,0.0,0.0,0.0,0.0,0.0,0.0,0.0,0.0,0.0,0.0,0.0,0.0,0.0,0.0,0.0,0.0,0.0,0.0,0.0,0.0,0.0,0.0,0.0,0.0,0.0,0.0,0.0,0.0,0.0,0.0,0.0,0.0,0.0,0.0,0.0,0.0,0.0,0.0,0.0,0.0,0.0,0.0,0.0,0.0,0.0,0.0,0.0,0.0,0.0,0.0,0.0,0.0,0.0,0.0,0.0,0.0,0.0,0.0,0.0,0.0,0.0,0.0,0.0,0.0,0.0,0.0,0.0,0.0,0.0,0.0,0.0,0.0,0.0,0.0,0.0,0.0,0.0,0.0,0.0,0.0,0.0,0.0,0.0,0.0,0.0,0.0,0.0,0.0,0.0,0.0,0.0,0.0,0.0,0.0,0.0,0.0,0.0,0.0,0.0,0.0,0.0,0.0,0.0,0.0,0.0,0.0,0.0,0.0,0.0,0.0,0.0,0.0,0.0,0.0,0.0,0.0,0.0,0.0,0.0,0.0,0.0,0.0,0.0,0.0,0.0,0.0,0.0,0.0,0.0,0.0,0.0,0.0,0.0,0.0,0.0,0.0,0.0,0.0,0.0,0.0,0.0,0.0,0.0,0.0,0.0,0.0,0.0,0.0,0.0,0.0,0.0,0.0,0.0,0.0,0.0,0.0,0.0,0.0,0.0,0.0,0.0,0.0,0.0,0.0,0.0,0.0,0.0,0.0,0.0,0.0,0.0,0.0,0.0,0.0,0.0,0.0,0.0,0.0,0.0,0.0,0.0,0.0,0.0,0.0,0.0,0.0,0.0,0.0,0.0,0.0,0.0,0.0,0.0,0.0,0.0,0.0,0.0,0.0,0.0,0.0,0.0,0.0,0.0,0.0,0.0,0.0,0.0,0.0,0.0,0.0,0.0,0.0,0.0,0.0,0.0,0.0,0.0,0.0,0.0,0.0,0.0,0.0,0.0,0.0,0.0,0.0,0.0,0.0,0.0,0.0,0.0,0.0,0.0,0.0,0.0,0.0,0.0,0.0,0.0,0.0,0.0,0.0,0.0,0.0,0.0,0.0,0.0,0.0,0.0,0.0,0.0,0.0,0.0,0.0,0.0,0.0,0.0,0.0,0.0,0.0,0.0,0.0,0.0,0.0,0.0,0.0,0.0,0.0,0.0,0.0,0.0,0.0,0.0,0.0,0.0,0.0,0.0,0.0,0.0,0.0,0.0,0.0,0.0,0.0,0.0,0.0,0.0,0.0,0.0,0.0,0.0,0.0,0.0,0.0,0.0,0.0,0.0,0.0,0.0,0.0,0.0,0.0,0.0,0.0,0.0,0.0,0.0,0.0,0.0,0.0,0.0,0.0,0.0,0.0,0.0,0.0,0.0,0.0,0.0,0.0,0.0,0.0,0.0,0.0,0.0,0.0,0.0,0.0,0.0,0.0,0.0,0.0,0.0,0.0,0.0,0.0,0.0,0.0,0.0,0.0,0.0,0.0,0.0,0.0,0.0,0.0,0.0,0.0,0.0,0.0,0.0,0.0,0.0,0.0,0.0,0.0,0.0,0.0,0.0,0.0,0.0,0.0,0.0,0.0,0.0,0.0,0.0,0.0,0.0,0.0,0.0,0.0,0.0,0.0,0.0,0.0,0.0,0.0,0.0,0.0,0.0,0.0,0.0,0.0,0.0,0.0,0.0,0.0,0.0,0.0,0.0,0.0,0.0,0.0,0.0,0.0,0.0,0.0,0.0,0.0,0.0,0.0,0.0,0.0,0.0,0.0,0.0,0.0,0.0,0.0,0.0,0.0,0.0,0.0,0.0,0.0,0.0,0.0,0.0,0.0,0.0,0.0,0.0,0.0,0.0,0.0,0.0,0.0,0.0,0.0,0.0,0.0,0.0,0.0,0.0,0.0,0.0,0.0,0.0,0.0,0.0,0.0,0.0,0.0,0.0,0.0,0.0,0.0,0.0,0.0,0.0,0.0,0.0,0.0,0.0,0.0,0.0,0.0,0.0,0.0,0.0,0.0,0.0,0.0,0.0,0.0,0.0,0.0,0.0,0.0,0.0,0.0,0.0,0.0,0.0,0.0,0.0,0.0,0.0,0.0,0.0,0.0,0.0,0.0,0.0,0.0,0.0,0.0,0.0,0.0,0.0,0.0,0.0,0.0,0.0,0.0,0.0,0.0,0.0,0.0,0.0,0.0,0.0,0.0,0.0,0.0,0.0,0.0,0.0,0.0,0.0,0.0,0.0,0.0,0.0,0.0,0.0,0.0,0.0,0.0,0.0,0.0,0.0,0.0,0.0,0.0,0.0,0.0,0.0,0.0,0.0,0.0,0.0,0.0,0.0,0.0,0.0,0.0,0.0,0.0,0.0,0.0,0.0,0.0,0.0,0.0,0.0,0.0,0.0,0.0,0.0,0.0,0.0,0.0,0.0,0.0,0.0,0.0,0.0,0.0,0.0,0.0,0.0,0.0,0.0,0.0,0.0,0.0,0.0,0.0,0.0,0.0,0.0,0.0,0.0,0.0,0.0,0.0,0.0,0.0,0.0,0.0,0.0,0.0,0.0,0.0,0.0,0.0,0.0,0.0,0.0,0.0,0.0,0.0,0.0,0.0,0.0,0.0,0.0,0.0,0.0,0.0,0.0,0.0,0.0,0.0,0.0,0.0,0.0,0.0,0.0,0.0,0.0,0.0,0.0,0.0,0.0,0.0,0.0,0.0,0.0,0.0,0.0,0.0,0.0,0.0,0.0,0.0,0.0,0.0,0.0,0.0,0.0,0.0,0.0,0.0,0.0,0.0,0.0,0.0,0.0,0.0,0.0,0.0,0.0,0.0,0.0,0.0,0.0,0.0,0.0,0.0,0.0,0.0,0.0,0.0,0.0,0.0,0.0,0.0,0.0,0.0,0.0,0.0,0.0,0.0,0.0,0.0,0.0,0.0,0.0,0.0,0.0,0.0,0.0,0.0,0.0,0.0,0.0,0.0,0.0,0.0,0.0,0.0,0.0,0.0,0.0,0.0,0.0,0.0,0.0,0.0,0.0,0.0,0.0,0.0,0.0,0.0,0.0,0.0,0.0,0.0,0.0,0.0,0.0,0.0,0.0,0.0,0.0,0.0,0.0,0.0,0.0,0.0,0.0,0.0,0.0,0.0,0.0,0.0,0.0,0.0,0.0,0.0,0.0,0.0,0.0,0.0,0.0,0.0,0.0,0.0,0.0,0.0,0.0,0.0,0.0,0.0,0.0,0.0,0.0,0.0,0.0,0.0,0.0,0.0,0.0,0.0,0.0,0.0,0.0,0.0,0.0,0.0,0.0,0.0,0.0,0.0,0.0,0.0,0.0,0.0,0.0,0.0,0.0,0.0,0.0,0.0,0.0,0.0,0.0,0.0,0.0,0.0,0.0,0.0,0.0,0.0,0.0,0.0,0.0,0.0,0.0,0.0,0.0,0.0,0.0,0.0,0.0,0.0,0.0,0.0,0.0,0.0,0.0,0.0,0.0,0.0,0.0,0.0,0.0,0.0,0.0,0.0,0.0,0.0,0.0,0.0,0.0,0.0,0.0,0.0,0.0,0.0,0.0,0.0,0.0,0.0,0.0,0.0,0.0,0.0,0.0,0.0,0.0,0.0,0.0,0.0,0.0,0.0,0.0,0.0,0.0,0.0,0.0,0.0,0.0,0.0,0.0,0.0,0.0,0.0,0.0,0.0,0.0,0.0,0.0,0.0,0.0,0.0,0.0,0.0,0.0,0.0,0.0,0.0,0.0,0.0,0.0,0.0,0.0,0.0,0.0,0.0,0.0,0.0,0.0,0.0,0.0,0.0,0.0,0.0,0.0,0.0,0.0,0.0,0.0,0.0,0.0,0.0,0.0,0.0,0.0,0.0,0.0,0.0,0.0,0.0,0.0,0.0,0.0,0.0,0.0,0.0,0.0,0.0,0.0,0.0,0.0,0.0,0.0,0.0,0.0,0.0,0.0,0.0,0.0,0.0,0.0,0.0,0.0,0.0,0.0,0.0,0.0,0.0,0.0,0.0,0.0,0.0,0.0,0.0,0.0,0.0,0.0,0.0,0.0,0.0,0.0,0.0,0.0,0.0,0.0,0.0,0.0,0.0,0.0,0.0,0.0,0.0,0.0,0.0,0.0,0.0,0.0,0.0,0.0,0.0,0.0,0.0,0.0,0.0,0.0,0.0,0.0,0.0,0.0,0.0,0.0,0.0,0.0,0.0,0.0,0.0,0.0,0.0,0.0,0.0,0.0,0.0,0.0,0.0,0.0,0.0,0.0,0.0,0.0,0.0,0.0,0.0,0.0,0.0,0.0,0.0,0.0,0.0,0.0,0.0,0.0,0.0,0.0,0.0,0.0,0.0,0.0,0.0,0.0,0.0,0.0,0.0,0.0,0.0,0.0,0.0,0.0,0.0,0.0,0.0,0.0,0.0,0.0,0.0,0.0,0.0,0.0,0.0,0.0,0.0,0.0,0.0,0.0,0.0,0.0,0.0,0.0,0.0,0.0,0.0,0.0,0.0,0.0,0.0,0.0,0.0,0.0,0.0,0.0,0.0,0.0,0.0,0.0,0.0,0.0,0.0,0.0,0.0,0.0,0.0,0.0,0.0,0.0,0.0,0.0,0.0,0.0,0.0,0.0,0.0,0.0,0.0,0.0,0.0,0.0,0.0,0.0,0.0,0.0,0.0,0.0,0.0,0.0,0.0,0.0,0.0,0.0,0.0,0.0,0.0,0.0,0.0,0.0,0.0,0.0,0.0,0.0,0.0,0.0,0.0,0.0,0.0,0.0,0.0,0.0,0.0,0.0,0.0,0.0,0.0,0.0,0.0,0.0,0.0,0.0,0.0,0.0,0.0,0.0,0.0,0.0,0.0,0.0,0.0,0.0,0.0,0.0,0.0,0.0,0.0,0.0,0.0,0.0,0.0,0.0,0.0,0.0,0.0,0.0,0.0,0.0,0.0,0.0,0.0,0.0,0.0,0.0,0.0,0.0,0.0,0.0,0.0,0.0,0.0,0.0,0.0,0.0,0.0,0.0,0.0,0.0,0.0,0.0,0.0,0.0,0.0,0.0,0.0,0.0,0.0,0.0,0.0,0.0,0.0,0.0,0.0,0.0,0.0,0.0,0.0,0.0,0.0,0.0,0.0,0.0,0.0,0.0,0.0,0.0,0.0,0.0,0.0,0.0,0.0,0.0,0.0,0.0,0.0,0.0,0.0,0.0,0.0,0.0,0.0,0.0,0.0,0.0,0.0,0.0,0.0,0.0,0.0,0.0,0.0,0.0,0.0,0.0,0.0,0.0,0.0,0.0,0.0,0.0,0.0,0.0,0.0,0.0,0.0,0.0,0.0,0.0,0.0,0.0,0.0,0.0,0.0,0.0,0.0,0.0,0.0,0.0,0.0,0.0,0.0,0.0,0.0,0.0,0.0,0.0,0.0,0.0,0.0,0.0,0.0,0.0,0.0,0.0,0.0,0.0,0.0,0.0,0.0,0.0,0.0,0.0,0.0,0.0,0.0,0.0,0.0,0.0,0.0,0.0,0.0,0.0,0.0,0.0,0.0,0.0,0.0,0.0,0.0,0.0,0.0,0.0,0.0,0.0,0.0,0.0,0.0,0.0,0.0,0.0,0.0,0.0,0.0,0.0,0.0,0.0,0.0,0.0,0.0,0.0,0.0,0.0,0.0,0.0,0.0,0.0,0.0,0.0,0.0,0.0,0.0,0.0,0.0,0.0,0.0,0.0,0.0,0.0,0.0,0.0,0.0,0.0,0.0,0.0,0.0,0.0,0.0,0.0,0.0,0.0,0.0,0.0,0.0,0.0,0.0,0.0,0.0,0.0,0.0,0.0,0.0,0.0,0.0,0.0,0.0,0.0,0.0,0.0,0.0,0.0,0.0,0.0,0.0,0.0,0.0,0.0,0.0,0.0,0.0,0.0,0.0,0.0,0.0,0.0,0.0,0.0,0.0,0.0,0.0,0.0,0.0,0.0,0.0,0.0,0.0,0.0,0.0,0.0,0.0,0.0,0.0,0.0,0.0,0.0,0.0,0.0,0.0,0.0,0.0,0.0,0.0,0.0,0.0,0.0,0.0,0.0,0.0,0.0,0.0,0.0,0.0,0.0,0.0,0.0,0.0,0.0,0.0,0.0,0.0,0.0,0.0,0.0,0.0,0.0,0.0,0.0,0.0,0.0,0.0,0.0,0.0,0.0,0.0,0.0,0.0,0.0,0.0,0.0,0.0,0.0,0.0,0.0,0.0,0.0,0.0,0.0,0.0,0.0,0.0,0.0,0.0,0.0,0.0,0.0,0.0,0.0,0.0,0.0,0.0,0.0,0.0,0.0,0.0,0.0,0.0,0.0,0.0,0.0,0.0,0.0,0.0,0.0,0.0,0.0,0.0,0.0,0.0,0.0,0.0,0.0,0.0,0.0,0.0,0.0,0.0,0.0,0.0,0.0,0.0,0.0,0.0,0.0,0.0,0.0,0.0,0.0,0.0,0.0,0.0,0.0,0.0,0.0,0.0,0.0,0.0,0.0,0.0,0.0,0.0,0.0,0.0,0.0,0.0,0.0,0.0,0.0,0.0,0.0,0.0,0.0,0.0,0.0,0.0,0.0,0.0,0.0,0.0,0.0,0.0,0.0,0.0,0.0,0.0,0.0,0.0,0.0,0.0,0.0,0.0,0.0,0.0,0.0,0.0,0.0,0.0,0.0,0.0,0.0,0.0,0.0,0.0,0.0,0.0,0.0,0.0,0.0,0.0,0.0,0.0,0.0,0.0,0.0,0.0,0.0,0.0,0.0,0.0,0.0,0.0,0.0,0.0,0.0,0.0,0.0,0.0,0.0,0.0,0.0,0.0,0.0,0.0,0.0,0.0,0.0,0.0,0.0,0.0,0.0,0.0,0.0,0.0,0.0,0.0,0.0,0.0,0.0,0.0,0.0,0.0,0.0,0.0,0.0,0.0,0.0,0.0,0.0,0.0,0.0,0.0,0.0,0.0,0.0,0.0,0.0,0.0,0.0,0.0,0.0,0.0,0.0,0.0,0.0,0.0,0.0,0.0,0.0,0.0,0.0,0.0,0.0,0.0,0.0,0.0,0.0,0.0,0.0,0.0,0.0,0.0,0.0,0.0,0.0,0.0,0.0,0.0,0.0,0.0,0.0,0.0,0.0,0.0,0.0,0.0,0.0,0.0,0.0,0.0,0.0,0.0,0.0,0.0,0.0,0.0,0.0,0.0,0.0,0.0,0.0,0.0,0.0,0.0,0.0,0.0,0.0,0.0,0.0,0.0,0.0,0.0,0.0,0.0,0.0,0.0,0.0,0.0,0.0,0.0,0.0,0.0,0.0,0.0,0.0,0.0,0.0,0.0,0.0,0.0,0.0,0.0,0.0,0.0,0.0,0.0,0.0,0.0,0.0,0.0
Tax5,0.0,-1.359922,-1.2475334,-1.1253805,-0.99875915,-0.87042415,-0.74265856,-0.6170855,-0.49214122,-0.37543315,-0.26352367,-0.15672715,-0.05247633,0.040946502,0.12804809,0.20887277,0.283294,0.36133167,0.42906338,0.5001821,0.5444314,0.59681016,0.6657488,0.717509,0.7581155,0.81095004,0.87230456,0.9182397,0.9450592,0.97574717,1.015357,1.0642902,1.1369077,1.2235675,1.2561795,1.3039806,1.370151,1.3941282,1.3857191,1.3903705,1.434376,1.4567409,1.518246,1.5970304,1.6635696,1.716923,1.7812595,1.6765367,1.6486005,1.6502502,1.5704204,1.5633514,1.5723362,1.5615708,1.582307,1.5222358,1.3982296,1.3030877,1.1995386,1.1198024,1.0129869,0.8784742,0.76877004,0.7052279,0.7097138,0.7069688,0.3395875,0.40302238,0.82695764,0.859278,0.93878406,0.95289326,0.923846,0.5140859,0.9833816,0.4888856,0.537535,0.5824137,0.58069074,0.60744137,0.63242716,0.70531833,0.69675696,0.7028653,0.7500787,0.80915177,1.329752,1.3176643,1.4140238,1.4245986,1.4191036,1.4428511,1.4593694,1.4043123,1.3860551,1.2705921,1.1450846,1.2189376,1.1984056,1.08211,1.0279936,1.024014,1.0485464,0.9869125,0.99120486,0.9755472,0.83739924,0.86855817,0.79492515,0.7899576,0.78749067,0.8131877,0.7437316,0.6310094,0.54420745,0.080283076,0.048438717,0.052208945,-0.012856935,-0.008516658,-0.04345338,-0.066983044,-0.11213922,-0.15830989,-0.14170946,-0.19096276,-0.2473536,-0.27917784,-0.36012536,-0.41559935,-0.46325955,-0.48484656,-0.5252452,-0.57379615,-0.58886975,-0.638267,-0.6663408,-0.7069645,-0.7296144,-0.786107,-0.81748563,-0.86708796,-0.9056133,-0.9050987,-0.92638546,-0.9216118,-0.9020729,-0.910269,-0.8910611,-0.8498431,-0.8141159,-0.7760215,-0.72234553,-0.67119586,-0.59544015,-0.5438622,-0.48610052,-0.46020672,-0.43061364,-0.42082015,-0.39378318,-0.38419062,-0.38452715,-0.38892713,-0.37634444,-0.37671763,-0.36350194,-0.34843352,-0.34691462,-0.3333524,-0.31362513,-0.29664522,-0.28706142,-0.2848335,-0.2662151,-0.2566246,-0.24783167,-0.23769993,-0.23196778,-0.22047362,-0.20798025,-0.20751679,-0.22940736,-0.24856246,-0.26006654,-0.2701427,-0.26407135,-0.2727266,-0.2771323,-0.28327495,-0.27264118,-0.25941688,-0.26108468,-0.25156185,-0.23367551,-0.22486462,-0.22611229,-0.2170964,-0.21675454,-0.2075107,-0.19946608,-0.18206441,-0.16036667,-0.13451722,-0.124756336,-0.10519204,-0.09684977,-0.08940843,-0.077649735,-0.06009633,-0.0597373,-0.05930972,-0.049189758,-0.04184638,-0.025292164,-0.025057318,-0.024821073,-0.015798176,-0.01564966,-0.015482014,-0.015311951,-0.0151319355,-0.0071280594,-0.007049354,-0.0069711907,-0.0068897274,-0.0068043214,-0.00672339,-0.006639666,-0.0065511586,-0.0064561763,-0.006375227,-0.0063024657,0.0,0.0,0.0,0.0,0.0,0.0,0.0,0.0,0.0,0.0,0.0,0.0,0.0,0.0,0.0,0.0,0.0,0.0,0.0,0.0,0.0,0.0,0.0,0.0,0.0,0.0,0.0,0.0,0.0,0.0,0.0,0.0,0.0,0.0,0.0,0.0,0.0,0.0,0.0,0.0,0.0,0.0,0.0,0.0,0.0,0.0,0.0,0.0,0.0,0.0,0.0,0.0,0.0,0.0,0.0,0.0,0.0,0.0,0.0,0.0,0.0,0.0,0.0,0.0,0.0,0.0,0.0,0.0,0.0,0.0,0.0,0.0,0.0,0.0,0.0,0.0,0.0,0.0,0.0,0.0,0.0,0.0,0.0,0.0,0.0,0.0,0.0,0.0,0.0,0.0,0.0,0.0,0.0,0.0,0.0,0.0,0.0,0.0,0.0,0.0,0.0,0.0,0.0,0.0,0.0,0.0,0.0,0.0,0.0,0.0,0.0,0.0,0.0,0.0,0.0,0.0,0.0,0.0,0.0,0.0,0.0,0.0,0.0,0.0,0.0,0.0,0.0,0.0,0.0,0.0,0.0,0.0,0.0,0.0,0.0,0.0,0.0,0.0,0.0,0.0,0.0,0.0,0.0,0.0,0.0,0.0,0.0,0.0,0.0,0.0,0.0,0.0,0.0,0.0,0.0,0.0,0.0,0.0,0.0,0.0,0.0,0.0,0.0,0.0,0.0,0.0,0.0,0.0,0.0,0.0,0.0,0.0,0.0,0.0,0.0,0.0,0.0,0.0,0.0,0.0,0.0,0.0,0.0,0.0,0.0,0.0,0.0,0.0,0.0,0.0,0.0,0.0,0.0,0.0,0.0,0.0,0.0,0.0,0.0,0.0,0.0,0.0,0.0,0.0,0.0,0.0,0.0,0.0,0.0,0.0,0.0,0.0,0.0,0.0,0.0,0.0,0.0,0.0,0.0,0.0,0.0,0.0,0.0,0.0,0.0,0.0,0.0,0.0,0.0,0.0,0.0,0.0,0.0,0.0,0.0,0.0,0.0,0.0,0.0,0.0,0.0,0.0,0.0,0.0,0.0,0.0,0.0,0.0,0.0,0.0,0.0,0.0,0.0,0.0,0.0,0.0,0.0,0.0,0.0,0.0,0.0,0.0,0.0,0.0,0.0,0.0,0.0,0.0,0.0,0.0,0.0,0.0,0.0,0.0,0.0,0.0,0.0,0.0,0.0,0.0,0.0,0.0,0.0,0.0,0.0,0.0,0.0,0.0,0.0,0.0,0.0,0.0,0.0,0.0,0.0,0.0,0.0,0.0,0.0,0.0,0.0,0.0,0.0,0.0,0.0,0.0,0.0,0.0,0.0,0.0,0.0,0.0,0.0,0.0,0.0,0.0,0.0,0.0,0.0,0.0,0.0,0.0,0.0,0.0,0.0,0.0,0.0,0.0,0.0,0.0,0.0,0.0,0.0,0.0,0.0,0.0,0.0,0.0,0.0,0.0,0.0,0.0,0.0,0.0,0.0,0.0,0.0,0.0,0.0,0.0,0.0,0.0,0.0,0.0,0.0,0.0,0.0,0.0,0.0,0.0,0.0,0.0,0.0,0.0,0.0,0.0,0.0,0.0,0.0,0.0,0.0,0.0,0.0,0.0,0.0,0.0,0.0,0.0,0.0,0.0,0.0,0.0,0.0,0.0,0.0,0.0,0.0,0.0,0.0,0.0,0.0,0.0,0.0,0.0,0.0,0.0,0.0,0.0,0.0,0.0,0.0,0.0,0.0,0.0,0.0,0.0,0.0,0.0,0.0,0.0,0.0,0.0,0.0,0.0,0.0,0.0,0.0,0.0,0.0,0.0,0.0,0.0,0.0,0.0,0.0,0.0,0.0,0.0,0.0,0.0,0.0,0.0,0.0,0.0,0.0,0.0,0.0,0.0,0.0,0.0,0.0,0.0,0.0,0.0,0.0,0.0,0.0,0.0,0.0,0.0,0.0,0.0,0.0,0.0,0.0,0.0,0.0,0.0,0.0,0.0,0.0,0.0,0.0,0.0,0.0,0.0,0.0,0.0,0.0,0.0,0.0,0.0,0.0,0.0,0.0,0.0,0.0,0.0,0.0,0.0,0.0,0.0,0.0,0.0,0.0,0.0,0.0,0.0,0.0,0.0,0.0,0.0,0.0,0.0,0.0,0.0,0.0,0.0,0.0,0.0,0.0,0.0,0.0,0.0,0.0,0.0,0.0,0.0,0.0,0.0,0.0,0.0,0.0,0.0,0.0,0.0,0.0,0.0,0.0,0.0,0.0,0.0,0.0,0.0,0.0,0.0,0.0,0.0,0.0,0.0,0.0,0.0,0.0,0.0,0.0,0.0,0.0,0.0,0.0,0.0,0.0,0.0,0.0,0.0,0.0,0.0,0.0,0.0,0.0,0.0,0.0,0.0,0.0,0.0,0.0,0.0,0.0,0.0,0.0,0.0,0.0,0.0,0.0,0.0,0.0,0.0,0.0,0.0,0.0,0.0,0.0,0.0,0.0,0.0,0.0,0.0,0.0,0.0,0.0,0.0,0.0,0.0,0.0,0.0,0.0,0.0,0.0,0.0,0.0,0.0,0.0,0.0,0.0,0.0,0.0,0.0,0.0,0.0,0.0,0.0,0.0,0.0,0.0,0.0,0.0,0.0,0.0,0.0,0.0,0.0,0.0,0.0,0.0,0.0,0.0,0.0,0.0,0.0,0.0,0.0,0.0,0.0,0.0,0.0,0.0,0.0,0.0,0.0,0.0,0.0,0.0,0.0,0.0,0.0,0.0,0.0,0.0,0.0,0.0,0.0,0.0,0.0,0.0,0.0,0.0,0.0,0.0,0.0,0.0,0.0,0.0,0.0,0.0,0.0,0.0,0.0,0.0,0.0,0.0,0.0,0.0,0.0,0.0,0.0,0.0,0.0,0.0,0.0,0.0,0.0,0.0,0.0,0.0,0.0,0.0,0.0,0.0,0.0,0.0,0.0,0.0,0.0,0.0,0.0,0.0,0.0,0.0,0.0,0.0,0.0,0.0,0.0,0.0,0.0,0.0,0.0,0.0,0.0,0.0,0.0,0.0,0.0,0.0,0.0,0.0,0.0,0.0,0.0,0.0,0.0,0.0,0.0,0.0,0.0,0.0,0.0,0.0,0.0,0.0,0.0,0.0,0.0,0.0,0.0,0.0,0.0,0.0,0.0,0.0,0.0,0.0,0.0,0.0,0.0,0.0,0.0,0.0,0.0,0.0,0.0,0.0,0.0,0.0,0.0,0.0,0.0,0.0,0.0,0.0,0.0,0.0,0.0,0.0,0.0,0.0,0.0,0.0,0.0,0.0,0.0,0.0,0.0,0.0,0.0,0.0,0.0,0.0,0.0,0.0,0.0,0.0,0.0,0.0,0.0,0.0,0.0,0.0,0.0,0.0,0.0,0.0,0.0,0.0,0.0,0.0,0.0,0.0,0.0,0.0,0.0,0.0,0.0,0.0,0.0,0.0,0.0,0.0,0.0,0.0,0.0,0.0,0.0,0.0,0.0,0.0,0.0,0.0,0.0,0.0,0.0,0.0,0.0,0.0,0.0,0.0,0.0,0.0,0.0,0.0,0.0,0.0,0.0,0.0,0.0,0.0,0.0,0.0,0.0,0.0,0.0,0.0,0.0,0.0,0.0,0.0,0.0,0.0,0.0,0.0,0.0,0.0,0.0,0.0,0.0,0.0,0.0,0.0,0.0,0.0,0.0,0.0,0.0,0.0,0.0,0.0,0.0,0.0,0.0,0.0,0.0,0.0,0.0,0.0,0.0,0.0,0.0,0.0,0.0,0.0,0.0,0.0,0.0,0.0,0.0,0.0,0.0,0.0,0.0,0.0,0.0,0.0,0.0,0.0,0.0,0.0,0.0,0.0,0.0,0.0,0.0,0.0,0.0,0.0,0.0,0.0,0.0,0.0,0.0,0.0,0.0,0.0,0.0,0.0,0.0,0.0,0.0,0.0,0.0,0.0,0.0,0.0,0.0,0.0,0.0,0.0,0.0,0.0,0.0,0.0,0.0,0.0,0.0,0.0,0.0,0.0,0.0,0.0,0.0,0.0,0.0,0.0,0.0,0.0,0.0,0.0,0.0,0.0,0.0,0.0,0.0,0.0,0.0,0.0,0.0,0.0,0.0,0.0,0.0,0.0,0.0,0.0,0.0,0.0,0.0,0.0,0.0,0.0,0.0,0.0,0.0,0.0,0.0,0.0,0.0,0.0,0.0,0.0,0.0,0.0,0.0,0.0,0.0,0.0,0.0,0.0,0.0,0.0,0.0,0.0,0.0,0.0,0.0,0.0,0.0,0.0,0.0,0.0,0.0,0.0,0.0,0.0,0.0,0.0,0.0,0.0,0.0,0.0,0.0,0.0,0.0,0.0,0.0,0.0,0.0,0.0,0.0,0.0,0.0,0.0,0.0,0.0,0.0,0.0,0.0,0.0,0.0,0.0,0.0,0.0,0.0,0.0,0.0,0.0,0.0,0.0,0.0,0.0,0.0,0.0,0.0,0.0,0.0,0.0,0.0,0.0,0.0,0.0,0.0,0.0,0.0,0.0,0.0,0.0,0.0,0.0,0.0,0.0,0.0,0.0,0.0,0.0,0.0,0.0,0.0,0.0,0.0,0.0,0.0,0.0,0.0,0.0,0.0,0.0,0.0,0.0,0.0,0.0,0.0,0.0,0.0,0.0,0.0,0.0,0.0,0.0,0.0,0.0,0.0,0.0,0.0,0.0,0.0,0.0,0.0,0.0,0.0,0.0,0.0,0.0,0.0,0.0,0.0,0.0,0.0,0.0,0.0,0.0,0.0,0.0,0.0,0.0,0.0,0.0,0.0,0.0,0.0,0.0,0.0,0.0,0.0,0.0,0.0,0.0,0.0,0.0,0.0,0.0,0.0,0.0,0.0,0.0,0.0,0.0,0.0,0.0,0.0,0.0,0.0,0.0,0.0,0.0,0.0,0.0,0.0,0.0,0.0,0.0,0.0,0.0,0.0,0.0,0.0,0.0,0.0,0.0,0.0,0.0,0.0,0.0,0.0,0.0,0.0,0.0,0.0,0.0,0.0,0.0,0.0,0.0,0.0,0.0,0.0,0.0,0.0,0.0,0.0,0.0,0.0,0.0,0.0,0.0,0.0,0.0,0.0,0.0,0.0,0.0,0.0,0.0,0.0,0.0,0.0,0.0,0.0,0.0,0.0,0.0,0.0,0.0,0.0,0.0,0.0,0.0,0.0,0.0,0.0,0.0,0.0,0.0,0.0,0.0,0.0,0.0,0.0,0.0,0.0,0.0,0.0,0.0,0.0,0.0,0.0,0.0,0.0,0.0,0.0,0.0,0.0,0.0,0.0,0.0,0.0,0.0,0.0,0.0,0.0,0.0,0.0,0.0,0.0,0.0,0.0,0.0,0.0,0.0,0.0,0.0,0.0,0.0,0.0,0.0,0.0,0.0,0.0,0.0,0.0,0.0,0.0,0.0,0.0,0.0,0.0,0.0,0.0,0.0,0.0,0.0,0.0,0.0,0.0,0.0,0.0,0.0,0.0,0.0,0.0,0.0,0.0,0.0,0.0,0.0,0.0,0.0,0.0,0.0,0.0,0.0,0.0,0.0,0.0,0.0,0.0,0.0,0.0,0.0,0.0,0.0,0.0,0.0,0.0,0.0,0.0,0.0,0.0,0.0,0.0,0.0,0.0,0.0,0.0,0.0,0.0,0.0,0.0,0.0,0.0,0.0,0.0,0.0,0.0,0.0,0.0,0.0,0.0,0.0,0.0,0.0,0.0,0.0,0.0,0.0,0.0,0.0,0.0,0.0,0.0,0.0,0.0,0.0,0.0,0.0,0.0,0.0,0.0,0.0,0.0,0.0,0.0,0.0,0.0,0.0,0.0,0.0,0.0,0.0,0.0,0.0,0.0,0.0,0.0,0.0,0.0,0.0,0.0,0.0,0.0,0.0,0.0,0.0,0.0,0.0,0.0,0.0,0.0,0.0,0.0,0.0,0.0,0.0,0.0,0.0,0.0,0.0,0.0,0.0,0.0,0.0,0.0,0.0,0.0,0.0,0.0,0.0,0.0,0.0,0.0,0.0,0.0,0.0,0.0,0.0,0.0,0.0,0.0,0.0,0.0,0.0,0.0,0.0,0.0,0.0,0.0,0.0,0.0,0.0,0.0,0.0,0.0,0.0,0.0,0.0,0.0,0.0,0.0,0.0,0.0,0.0,0.0,0.0,0.0,0.0,0.0,0.0,0.0,0.0,0.0,0.0,0.0,0.0,0.0,0.0,0.0,0.0,0.0,0.0,0.0,0.0,0.0,0.0,0.0,0.0,0.0,0.0,0.0,0.0,0.0,0.0,0.0,0.0,0.0,0.0,0.0,0.0,0.0,0.0,0.0,0.0,0.0,0.0,0.0,0.0,0.0,0.0,0.0,0.0,0.0,0.0,0.0,0.0,0.0,0.0,0.0,0.0,0.0,0.0,0.0,0.0,0.0,0.0,0.0,0.0,0.0,0.0,0.0,0.0,0.0,0.0,0.0,0.0,0.0,0.0,0.0,0.0,0.0,0.0,0.0,0.0,0.0,0.0,0.0,0.0,0.0,0.0,0.0,0.0,0.0,0.0,0.0,0.0,0.0,0.0,0.0,0.0,0.0,0.0,0.0,0.0,0.0,0.0,0.0,0.0,0.0,0.0,0.0,0.0,0.0,0.0,0.0,0.0,0.0,0.0,0.0,0.0,0.0,0.0,0.0,0.0,0.0,0.0,0.0,0.0,0.0,0.0,0.0,0.0,0.0,0.0,0.0,0.0,0.0,0.0,0.0,0.0,0.0,0.0,0.0,0.0,0.0,0.0,0.0,0.0,0.0,0.0,0.0,0.0,0.0,0.0,0.0,0.0,0.0,0.0,0.0,0.0,0.0,0.0,0.0,0.0,0.0,0.0,0.0,0.0,0.0,0.0,0.0,0.0,0.0,0.0,0.0,0.0,0.0,0.0,0.0,0.0,0.0,0.0,0.0,0.0,0.0,0.0,0.0,0.0,0.0,0.0,0.0,0.0,0.0,0.0,0.0,0.0,0.0,0.0,0.0,0.0,0.0,0.0,0.0,0.0,0.0,0.0,0.0,0.0,0.0,0.0,0.0,0.0,0.0,0.0,0.0,0.0,0.0,0.0,0.0,0.0,0.0,0.0,0.0,0.0,0.0,0.0,0.0,0.0,0.0,0.0,0.0,0.0,0.0,0.0,0.0,0.0,0.0,0.0,0.0,0.0,0.0,0.0,0.0,0.0,0.0,0.0,0.0,0.0,0.0,0.0,0.0,0.0,0.0,0.0,0.0,0.0,0.0,0.0,0.0,0.0,0.0,0.0,0.0,0.0,0.0,0.0,0.0,0.0,0.0,0.0,0.0,0.0,0.0,0.0,0.0,0.0,0.0,0.0,0.0,0.0,0.0,0.0,0.0,0.0,0.0,0.0,0.0,0.0,0.0,0.0,0.0,0.0,0.0,0.0,0.0,0.0,0.0,0.0,0.0,0.0,0.0,0.0,0.0,0.0,0.0,0.0,0.0,0.0,0.0,0.0,0.0,0.0,0.0,0.0,0.0,0.0,0.0,0.0,0.0,0.0,0.0,0.0,0.0,0.0,0.0,0.0,0.0,0.0,0.0,0.0,0.0,0.0,0.0,0.0,0.0,0.0,0.0,0.0,0.0,0.0,0.0,0.0,0.0,0.0,0.0,0.0,0.0,0.0,0.0,0.0,0.0,0.0,0.0,0.0,0.0,0.0,0.0,0.0,0.0,0.0,0.0,0.0,0.0,0.0,0.0,0.0,0.0,0.0,0.0,0.0,0.0,0.0,0.0,0.0,0.0,0.0,0.0,0.0,0.0,0.0,0.0,0.0,0.0,0.0,0.0,0.0,0.0,0.0,0.0,0.0,0.0,0.0,0.0,0.0,0.0,0.0,0.0,0.0,0.0,0.0,0.0,0.0,0.0,0.0,0.0,0.0,0.0,0.0,0.0,0.0,0.0,0.0,0.0,0.0,0.0,0.0,0.0,0.0,0.0,0.0,0.0,0.0,0.0,0.0,0.0,0.0,0.0,0.0,0.0,0.0,0.0,0.0,0.0,0.0,0.0,0.0,0.0,0.0,0.0,0.0,0.0,0.0,0.0,0.0,0.0,0.0,0.0,0.0,0.0,0.0,0.0,0.0,0.0,0.0,0.0,0.0,0.0,0.0,0.0,0.0,0.0,0.0,0.0,0.0,0.0,0.0,0.0,0.0,0.0,0.0,0.0,0.0,0.0,0.0,0.0,0.0,0.0,0.0,0.0,0.0,0.0,0.0,0.0,0.0,0.0,0.0,0.0,0.0,0.0,0.0,0.0,0.0,0.0,0.0,0.0,0.0,0.0,0.0,0.0,0.0,0.0,0.0,0.0,0.0,0.0,0.0,0.0,0.0,0.0,0.0,0.0,0.0,0.0,0.0,0.0,0.0,0.0,0.0,0.0,0.0,0.0,0.0,0.0,0.0,0.0,0.0,0.0,0.0,0.0,0.0,0.0,0.0,0.0,0.0,0.0,0.0,0.0,0.0,0.0,0.0,0.0,0.0,0.0,0.0,0.0,0.0,0.0,0.0,0.0,0.0,0.0,0.0,0.0,0.0,0.0,0.0,0.0,0.0,0.0,0.0,0.0,0.0,0.0,0.0,0.0,0.0,0.0,0.0,0.0,0.0,0.0,0.0,0.0,0.0,0.0,0.0,0.0,0.0,0.0,0.0,0.0,0.0,0.0,0.0,0.0,0.0,0.0,0.0,0.0,0.0,0.0,0.0,0.0,0.0,0.0,0.0,0.0,0.0,0.0,0.0,0.0,0.0,0.0,0.0,0.0,0.0,0.0,0.0,0.0,0.0,0.0,0.0,0.0,0.0,0.0,0.0,0.0,0.0,0.0,0.0,0.0,0.0,0.0,0.0,0.0,0.0,0.0,0.0,0.0,0.0,0.0,0.0,0.0,0.0,0.0,0.0,0.0,0.0,0.0,0.0,0.0,0.0,0.0,0.0,0.0,0.0,0.0,0.0,0.0,0.0,0.0,0.0,0.0,0.0,0.0,0.0,0.0,0.0,0.0,0.0,0.0,0.0,0.0,0.0,0.0,0.0,0.0,0.0,0.0,0.0,0.0,0.0,0.0,0.0,0.0,0.0,0.0,0.0,0.0,0.0,0.0,0.0,0.0,0.0,0.0,0.0,0.0,0.0,0.0,0.0,0.0,0.0,0.0,0.0,0.0,0.0,0.0,0.0,0.0,0.0,0.0,0.0,0.0,0.0,0.0,0.0,0.0,0.0,0.0,0.0,0.0,0.0,0.0,0.0,0.0,0.0,0.0,0.0,0.0,0.0,0.0,0.0,0.0,0.0,0.0,0.0,0.0,0.0,0.0,0.0,0.0,0.0,0.0,0.0,0.0,0.0,0.0,0.0,0.0,0.0,0.0,0.0,0.0,0.0,0.0,0.0,0.0,0.0,0.0,0.0,0.0,0.0,0.0,0.0,0.0,0.0,0.0,0.0,0.0,0.0,0.0,0.0,0.0,0.0,0.0,0.0,0.0,0.0,0.0,0.0,0.0,0.0,0.0,0.0,0.0,0.0,0.0,0.0,0.0,0.0,0.0,0.0,0.0,0.0,0.0,0.0,0.0,0.0,0.0,0.0,0.0,0.0,0.0,0.0,0.0,0.0,0.0,0.0,0.0,0.0,0.0,0.0,0.0,0.0,0.0,0.0,0.0,0.0,0.0,0.0,0.0,0.0,0.0,0.0,0.0,0.0,0.0,0.0,0.0,0.0,0.0,0.0,0.0,0.0,0.0,0.0,0.0,0.0,0.0,0.0,0.0,0.0,0.0,0.0,0.0,0.0,0.0,0.0,0.0,0.0,0.0,0.0,0.0,0.0,0.0,0.0,0.0,0.0,0.0,0.0,0.0,0.0,0.0,0.0,0.0,0.0,0.0,0.0,0.0,0.0,0.0,0.0,0.0,0.0,0.0,0.0,0.0,0.0,0.0,0.0,0.0,0.0,0.0,0.0,0.0,0.0,0.0,0.0,0.0,0.0,0.0,0.0,0.0,0.0,0.0,0.0,0.0,0.0,0.0,0.0,0.0,0.0,0.0,0.0,0.0,0.0,0.0,0.0,0.0,0.0,0.0,0.0,0.0,0.0,0.0,0.0,0.0,0.0,0.0,0.0,0.0,0.0,0.0,0.0,0.0,0.0,0.0,0.0,0.0,0.0,0.0,0.0,0.0,0.0,0.0,0.0,0.0,0.0,0.0,0.0,0.0,0.0,0.0,0.0,0.0,0.0,0.0,0.0,0.0,0.0,0.0,0.0,0.0,0.0,0.0,0.0,0.0,0.0,0.0,0.0,0.0,0.0,0.0,0.0,0.0,0.0,0.0,0.0,0.0,0.0,0.0,0.0,0.0,0.0,0.0,0.0,0.0,0.0,0.0,0.0,0.0,0.0,0.0,0.0,0.0,0.0,0.0,0.0,0.0,0.0,0.0,0.0,0.0,0.0,0.0,0.0,0.0,0.0,0.0,0.0,0.0,0.0,0.0,0.0,0.0,0.0,0.0,0.0,0.0,0.0,0.0,0.0,0.0,0.0,0.0,0.0,0.0,0.0,0.0,0.0,0.0,0.0,0.0,0.0,0.0,0.0,0.0,0.0,0.0,0.0,0.0,0.0,0.0,0.0,0.0,0.0,0.0,0.0,0.0,0.0,0.0,0.0,0.0,0.0,0.0,0.0,0.0,0.0,0.0,0.0,0.0,0.0,0.0,0.0,0.0,0.0,0.0,0.0,0.0,0.0,0.0,0.0,0.0,0.0,0.0,0.0,0.0,0.0,0.0,0.0,0.0,0.0,0.0,0.0,0.0,0.0,0.0,0.0,0.0,0.0,0.0,0.0,0.0,0.0,0.0,0.0,0.0,0.0,0.0,0.0,0.0,0.0,0.0,0.0,0.0,0.0,0.0,0.0,0.0,0.0,0.0,0.0,0.0,0.0,0.0,0.0,0.0,0.0,0.0,0.0,0.0,0.0,0.0,0.0,0.0,0.0,0.0,0.0,0.0,0.0,0.0,0.0,0.0,0.0,0.0,0.0,0.0,0.0,0.0,0.0,0.0,0.0,0.0,0.0,0.0,0.0,0.0,0.0,0.0,0.0,0.0,0.0,0.0,0.0,0.0,0.0,0.0,0.0,0.0,0.0,0.0,0.0,0.0,0.0,0.0,0.0,0.0,0.0,0.0,0.0,0.0,0.0,0.0,0.0,0.0,0.0,0.0,0.0,0.0,0.0,0.0,0.0,0.0,0.0,0.0,0.0,0.0,0.0,0.0,0.0,0.0,0.0,0.0,0.0,0.0,0.0,0.0,0.0,0.0,0.0,0.0,0.0,0.0,0.0,0.0,0.0,0.0,0.0,0.0,0.0,0.0,0.0,0.0,0.0,0.0,0.0,0.0,0.0,0.0,0.0,0.0,0.0,0.0,0.0,0.0,0.0,0.0,0.0,0.0,0.0,0.0,0.0,0.0,0.0,0.0,0.0,0.0,0.0,0.0,0.0,0.0,0.0,0.0,0.0,0.0,0.0,0.0,0.0,0.0,0.0,0.0,0.0,0.0,0.0,0.0,0.0,0.0,0.0,0.0,0.0,0.0,0.0,0.0,0.0,0.0,0.0,0.0,0.0,0.0,0.0,0.0,0.0,0.0,0.0,0.0,0.0,0.0,0.0,0.0,0.0,0.0,0.0,0.0,0.0,0.0,0.0,0.0,0.0,0.0,0.0,0.0,0.0,0.0,0.0,0.0
Tax6,0.0,-0.9790188,-0.8423607,-0.6965723,-0.5397561,-0.376463,-0.20761964,-0.04161812,0.12349592,0.28641927,0.44556072,0.5994992,0.7483711,0.88220453,1.018159,1.1477296,1.2701536,1.3982728,1.5194268,1.6428355,1.7588487,1.8902698,1.9884058,2.0883389,2.2239518,2.3049684,2.4234452,2.492722,2.6106877,2.7210271,2.8181515,2.8685226,2.9894476,3.1827798,3.3089614,3.365144,3.4537034,3.4992075,3.539746,3.5611799,3.6549876,3.694819,3.8196707,3.9664626,3.9595904,4.1456547,4.3585553,4.3792386,4.3277674,4.3691773,4.4171886,4.390326,4.4226995,4.408699,4.4099884,4.338829,4.182924,4.3231444,4.129658,3.968766,3.7077591,3.5058968,3.386093,3.2765152,3.311865,3.400804,2.3548927,2.4519916,3.7716525,3.7837105,3.9784842,4.002872,4.0361757,2.7640932,4.0750113,2.9298182,3.0011663,3.0492485,3.1347387,3.2332044,3.323806,3.4070337,3.463929,3.5192723,3.6586688,3.7743194,5.376102,5.322395,5.497431,5.522156,5.7197604,5.813986,5.876473,5.87206,5.816365,5.6855044,5.668957,5.619731,5.472621,5.3954773,5.331996,5.3833146,5.2932315,5.330058,5.3295927,5.1808915,5.2232428,5.2653227,5.23058,5.185554,5.1143584,5.084787,4.9076004,4.723876,4.424454,2.8919382,2.917596,2.9309297,2.9551787,2.8903036,2.8394115,2.7468889,2.6725314,2.502357,2.3887892,2.295664,2.188742,1.9908772,1.7701849,1.572799,1.4591453,1.3733573,1.265776,1.1136277,0.9348183,0.7986883,0.63274854,0.46245503,0.25933117,0.13859108,-0.07596961,-0.24000084,-0.43011358,-0.55941516,-0.66736954,-0.7240445,-0.7884114,-0.8794659,-0.965801,-1.0631527,-1.105311,-1.0607041,-0.8999335,-0.7293275,-0.60315347,-0.46465963,-0.3441803,-0.26052547,-0.2058397,-0.18673572,-0.1512792,-0.15067275,-0.18108249,-0.21173666,-0.22024149,-0.23914781,-0.23041351,-0.19069609,-0.18831415,-0.1729985,-0.14117795,-0.11364825,-0.104879804,-0.1284047,-0.04047343,0.0058412384,-0.027737819,-0.051532518,-0.030135056,0.028178478,0.050170116,0.024778426,-0.10629276,-0.23345694,-0.3191149,-0.37886742,-0.4310659,-0.4682929,-0.4973296,-0.521674,-0.52559525,-0.5493853,-0.5323896,-0.52317923,-0.50556535,-0.49636668,-0.4758897,-0.4888935,-0.49648514,-0.47817633,-0.48221,-0.47341692,-0.43279052,-0.41152808,-0.39462742,-0.395105,-0.37169877,-0.3684221,-0.35342744,-0.31789464,-0.31168082,-0.3027842,-0.26506436,-0.2538996,-0.21672276,-0.18022053,-0.17302221,-0.1548197,-0.12590347,-0.106159605,-0.08110907,-0.08059996,-0.08016773,-0.07976556,-0.061001517,-0.060627103,-0.060179673,-0.05978834,-0.05305317,-0.052575275,-0.05199417,-0.04236305,-0.03644678,-0.007171409,-0.0071199792,-0.007064406,-0.0070055975,-0.0069496166,-0.0068953703,-0.0068421303,-0.0067868987,-0.0067317616,-0.006682773,-0.0066425735,-0.006593285,-0.0065393653,-0.0064886985,-0.0064376662,-0.0063860444,-0.00633467,-0.0062809493,-0.006230413,-0.0061819353,-0.0061302385,-0.0060774274,-0.0060318606,-0.0059917807,-0.0059523582,-0.005912412,-0.005876377,0.0,0.0,0.0,0.0,0.0,0.0,0.0,0.0,0.0,0.0,0.0,0.0,0.0,0.0,0.0,0.0,0.0,0.0,0.0,0.0,0.0,0.0,0.0,0.0,0.0,0.0,0.0,0.0,0.0,0.0,0.0,0.0,0.0,0.0,0.0,0.0,0.0,0.0,0.0,0.0,0.0,0.0,0.0,0.0,0.0,0.0,0.0,0.0,0.0,0.0,0.0,0.0,0.0,0.0,0.0,0.0,0.0,0.0,0.0,0.0,0.0,0.0,0.0,0.0,0.0,0.0,0.0,0.0,0.0,0.0,0.0,0.0,0.0,0.0,0.0,0.0,0.0,0.0,0.0,0.0,0.0,0.0,0.0,0.0,0.0,0.0,0.0,0.0,0.0,0.0,0.0,0.0,0.0,0.0,0.0,0.0,0.0,0.0,0.0,0.0,0.0,0.0,0.0,0.0,0.0,0.0,0.0,0.0,0.0,0.0,0.0,0.0,0.0,0.0,0.0,0.0,0.0,0.0,0.0,0.0,0.0,0.0,0.0,0.0,0.0,0.0,0.0,0.0,0.0,0.0,0.0,0.0,0.0,0.0,0.0,0.0,0.0,0.0,0.0,0.0,0.0,0.0,0.0,0.0,0.0,0.0,0.0,0.0,0.0,0.0,0.0,0.0,0.0,0.0,0.0,0.0,0.0,0.0,0.0,0.0,0.0,0.0,0.0,0.0,0.0,0.0,0.0,0.0,0.0,0.0,0.0,0.0,0.0,0.0,0.0,0.0,0.0,0.0,0.0,0.0,0.0,0.0,0.0,0.0,0.0,0.0,0.0,0.0,0.0,0.0,0.0,0.0,0.0,0.0,0.0,0.0,0.0,0.0,0.0,0.0,0.0,0.0,0.0,0.0,0.0,0.0,0.0,0.0,0.0,0.0,0.0,0.0,0.0,0.0,0.0,0.0,0.0,0.0,0.0,0.0,0.0,0.0,0.0,0.0,0.0,0.0,0.0,0.0,0.0,0.0,0.0,0.0,0.0,0.0,0.0,0.0,0.0,0.0,0.0,0.0,0.0,0.0,0.0,0.0,0.0,0.0,0.0,0.0,0.0,0.0,0.0,0.0,0.0,0.0,0.0,0.0,0.0,0.0,0.0,0.0,0.0,0.0,0.0,0.0,0.0,0.0,0.0,0.0,0.0,0.0,0.0,0.0,0.0,0.0,0.0,0.0,0.0,0.0,0.0,0.0,0.0,0.0,0.0,0.0,0.0,0.0,0.0,0.0,0.0,0.0,0.0,0.0,0.0,0.0,0.0,0.0,0.0,0.0,0.0,0.0,0.0,0.0,0.0,0.0,0.0,0.0,0.0,0.0,0.0,0.0,0.0,0.0,0.0,0.0,0.0,0.0,0.0,0.0,0.0,0.0,0.0,0.0,0.0,0.0,0.0,0.0,0.0,0.0,0.0,0.0,0.0,0.0,0.0,0.0,0.0,0.0,0.0,0.0,0.0,0.0,0.0,0.0,0.0,0.0,0.0,0.0,0.0,0.0,0.0,0.0,0.0,0.0,0.0,0.0,0.0,0.0,0.0,0.0,0.0,0.0,0.0,0.0,0.0,0.0,0.0,0.0,0.0,0.0,0.0,0.0,0.0,0.0,0.0,0.0,0.0,0.0,0.0,0.0,0.0,0.0,0.0,0.0,0.0,0.0,0.0,0.0,0.0,0.0,0.0,0.0,0.0,0.0,0.0,0.0,0.0,0.0,0.0,0.0,0.0,0.0,0.0,0.0,0.0,0.0,0.0,0.0,0.0,0.0,0.0,0.0,0.0,0.0,0.0,0.0,0.0,0.0,0.0,0.0,0.0,0.0,0.0,0.0,0.0,0.0,0.0,0.0,0.0,0.0,0.0,0.0,0.0,0.0,0.0,0.0,0.0,0.0,0.0,0.0,0.0,0.0,0.0,0.0,0.0,0.0,0.0,0.0,0.0,0.0,0.0,0.0,0.0,0.0,0.0,0.0,0.0,0.0,0.0,0.0,0.0,0.0,0.0,0.0,0.0,0.0,0.0,0.0,0.0,0.0,0.0,0.0,0.0,0.0,0.0,0.0,0.0,0.0,0.0,0.0,0.0,0.0,0.0,0.0,0.0,0.0,0.0,0.0,0.0,0.0,0.0,0.0,0.0,0.0,0.0,0.0,0.0,0.0,0.0,0.0,0.0,0.0,0.0,0.0,0.0,0.0,0.0,0.0,0.0,0.0,0.0,0.0,0.0,0.0,0.0,0.0,0.0,0.0,0.0,0.0,0.0,0.0,0.0,0.0,0.0,0.0,0.0,0.0,0.0,0.0,0.0,0.0,0.0,0.0,0.0,0.0,0.0,0.0,0.0,0.0,0.0,0.0,0.0,0.0,0.0,0.0,0.0,0.0,0.0,0.0,0.0,0.0,0.0,0.0,0.0,0.0,0.0,0.0,0.0,0.0,0.0,0.0,0.0,0.0,0.0,0.0,0.0,0.0,0.0,0.0,0.0,0.0,0.0,0.0,0.0,0.0,0.0,0.0,0.0,0.0,0.0,0.0,0.0,0.0,0.0,0.0,0.0,0.0,0.0,0.0,0.0,0.0,0.0,0.0,0.0,0.0,0.0,0.0,0.0,0.0,0.0,0.0,0.0,0.0,0.0,0.0,0.0,0.0,0.0,0.0,0.0,0.0,0.0,0.0,0.0,0.0,0.0,0.0,0.0,0.0,0.0,0.0,0.0,0.0,0.0,0.0,0.0,0.0,0.0,0.0,0.0,0.0,0.0,0.0,0.0,0.0,0.0,0.0,0.0,0.0,0.0,0.0,0.0,0.0,0.0,0.0,0.0,0.0,0.0,0.0,0.0,0.0,0.0,0.0,0.0,0.0,0.0,0.0,0.0,0.0,0.0,0.0,0.0,0.0,0.0,0.0,0.0,0.0,0.0,0.0,0.0,0.0,0.0,0.0,0.0,0.0,0.0,0.0,0.0,0.0,0.0,0.0,0.0,0.0,0.0,0.0,0.0,0.0,0.0,0.0,0.0,0.0,0.0,0.0,0.0,0.0,0.0,0.0,0.0,0.0,0.0,0.0,0.0,0.0,0.0,0.0,0.0,0.0,0.0,0.0,0.0,0.0,0.0,0.0,0.0,0.0,0.0,0.0,0.0,0.0,0.0,0.0,0.0,0.0,0.0,0.0,0.0,0.0,0.0,0.0,0.0,0.0,0.0,0.0,0.0,0.0,0.0,0.0,0.0,0.0,0.0,0.0,0.0,0.0,0.0,0.0,0.0,0.0,0.0,0.0,0.0,0.0,0.0,0.0,0.0,0.0,0.0,0.0,0.0,0.0,0.0,0.0,0.0,0.0,0.0,0.0,0.0,0.0,0.0,0.0,0.0,0.0,0.0,0.0,0.0,0.0,0.0,0.0,0.0,0.0,0.0,0.0,0.0,0.0,0.0,0.0,0.0,0.0,0.0,0.0,0.0,0.0,0.0,0.0,0.0,0.0,0.0,0.0,0.0,0.0,0.0,0.0,0.0,0.0,0.0,0.0,0.0,0.0,0.0,0.0,0.0,0.0,0.0,0.0,0.0,0.0,0.0,0.0,0.0,0.0,0.0,0.0,0.0,0.0,0.0,0.0,0.0,0.0,0.0,0.0,0.0,0.0,0.0,0.0,0.0,0.0,0.0,0.0,0.0,0.0,0.0,0.0,0.0,0.0,0.0,0.0,0.0,0.0,0.0,0.0,0.0,0.0,0.0,0.0,0.0,0.0,0.0,0.0,0.0,0.0,0.0,0.0,0.0,0.0,0.0,0.0,0.0,0.0,0.0,0.0,0.0,0.0,0.0,0.0,0.0,0.0,0.0,0.0,0.0,0.0,0.0,0.0,0.0,0.0,0.0,0.0,0.0,0.0,0.0,0.0,0.0,0.0,0.0,0.0,0.0,0.0,0.0,0.0,0.0,0.0,0.0,0.0,0.0,0.0,0.0,0.0,0.0,0.0,0.0,0.0,0.0,0.0,0.0,0.0,0.0,0.0,0.0,0.0,0.0,0.0,0.0,0.0,0.0,0.0,0.0,0.0,0.0,0.0,0.0,0.0,0.0,0.0,0.0,0.0,0.0,0.0,0.0,0.0,0.0,0.0,0.0,0.0,0.0,0.0,0.0,0.0,0.0,0.0,0.0,0.0,0.0,0.0,0.0,0.0,0.0,0.0,0.0,0.0,0.0,0.0,0.0,0.0,0.0,0.0,0.0,0.0,0.0,0.0,0.0,0.0,0.0,0.0,0.0,0.0,0.0,0.0,0.0,0.0,0.0,0.0,0.0,0.0,0.0,0.0,0.0,0.0,0.0,0.0,0.0,0.0,0.0,0.0,0.0,0.0,0.0,0.0,0.0,0.0,0.0,0.0,0.0,0.0,0.0,0.0,0.0,0.0,0.0,0.0,0.0,0.0,0.0,0.0,0.0,0.0,0.0,0.0,0.0,0.0,0.0,0.0,0.0,0.0,0.0,0.0,0.0,0.0,0.0,0.0,0.0,0.0,0.0,0.0,0.0,0.0,0.0,0.0,0.0,0.0,0.0,0.0,0.0,0.0,0.0,0.0,0.0,0.0,0.0,0.0,0.0,0.0,0.0,0.0,0.0,0.0,0.0,0.0,0.0,0.0,0.0,0.0,0.0,0.0,0.0,0.0,0.0,0.0,0.0,0.0,0.0,0.0,0.0,0.0,0.0,0.0,0.0,0.0,0.0,0.0,0.0,0.0,0.0,0.0,0.0,0.0,0.0,0.0,0.0,0.0,0.0,0.0,0.0,0.0,0.0,0.0,0.0,0.0,0.0,0.0,0.0,0.0,0.0,0.0,0.0,0.0,0.0,0.0,0.0,0.0,0.0,0.0,0.0,0.0,0.0,0.0,0.0,0.0,0.0,0.0,0.0,0.0,0.0,0.0,0.0,0.0,0.0,0.0,0.0,0.0,0.0,0.0,0.0,0.0,0.0,0.0,0.0,0.0,0.0,0.0,0.0,0.0,0.0,0.0,0.0,0.0,0.0,0.0,0.0,0.0,0.0,0.0,0.0,0.0,0.0,0.0,0.0,0.0,0.0,0.0,0.0,0.0,0.0,0.0,0.0,0.0,0.0,0.0,0.0,0.0,0.0,0.0,0.0,0.0,0.0,0.0,0.0,0.0,0.0,0.0,0.0,0.0,0.0,0.0,0.0,0.0,0.0,0.0,0.0,0.0,0.0,0.0,0.0,0.0,0.0,0.0,0.0,0.0,0.0,0.0,0.0,0.0,0.0,0.0,0.0,0.0,0.0,0.0,0.0,0.0,0.0,0.0,0.0,0.0,0.0,0.0,0.0,0.0,0.0,0.0,0.0,0.0,0.0,0.0,0.0,0.0,0.0,0.0,0.0,0.0,0.0,0.0,0.0,0.0,0.0,0.0,0.0,0.0,0.0,0.0,0.0,0.0,0.0,0.0,0.0,0.0,0.0,0.0,0.0,0.0,0.0,0.0,0.0,0.0,0.0,0.0,0.0,0.0,0.0,0.0,0.0,0.0,0.0,0.0,0.0,0.0,0.0,0.0,0.0,0.0,0.0,0.0,0.0,0.0,0.0,0.0,0.0,0.0,0.0,0.0,0.0,0.0,0.0,0.0,0.0,0.0,0.0,0.0,0.0,0.0,0.0,0.0,0.0,0.0,0.0,0.0,0.0,0.0,0.0,0.0,0.0,0.0,0.0,0.0,0.0,0.0,0.0,0.0,0.0,0.0,0.0,0.0,0.0,0.0,0.0,0.0,0.0,0.0,0.0,0.0,0.0,0.0,0.0,0.0,0.0,0.0,0.0,0.0,0.0,0.0,0.0,0.0,0.0,0.0,0.0,0.0,0.0,0.0,0.0,0.0,0.0,0.0,0.0,0.0,0.0,0.0,0.0,0.0,0.0,0.0,0.0,0.0,0.0,0.0,0.0,0.0,0.0,0.0,0.0,0.0,0.0,0.0,0.0,0.0,0.0,0.0,0.0,0.0,0.0,0.0,0.0,0.0,0.0,0.0,0.0,0.0,0.0,0.0,0.0,0.0,0.0,0.0,0.0,0.0,0.0,0.0,0.0,0.0,0.0,0.0,0.0,0.0,0.0,0.0,0.0,0.0,0.0,0.0,0.0,0.0,0.0,0.0,0.0,0.0,0.0,0.0,0.0,0.0,0.0,0.0,0.0,0.0,0.0,0.0,0.0,0.0,0.0,0.0,0.0,0.0,0.0,0.0,0.0,0.0,0.0,0.0,0.0,0.0,0.0,0.0,0.0,0.0,0.0,0.0,0.0,0.0,0.0,0.0,0.0,0.0,0.0,0.0,0.0,0.0,0.0,0.0,0.0,0.0,0.0,0.0,0.0,0.0,0.0,0.0,0.0,0.0,0.0,0.0,0.0,0.0,0.0,0.0,0.0,0.0,0.0,0.0,0.0,0.0,0.0,0.0,0.0,0.0,0.0,0.0,0.0,0.0,0.0,0.0,0.0,0.0,0.0,0.0,0.0,0.0,0.0,0.0,0.0,0.0,0.0,0.0,0.0,0.0,0.0,0.0,0.0,0.0,0.0,0.0,0.0,0.0,0.0,0.0,0.0,0.0,0.0,0.0,0.0,0.0,0.0,0.0,0.0,0.0,0.0,0.0,0.0,0.0,0.0,0.0,0.0,0.0,0.0,0.0,0.0,0.0,0.0,0.0,0.0,0.0,0.0,0.0,0.0,0.0,0.0,0.0,0.0,0.0,0.0,0.0,0.0,0.0,0.0,0.0,0.0,0.0,0.0,0.0,0.0,0.0,0.0,0.0,0.0,0.0,0.0,0.0,0.0,0.0,0.0,0.0,0.0,0.0,0.0,0.0,0.0,0.0,0.0,0.0,0.0,0.0,0.0,0.0,0.0,0.0,0.0,0.0,0.0,0.0,0.0,0.0,0.0,0.0,0.0,0.0,0.0,0.0,0.0,0.0,0.0,0.0,0.0,0.0,0.0,0.0,0.0,0.0,0.0,0.0,0.0,0.0,0.0,0.0,0.0,0.0,0.0,0.0,0.0,0.0,0.0,0.0,0.0,0.0,0.0,0.0,0.0,0.0,0.0,0.0,0.0,0.0,0.0,0.0,0.0,0.0,0.0,0.0,0.0,0.0,0.0,0.0,0.0,0.0,0.0,0.0,0.0,0.0,0.0,0.0,0.0,0.0,0.0,0.0,0.0,0.0,0.0,0.0,0.0,0.0,0.0,0.0,0.0,0.0,0.0,0.0,0.0,0.0,0.0,0.0,0.0,0.0,0.0,0.0,0.0,0.0,0.0,0.0,0.0,0.0,0.0,0.0,0.0,0.0,0.0,0.0,0.0,0.0,0.0,0.0,0.0,0.0,0.0,0.0,0.0,0.0,0.0,0.0,0.0,0.0,0.0,0.0,0.0,0.0,0.0,0.0,0.0,0.0,0.0,0.0,0.0,0.0,0.0,0.0,0.0,0.0,0.0,0.0,0.0,0.0,0.0,0.0,0.0,0.0,0.0,0.0,0.0,0.0,0.0,0.0,0.0,0.0,0.0,0.0,0.0,0.0,0.0,0.0,0.0,0.0,0.0,0.0,0.0,0.0,0.0,0.0,0.0,0.0,0.0,0.0,0.0,0.0,0.0,0.0,0.0,0.0,0.0,0.0,0.0,0.0,0.0,0.0,0.0,0.0,0.0,0.0,0.0,0.0,0.0,0.0,0.0,0.0,0.0,0.0,0.0,0.0,0.0,0.0,0.0,0.0,0.0,0.0,0.0,0.0,0.0,0.0,0.0,0.0,0.0,0.0,0.0,0.0,0.0,0.0,0.0,0.0,0.0,0.0,0.0,0.0,0.0,0.0,0.0,0.0,0.0,0.0,0.0,0.0,0.0,0.0,0.0,0.0,0.0,0.0,0.0,0.0,0.0,0.0,0.0,0.0,0.0,0.0,0.0,0.0,0.0,0.0,0.0,0.0,0.0,0.0,0.0,0.0,0.0,0.0,0.0,0.0,0.0,0.0,0.0,0.0,0.0,0.0,0.0,0.0,0.0,0.0,0.0,0.0,0.0,0.0,0.0,0.0,0.0,0.0,0.0,0.0,0.0,0.0,0.0,0.0,0.0,0.0,0.0,0.0,0.0,0.0,0.0,0.0,0.0,0.0,0.0,0.0,0.0,0.0,0.0,0.0,0.0,0.0,0.0,0.0,0.0,0.0,0.0,0.0,0.0,0.0,0.0,0.0,0.0,0.0,0.0,0.0,0.0,0.0,0.0,0.0,0.0,0.0,0.0,0.0,0.0,0.0,0.0,0.0,0.0,0.0,0.0,0.0,0.0,0.0,0.0,0.0,0.0,0.0,0.0,0.0,0.0,0.0,0.0,0.0,0.0,0.0,0.0,0.0,0.0,0.0,0.0,0.0,0.0,0.0,0.0,0.0,0.0,0.0,0.0,0.0,0.0,0.0,0.0,0.0,0.0,0.0,0.0,0.0,0.0,0.0,0.0,0.0,0.0,0.0,0.0,0.0,0.0,0.0,0.0,0.0,0.0,0.0,0.0,0.0,0.0,0.0,0.0,0.0,0.0,0.0,0.0,0.0,0.0,0.0,0.0,0.0,0.0,0.0,0.0,0.0,0.0,0.0,0.0,0.0,0.0,0.0,0.0,0.0,0.0,0.0,0.0,0.0,0.0,0.0,0.0,0.0,0.0,0.0,0.0,0.0,0.0,0.0,0.0,0.0,0.0,0.0,0.0,0.0,0.0,0.0,0.0,0.0,0.0,0.0,0.0,0.0,0.0,0.0,0.0,0.0,0.0,0.0,0.0,0.0,0.0,0.0,0.0,0.0,0.0,0.0,0.0,0.0,0.0,0.0,0.0,0.0,0.0,0.0,0.0,0.0,0.0,0.0,0.0,0.0,0.0,0.0,0.0,0.0,0.0,0.0,0.0,0.0,0.0,0.0,0.0,0.0,0.0,0.0,0.0,0.0,0.0,0.0,0.0,0.0,0.0,0.0,0.0,0.0,0.0,0.0,0.0,0.0,0.0,0.0,0.0,0.0,0.0,0.0,0.0,0.0,0.0,0.0,0.0,0.0,0.0,0.0,0.0,0.0,0.0,0.0,0.0,0.0,0.0,0.0,0.0,0.0,0.0,0.0,0.0,0.0,0.0,0.0,0.0,0.0,0.0,0.0,0.0,0.0,0.0,0.0,0.0,0.0,0.0,0.0,0.0,0.0,0.0,0.0,0.0,0.0,0.0,0.0,0.0,0.0,0.0,0.0,0.0,0.0,0.0,0.0,0.0,0.0,0.0,0.0,0.0,0.0,0.0,0.0,0.0,0.0,0.0,0.0,0.0,0.0,0.0,0.0,0.0,0.0,0.0,0.0,0.0,0.0,0.0,0.0,0.0,0.0,0.0,0.0,0.0,0.0,0.0,0.0,0.0,0.0,0.0,0.0,0.0,0.0,0.0,0.0,0.0,0.0,0.0,0.0,0.0,0.0,0.0,0.0,0.0,0.0,0.0,0.0,0.0,0.0,0.0,0.0,0.0,0.0,0.0,0.0,0.0,0.0,0.0,0.0,0.0,0.0,0.0,0.0,0.0,0.0,0.0,0.0,0.0,0.0,0.0,0.0,0.0,0.0,0.0,0.0,0.0,0.0,0.0,0.0,0.0,0.0,0.0,0.0,0.0,0.0,0.0,0.0,0.0,0.0,0.0,0.0,0.0,0.0,0.0,0.0,0.0,0.0,0.0,0.0,0.0,0.0,0.0,0.0,0.0,0.0,0.0,0.0,0.0,0.0,0.0,0.0,0.0,0.0,0.0,0.0,0.0,0.0,0.0,0.0,0.0,0.0,0.0,0.0,0.0,0.0,0.0,0.0,0.0,0.0,0.0,0.0,0.0,0.0,0.0,0.0,0.0,0.0,0.0,0.0,0.0,0.0,0.0,0.0,0.0,0.0,0.0,0.0,0.0,0.0,0.0,0.0,0.0,0.0,0.0,0.0,0.0,0.0,0.0,0.0,0.0,0.0,0.0,0.0,0.0,0.0,0.0,0.0,0.0,0.0,0.0,0.0,0.0,0.0,0.0,0.0,0.0,0.0,0.0,0.0,0.0,0.0,0.0,0.0,0.0,0.0,0.0,0.0,0.0,0.0,0.0,0.0,0.0,0.0,0.0,0.0,0.0,0.0,0.0,0.0,0.0,0.0,0.0,0.0,0.0,0.0,0.0,0.0,0.0,0.0,0.0,0.0,0.0,0.0,0.0,0.0,0.0,0.0,0.0,0.0,0.0,0.0,0.0,0.0,0.0,0.0,0.0,0.0,0.0,0.0,0.0,0.0,0.0,0.0,0.0,0.0,0.0,0.0,0.0,0.0,0.0,0.0,0.0,0.0,0.0,0.0,0.0,0.0,0.0,0.0,0.0,0.0,0.0,0.0,0.0,0.0,0.0,0.0,0.0,0.0,0.0,0.0,0.0,0.0,0.0,0.0,0.0,0.0,0.0,0.0,0.0,0.0,0.0,0.0,0.0,0.0,0.0,0.0,0.0,0.0,0.0,0.0,0.0,0.0,0.0,0.0,0.0,0.0,0.0,0.0,0.0,0.0,0.0,0.0,0.0,0.0,0.0,0.0,0.0,0.0,0.0,0.0,0.0,0.0,0.0,0.0,0.0,0.0,0.0,0.0,0.0,0.0,0.0,0.0,0.0,0.0,0.0,0.0,0.0,0.0,0.0,0.0,0.0,0.0,0.0,0.0,0.0,0.0,0.0,0.0,0.0,0.0,0.0,0.0,0.0,0.0,0.0,0.0,0.0,0.0,0.0,0.0,0.0,0.0,0.0,0.0,0.0,0.0,0.0,0.0,0.0,0.0,0.0,0.0,0.0,0.0,0.0,0.0,0.0,0.0,0.0,0.0,0.0,0.0,0.0,0.0,0.0,0.0,0.0,0.0,0.0,0.0,0.0,0.0,0.0,0.0,0.0,0.0,0.0,0.0,0.0,0.0,0.0,0.0,0.0,0.0,0.0,0.0,0.0,0.0,0.0,0.0,0.0,0.0,0.0,0.0,0.0,0.0,0.0,0.0,0.0,0.0,0.0,0.0,0.0,0.0,0.0,0.0,0.0,0.0,0.0,0.0,0.0,0.0,0.0,0.0,0.0,0.0,0.0,0.0,0.0,0.0,0.0,0.0,0.0,0.0,0.0,0.0,0.0,0.0,0.0,0.0,0.0,0.0,0.0,0.0,0.0,0.0,0.0,0.0,0.0,0.0,0.0,0.0,0.0,0.0,0.0,0.0,0.0,0.0,0.0,0.0,0.0,0.0,0.0,0.0,0.0,0.0,0.0,0.0,0.0,0.0,0.0,0.0,0.0,0.0,0.0,0.0,0.0,0.0,0.0,0.0,0.0,0.0,0.0,0.0,0.0,0.0,0.0,0.0,0.0,0.0,0.0,0.0,0.0,0.0,0.0,0.0,0.0,0.0,0.0,0.0,0.0,0.0,0.0,0.0,0.0,0.0,0.0,0.0,0.0,0.0,0.0,0.0,0.0,0.0,0.0,0.0,0.0,0.0,0.0,0.0,0.0,0.0,0.0,0.0,0.0,0.0,0.0,0.0,0.0,0.0,0.0,0.0,0.0,0.0,0.0,0.0,0.0,0.0,0.0,0.0,0.0,0.0,0.0,0.0,0.0,0.0,0.0,0.0,0.0,0.0,0.0,0.0,0.0,0.0,0.0,0.0,0.0
Tax7,0.0,-1.3880821,-1.1419523,-0.8407779,-0.5027386,-0.13970692,0.24084514,0.63477314,1.0374746,1.44949,1.8698794,2.2988303,2.7365441,3.1842256,3.6407976,4.0647655,4.4779034,4.948757,5.354488,5.7889237,6.084614,6.534343,7.040402,7.4613132,8.052692,8.658747,9.2532015,9.781992,10.1691,10.67584,11.166987,11.754071,12.585834,13.379021,14.389761,15.190017,16.32382,17.21412,17.887144,18.96677,19.87069,20.485062,21.554092,23.224762,24.175516,25.81663,26.992613,27.756702,28.447166,29.905514,31.054274,32.253426,34.652924,36.086628,37.54836,38.538776,39.684242,40.74246,41.643616,42.356422,42.418903,42.563908,42.919033,43.970757,46.01098,48.230408,40.091377,42.485065,56.955437,60.167217,63.305634,65.68041,67.80767,55.729042,74.240265,60.790268,63.604,67.12904,70.29288,74.01901,77.40323,80.83917,83.657135,87.927925,93.06532,98.47554,128.53859,133.33879,139.4768,144.99931,151.97589,159.32614,166.68341,174.1341,175.26967,178.35791,179.77959,185.7081,189.59026,193.6437,198.34663,201.58699,206.80853,212.32811,215.54178,220.04729,224.65517,229.55307,234.90686,238.7044,244.58359,248.87051,252.02246,252.5567,251.0379,196.7132,200.88829,205.43196,206.67097,207.25375,207.55959,206.10025,203.72226,202.03566,198.76411,195.78981,192.38768,183.78024,176.41472,170.05867,162.2631,155.86963,150.11197,142.54112,134.24065,125.3226,116.37993,107.423485,97.70486,87.164734,77.18096,66.16987,57.064774,50.229206,44.183456,39.50778,35.134026,28.85926,22.850258,16.953669,12.869683,12.236562,18.288164,24.995798,30.17463,35.04982,39.10762,41.71017,42.982735,42.689686,42.525166,41.8528,38.894985,36.195972,34.36928,32.108196,31.502888,32.442482,30.866816,30.445372,30.581945,30.99441,30.296328,27.937757,31.076551,31.742472,29.014904,26.993477,26.25496,28.135052,27.844204,25.563139,18.701864,11.796233,6.778227,3.052083,-0.75092745,-3.8694568,-5.7426076,-7.9529257,-9.694172,-11.175805,-11.854286,-12.146746,-12.556883,-12.550223,-12.814729,-12.970304,-12.850946,-12.457733,-12.367171,-12.208197,-11.4985695,-11.008917,-10.768147,-10.460205,-9.863485,-9.502414,-8.907937,-8.41841,-7.8495216,-7.421638,-6.8355403,-6.118373,-5.611733,-5.2067814,-4.851766,-4.3260174,-3.8598087,-3.3755202,-3.0846126,-2.756674,-2.4036543,-2.1235573,-1.9267873,-1.7382752,-1.5559261,-1.367201,-1.1837571,-1.0181466,-0.92853034,-0.8350497,-0.7420575,-0.68468124,-0.5509082,-0.49183166,-0.43207213,-0.40471143,-0.38686696,-0.34812957,-0.3212444,-0.24792773,-0.2045381,-0.18501782,-0.16461302,-0.16232315,-0.1601945,-0.12600084,-0.112198345,-0.09999049,-0.08027567,-0.06527203,-0.06441518,-0.06350014,-0.05413197,-0.04238809,-0.041920207,-0.041461606,-0.04099812,-0.040588047,-0.040198,-0.03961666,-0.038959365,-0.03834338,-0.024309447,-0.01567446,-0.015452474,-0.015270021,-0.015100371,-0.0149112735,-0.014690433,-0.014443783,-0.014236972,-0.014030175,-0.007034313,-0.0069303433,-0.006816368,-0.0066991933,-0.006581406,-0.006476217,0.0,0.0,0.0,0.0,0.0,0.0,0.0,0.0,0.0,0.0,0.0,0.0,0.0,0.0,0.0,0.0,0.0,0.0,0.0,0.0,0.0,0.0,0.0,0.0,0.0,0.0,0.0,0.0,0.0,0.0,0.0,0.0,0.0,0.0,0.0,0.0,0.0,0.0,0.0,0.0,0.0,0.0,0.0,0.0,0.0,0.0,0.0,0.0,0.0,0.0,0.0,0.0,0.0,0.0,0.0,0.0,0.0,0.0,0.0,0.0,0.0,0.0,0.0,0.0,0.0,0.0,0.0,0.0,0.0,0.0,0.0,0.0,0.0,0.0,0.0,0.0,0.0,0.0,0.0,0.0,0.0,0.0,0.0,0.0,0.0,0.0,0.0,0.0,0.0,0.0,0.0,0.0,0.0,0.0,0.0,0.0,0.0,0.0,0.0,0.0,0.0,0.0,0.0,0.0,0.0,0.0,0.0,0.0,0.0,0.0,0.0,0.0,0.0,0.0,0.0,0.0,0.0,0.0,0.0,0.0,0.0,0.0,0.0,0.0,0.0,0.0,0.0,0.0,0.0,0.0,0.0,0.0,0.0,0.0,0.0,0.0,0.0,0.0,0.0,0.0,0.0,0.0,0.0,0.0,0.0,0.0,0.0,0.0,0.0,0.0,0.0,0.0,0.0,0.0,0.0,0.0,0.0,0.0,0.0,0.0,0.0,0.0,0.0,0.0,0.0,0.0,0.0,0.0,0.0,0.0,0.0,0.0,0.0,0.0,0.0,0.0,0.0,0.0,0.0,0.0,0.0,0.0,0.0,0.0,0.0,0.0,0.0,0.0,0.0,0.0,0.0,0.0,0.0,0.0,0.0,0.0,0.0,0.0,0.0,0.0,0.0,0.0,0.0,0.0,0.0,0.0,0.0,0.0,0.0,0.0,0.0,0.0,0.0,0.0,0.0,0.0,0.0,0.0,0.0,0.0,0.0,0.0,0.0,0.0,0.0,0.0,0.0,0.0,0.0,0.0,0.0,0.0,0.0,0.0,0.0,0.0,0.0,0.0,0.0,0.0,0.0,0.0,0.0,0.0,0.0,0.0,0.0,0.0,0.0,0.0,0.0,0.0,0.0,0.0,0.0,0.0,0.0,0.0,0.0,0.0,0.0,0.0,0.0,0.0,0.0,0.0,0.0,0.0,0.0,0.0,0.0,0.0,0.0,0.0,0.0,0.0,0.0,0.0,0.0,0.0,0.0,0.0,0.0,0.0,0.0,0.0,0.0,0.0,0.0,0.0,0.0,0.0,0.0,0.0,0.0,0.0,0.0,0.0,0.0,0.0,0.0,0.0,0.0,0.0,0.0,0.0,0.0,0.0,0.0,0.0,0.0,0.0,0.0,0.0,0.0,0.0,0.0,0.0,0.0,0.0,0.0,0.0,0.0,0.0,0.0,0.0,0.0,0.0,0.0,0.0,0.0,0.0,0.0,0.0,0.0,0.0,0.0,0.0,0.0,0.0,0.0,0.0,0.0,0.0,0.0,0.0,0.0,0.0,0.0,0.0,0.0,0.0,0.0,0.0,0.0,0.0,0.0,0.0,0.0,0.0,0.0,0.0,0.0,0.0,0.0,0.0,0.0,0.0,0.0,0.0,0.0,0.0,0.0,0.0,0.0,0.0,0.0,0.0,0.0,0.0,0.0,0.0,0.0,0.0,0.0,0.0,0.0,0.0,0.0,0.0,0.0,0.0,0.0,0.0,0.0,0.0,0.0,0.0,0.0,0.0,0.0,0.0,0.0,0.0,0.0,0.0,0.0,0.0,0.0,0.0,0.0,0.0,0.0,0.0,0.0,0.0,0.0,0.0,0.0,0.0,0.0,0.0,0.0,0.0,0.0,0.0,0.0,0.0,0.0,0.0,0.0,0.0,0.0,0.0,0.0,0.0,0.0,0.0,0.0,0.0,0.0,0.0,0.0,0.0,0.0,0.0,0.0,0.0,0.0,0.0,0.0,0.0,0.0,0.0,0.0,0.0,0.0,0.0,0.0,0.0,0.0,0.0,0.0,0.0,0.0,0.0,0.0,0.0,0.0,0.0,0.0,0.0,0.0,0.0,0.0,0.0,0.0,0.0,0.0,0.0,0.0,0.0,0.0,0.0,0.0,0.0,0.0,0.0,0.0,0.0,0.0,0.0,0.0,0.0,0.0,0.0,0.0,0.0,0.0,0.0,0.0,0.0,0.0,0.0,0.0,0.0,0.0,0.0,0.0,0.0,0.0,0.0,0.0,0.0,0.0,0.0,0.0,0.0,0.0,0.0,0.0,0.0,0.0,0.0,0.0,0.0,0.0,0.0,0.0,0.0,0.0,0.0,0.0,0.0,0.0,0.0,0.0,0.0,0.0,0.0,0.0,0.0,0.0,0.0,0.0,0.0,0.0,0.0,0.0,0.0,0.0,0.0,0.0,0.0,0.0,0.0,0.0,0.0,0.0,0.0,0.0,0.0,0.0,0.0,0.0,0.0,0.0,0.0,0.0,0.0,0.0,0.0,0.0,0.0,0.0,0.0,0.0,0.0,0.0,0.0,0.0,0.0,0.0,0.0,0.0,0.0,0.0,0.0,0.0,0.0,0.0,0.0,0.0,0.0,0.0,0.0,0.0,0.0,0.0,0.0,0.0,0.0,0.0,0.0,0.0,0.0,0.0,0.0,0.0,0.0,0.0,0.0,0.0,0.0,0.0,0.0,0.0,0.0,0.0,0.0,0.0,0.0,0.0,0.0,0.0,0.0,0.0,0.0,0.0,0.0,0.0,0.0,0.0,0.0,0.0,0.0,0.0,0.0,0.0,0.0,0.0,0.0,0.0,0.0,0.0,0.0,0.0,0.0,0.0,0.0,0.0,0.0,0.0,0.0,0.0,0.0,0.0,0.0,0.0,0.0,0.0,0.0,0.0,0.0,0.0,0.0,0.0,0.0,0.0,0.0,0.0,0.0,0.0,0.0,0.0,0.0,0.0,0.0,0.0,0.0,0.0,0.0,0.0,0.0,0.0,0.0,0.0,0.0,0.0,0.0,0.0,0.0,0.0,0.0,0.0,0.0,0.0,0.0,0.0,0.0,0.0,0.0,0.0,0.0,0.0,0.0,0.0,0.0,0.0,0.0,0.0,0.0,0.0,0.0,0.0,0.0,0.0,0.0,0.0,0.0,0.0,0.0,0.0,0.0,0.0,0.0,0.0,0.0,0.0,0.0,0.0,0.0,0.0,0.0,0.0,0.0,0.0,0.0,0.0,0.0,0.0,0.0,0.0,0.0,0.0,0.0,0.0,0.0,0.0,0.0,0.0,0.0,0.0,0.0,0.0,0.0,0.0,0.0,0.0,0.0,0.0,0.0,0.0,0.0,0.0,0.0,0.0,0.0,0.0,0.0,0.0,0.0,0.0,0.0,0.0,0.0,0.0,0.0,0.0,0.0,0.0,0.0,0.0,0.0,0.0,0.0,0.0,0.0,0.0,0.0,0.0,0.0,0.0,0.0,0.0,0.0,0.0,0.0,0.0,0.0,0.0,0.0,0.0,0.0,0.0,0.0,0.0,0.0,0.0,0.0,0.0,0.0,0.0,0.0,0.0,0.0,0.0,0.0,0.0,0.0,0.0,0.0,0.0,0.0,0.0,0.0,0.0,0.0,0.0,0.0,0.0,0.0,0.0,0.0,0.0,0.0,0.0,0.0,0.0,0.0,0.0,0.0,0.0,0.0,0.0,0.0,0.0,0.0,0.0,0.0,0.0,0.0,0.0,0.0,0.0,0.0,0.0,0.0,0.0,0.0,0.0,0.0,0.0,0.0,0.0,0.0,0.0,0.0,0.0,0.0,0.0,0.0,0.0,0.0,0.0,0.0,0.0,0.0,0.0,0.0,0.0,0.0,0.0,0.0,0.0,0.0,0.0,0.0,0.0,0.0,0.0,0.0,0.0,0.0,0.0,0.0,0.0,0.0,0.0,0.0,0.0,0.0,0.0,0.0,0.0,0.0,0.0,0.0,0.0,0.0,0.0,0.0,0.0,0.0,0.0,0.0,0.0,0.0,0.0,0.0,0.0,0.0,0.0,0.0,0.0,0.0,0.0,0.0,0.0,0.0,0.0,0.0,0.0,0.0,0.0,0.0,0.0,0.0,0.0,0.0,0.0,0.0,0.0,0.0,0.0,0.0,0.0,0.0,0.0,0.0,0.0,0.0,0.0,0.0,0.0,0.0,0.0,0.0,0.0,0.0,0.0,0.0,0.0,0.0,0.0,0.0,0.0,0.0,0.0,0.0,0.0,0.0,0.0,0.0,0.0,0.0,0.0,0.0,0.0,0.0,0.0,0.0,0.0,0.0,0.0,0.0,0.0,0.0,0.0,0.0,0.0,0.0,0.0,0.0,0.0,0.0,0.0,0.0,0.0,0.0,0.0,0.0,0.0,0.0,0.0,0.0,0.0,0.0,0.0,0.0,0.0,0.0,0.0,0.0,0.0,0.0,0.0,0.0,0.0,0.0,0.0,0.0,0.0,0.0,0.0,0.0,0.0,0.0,0.0,0.0,0.0,0.0,0.0,0.0,0.0,0.0,0.0,0.0,0.0,0.0,0.0,0.0,0.0,0.0,0.0,0.0,0.0,0.0,0.0,0.0,0.0,0.0,0.0,0.0,0.0,0.0,0.0,0.0,0.0,0.0,0.0,0.0,0.0,0.0,0.0,0.0,0.0,0.0,0.0,0.0,0.0,0.0,0.0,0.0,0.0,0.0,0.0,0.0,0.0,0.0,0.0,0.0,0.0,0.0,0.0,0.0,0.0,0.0,0.0,0.0,0.0,0.0,0.0,0.0,0.0,0.0,0.0,0.0,0.0,0.0,0.0,0.0,0.0,0.0,0.0,0.0,0.0,0.0,0.0,0.0,0.0,0.0,0.0,0.0,0.0,0.0,0.0,0.0,0.0,0.0,0.0,0.0,0.0,0.0,0.0,0.0,0.0,0.0,0.0,0.0,0.0,0.0,0.0,0.0,0.0,0.0,0.0,0.0,0.0,0.0,0.0,0.0,0.0,0.0,0.0,0.0,0.0,0.0,0.0,0.0,0.0,0.0,0.0,0.0,0.0,0.0,0.0,0.0,0.0,0.0,0.0,0.0,0.0,0.0,0.0,0.0,0.0,0.0,0.0,0.0,0.0,0.0,0.0,0.0,0.0,0.0,0.0,0.0,0.0,0.0,0.0,0.0,0.0,0.0,0.0,0.0,0.0,0.0,0.0,0.0,0.0,0.0,0.0,0.0,0.0,0.0,0.0,0.0,0.0,0.0,0.0,0.0,0.0,0.0,0.0,0.0,0.0,0.0,0.0,0.0,0.0,0.0,0.0,0.0,0.0,0.0,0.0,0.0,0.0,0.0,0.0,0.0,0.0,0.0,0.0,0.0,0.0,0.0,0.0,0.0,0.0,0.0,0.0,0.0,0.0,0.0,0.0,0.0,0.0,0.0,0.0,0.0,0.0,0.0,0.0,0.0,0.0,0.0,0.0,0.0,0.0,0.0,0.0,0.0,0.0,0.0,0.0,0.0,0.0,0.0,0.0,0.0,0.0,0.0,0.0,0.0,0.0,0.0,0.0,0.0,0.0,0.0,0.0,0.0,0.0,0.0,0.0,0.0,0.0,0.0,0.0,0.0,0.0,0.0,0.0,0.0,0.0,0.0,0.0,0.0,0.0,0.0,0.0,0.0,0.0,0.0,0.0,0.0,0.0,0.0,0.0,0.0,0.0,0.0,0.0,0.0,0.0,0.0,0.0,0.0,0.0,0.0,0.0,0.0,0.0,0.0,0.0,0.0,0.0,0.0,0.0,0.0,0.0,0.0,0.0,0.0,0.0,0.0,0.0,0.0,0.0,0.0,0.0,0.0,0.0,0.0,0.0,0.0,0.0,0.0,0.0,0.0,0.0,0.0,0.0,0.0,0.0,0.0,0.0,0.0,0.0,0.0,0.0,0.0,0.0,0.0,0.0,0.0,0.0,0.0,0.0,0.0,0.0,0.0,0.0,0.0,0.0,0.0,0.0,0.0,0.0,0.0,0.0,0.0,0.0,0.0,0.0,0.0,0.0,0.0,0.0,0.0,0.0,0.0,0.0,0.0,0.0,0.0,0.0,0.0,0.0,0.0,0.0,0.0,0.0,0.0,0.0,0.0,0.0,0.0,0.0,0.0,0.0,0.0,0.0,0.0,0.0,0.0,0.0,0.0,0.0,0.0,0.0,0.0,0.0,0.0,0.0,0.0,0.0,0.0,0.0,0.0,0.0,0.0,0.0,0.0,0.0,0.0,0.0,0.0,0.0,0.0,0.0,0.0,0.0,0.0,0.0,0.0,0.0,0.0,0.0,0.0,0.0,0.0,0.0,0.0,0.0,0.0,0.0,0.0,0.0,0.0,0.0,0.0,0.0,0.0,0.0,0.0,0.0,0.0,0.0,0.0,0.0,0.0,0.0,0.0,0.0,0.0,0.0,0.0,0.0,0.0,0.0,0.0,0.0,0.0,0.0,0.0,0.0,0.0,0.0,0.0,0.0,0.0,0.0,0.0,0.0,0.0,0.0,0.0,0.0,0.0,0.0,0.0,0.0,0.0,0.0,0.0,0.0,0.0,0.0,0.0,0.0,0.0,0.0,0.0,0.0,0.0,0.0,0.0,0.0,0.0,0.0,0.0,0.0,0.0,0.0,0.0,0.0,0.0,0.0,0.0,0.0,0.0,0.0,0.0,0.0,0.0,0.0,0.0,0.0,0.0,0.0,0.0,0.0,0.0,0.0,0.0,0.0,0.0,0.0,0.0,0.0,0.0,0.0,0.0,0.0,0.0,0.0,0.0,0.0,0.0,0.0,0.0,0.0,0.0,0.0,0.0,0.0,0.0,0.0,0.0,0.0,0.0,0.0,0.0,0.0,0.0,0.0,0.0,0.0,0.0,0.0,0.0,0.0,0.0,0.0,0.0,0.0,0.0,0.0,0.0,0.0,0.0,0.0,0.0,0.0,0.0,0.0,0.0,0.0,0.0,0.0,0.0,0.0,0.0,0.0,0.0,0.0,0.0,0.0,0.0,0.0,0.0,0.0,0.0,0.0,0.0,0.0,0.0,0.0,0.0,0.0,0.0,0.0,0.0,0.0,0.0,0.0,0.0,0.0,0.0,0.0,0.0,0.0,0.0,0.0,0.0,0.0,0.0,0.0,0.0,0.0,0.0,0.0,0.0,0.0,0.0,0.0,0.0,0.0,0.0,0.0,0.0,0.0,0.0,0.0,0.0,0.0,0.0,0.0,0.0,0.0,0.0,0.0,0.0,0.0,0.0,0.0,0.0,0.0,0.0,0.0,0.0,0.0,0.0,0.0,0.0,0.0,0.0,0.0,0.0,0.0,0.0,0.0,0.0,0.0,0.0,0.0,0.0,0.0,0.0,0.0,0.0,0.0,0.0,0.0,0.0,0.0,0.0,0.0,0.0,0.0,0.0,0.0,0.0,0.0,0.0,0.0,0.0,0.0,0.0,0.0,0.0,0.0,0.0,0.0,0.0,0.0,0.0,0.0,0.0,0.0,0.0,0.0,0.0,0.0,0.0,0.0,0.0,0.0,0.0,0.0,0.0,0.0,0.0,0.0,0.0,0.0,0.0,0.0,0.0,0.0,0.0,0.0,0.0,0.0,0.0,0.0,0.0,0.0,0.0,0.0,0.0,0.0,0.0,0.0,0.0,0.0,0.0,0.0,0.0,0.0,0.0,0.0,0.0,0.0,0.0,0.0,0.0,0.0,0.0,0.0,0.0,0.0,0.0,0.0,0.0,0.0,0.0,0.0,0.0,0.0,0.0,0.0,0.0,0.0,0.0,0.0,0.0,0.0,0.0,0.0,0.0,0.0,0.0,0.0,0.0,0.0,0.0,0.0,0.0,0.0,0.0,0.0,0.0,0.0,0.0,0.0,0.0,0.0,0.0,0.0,0.0,0.0,0.0,0.0,0.0,0.0,0.0,0.0,0.0,0.0,0.0,0.0,0.0,0.0,0.0,0.0,0.0,0.0,0.0,0.0,0.0,0.0,0.0,0.0,0.0,0.0,0.0,0.0,0.0,0.0,0.0,0.0,0.0,0.0,0.0,0.0,0.0,0.0,0.0,0.0,0.0,0.0,0.0,0.0,0.0,0.0,0.0,0.0,0.0,0.0,0.0,0.0,0.0,0.0,0.0,0.0,0.0,0.0,0.0,0.0,0.0,0.0,0.0,0.0,0.0,0.0,0.0,0.0,0.0,0.0,0.0,0.0,0.0,0.0,0.0,0.0,0.0,0.0,0.0,0.0,0.0,0.0,0.0,0.0,0.0,0.0,0.0,0.0,0.0,0.0,0.0,0.0,0.0,0.0,0.0,0.0,0.0,0.0,0.0,0.0,0.0,0.0,0.0,0.0,0.0,0.0,0.0,0.0,0.0,0.0,0.0,0.0,0.0,0.0,0.0,0.0,0.0,0.0,0.0,0.0,0.0,0.0,0.0,0.0,0.0,0.0,0.0,0.0,0.0,0.0,0.0,0.0,0.0,0.0,0.0,0.0,0.0,0.0,0.0,0.0,0.0,0.0,0.0,0.0,0.0,0.0,0.0,0.0,0.0,0.0,0.0,0.0,0.0,0.0,0.0,0.0,0.0,0.0,0.0,0.0,0.0,0.0,0.0,0.0,0.0,0.0,0.0,0.0,0.0,0.0,0.0,0.0,0.0,0.0,0.0,0.0,0.0,0.0,0.0,0.0,0.0,0.0,0.0,0.0,0.0,0.0,0.0,0.0,0.0,0.0,0.0,0.0,0.0,0.0,0.0,0.0,0.0,0.0,0.0,0.0,0.0,0.0,0.0,0.0,0.0,0.0,0.0,0.0,0.0,0.0,0.0,0.0,0.0,0.0,0.0,0.0,0.0,0.0,0.0,0.0,0.0,0.0,0.0,0.0,0.0,0.0,0.0,0.0,0.0,0.0,0.0,0.0,0.0,0.0,0.0,0.0,0.0,0.0,0.0,0.0,0.0,0.0,0.0,0.0,0.0,0.0,0.0,0.0,0.0,0.0,0.0,0.0,0.0,0.0,0.0,0.0,0.0,0.0,0.0,0.0,0.0,0.0,0.0,0.0,0.0,0.0,0.0,0.0,0.0,0.0,0.0,0.0,0.0,0.0,0.0,0.0,0.0,0.0,0.0,0.0,0.0,0.0,0.0,0.0,0.0,0.0,0.0,0.0,0.0,0.0,0.0,0.0,0.0,0.0,0.0,0.0,0.0,0.0,0.0,0.0,0.0,0.0,0.0,0.0,0.0,0.0,0.0,0.0,0.0,0.0,0.0,0.0,0.0,0.0,0.0,0.0,0.0,0.0,0.0,0.0,0.0,0.0,0.0,0.0,0.0,0.0,0.0,0.0,0.0,0.0,0.0,0.0,0.0,0.0,0.0,0.0,0.0,0.0,0.0,0.0,0.0,0.0,0.0,0.0,0.0,0.0,0.0,0.0,0.0,0.0,0.0,0.0,0.0,0.0,0.0,0.0,0.0,0.0,0.0,0.0,0.0,0.0,0.0,0.0,0.0,0.0,0.0,0.0,0.0,0.0,0.0,0.0,0.0,0.0,0.0,0.0,0.0,0.0,0.0,0.0,0.0,0.0,0.0,0.0,0.0,0.0,0.0,0.0,0.0,0.0,0.0,0.0,0.0,0.0,0.0,0.0,0.0,0.0,0.0,0.0,0.0,0.0,0.0,0.0,0.0,0.0,0.0,0.0,0.0,0.0,0.0,0.0,0.0,0.0,0.0,0.0,0.0,0.0,0.0,0.0,0.0,0.0,0.0,0.0,0.0,0.0,0.0,0.0,0.0,0.0,0.0,0.0,0.0,0.0,0.0,0.0,0.0,0.0,0.0,0.0,0.0,0.0,0.0,0.0,0.0,0.0,0.0,0.0,0.0,0.0,0.0,0.0,0.0,0.0,0.0,0.0,0.0,0.0,0.0,0.0,0.0,0.0,0.0,0.0,0.0,0.0,0.0,0.0,0.0,0.0,0.0,0.0,0.0,0.0,0.0,0.0,0.0,0.0,0.0,0.0,0.0,0.0,0.0,0.0,0.0,0.0,0.0,0.0,0.0,0.0,0.0,0.0,0.0,0.0,0.0,0.0,0.0,0.0,0.0,0.0,0.0,0.0,0.0,0.0,0.0,0.0,0.0,0.0,0.0,0.0,0.0,0.0,0.0,0.0,0.0,0.0,0.0,0.0,0.0,0.0,0.0,0.0,0.0,0.0,0.0,0.0,0.0,0.0,0.0,0.0,0.0,0.0,0.0,0.0,0.0,0.0,0.0,0.0,0.0,0.0,0.0,0.0,0.0,0.0,0.0,0.0,0.0,0.0,0.0,0.0,0.0,0.0,0.0,0.0,0.0,0.0,0.0,0.0,0.0,0.0,0.0,0.0,0.0,0.0,0.0,0.0,0.0,0.0,0.0,0.0,0.0,0.0,0.0,0.0,0.0,0.0,0.0,0.0,0.0,0.0,0.0,0.0,0.0,0.0,0.0,0.0,0.0,0.0,0.0,0.0,0.0,0.0,0.0,0.0,0.0,0.0,0.0,0.0,0.0,0.0,0.0,0.0,0.0,0.0,0.0,0.0,0.0,0.0,0.0,0.0,0.0,0.0,0.0,0.0,0.0,0.0,0.0,0.0,0.0,0.0,0.0,0.0,0.0,0.0,0.0,0.0,0.0,0.0,0.0,0.0,0.0,0.0,0.0,0.0,0.0,0.0,0.0,0.0,0.0,0.0,0.0,0.0,0.0,0.0,0.0,0.0,0.0,0.0,0.0,0.0,0.0,0.0,0.0,0.0,0.0,0.0,0.0,0.0,0.0,0.0,0.0,0.0,0.0,0.0,0.0,0.0,0.0,0.0,0.0,0.0,0.0,0.0,0.0,0.0,0.0,0.0,0.0,0.0,0.0,0.0,0.0,0.0,0.0,0.0,0.0,0.0,0.0,0.0,0.0,0.0,0.0,0.0,0.0,0.0,0.0,0.0,0.0,0.0,0.0,0.0,0.0,0.0,0.0,0.0,0.0,0.0,0.0,0.0,0.0,0.0,0.0,0.0,0.0,0.0,0.0,0.0,0.0,0.0,0.0,0.0,0.0,0.0,0.0,0.0,0.0,0.0,0.0,0.0,0.0,0.0,0.0,0.0,0.0,0.0,0.0,0.0,0.0,0.0,0.0,0.0,0.0,0.0,0.0,0.0,0.0,0.0,0.0,0.0,0.0,0.0,0.0,0.0,0.0,0.0,0.0,0.0,0.0,0.0,0.0,0.0,0.0,0.0,0.0,0.0,0.0,0.0,0.0,0.0,0.0,0.0,0.0,0.0,0.0,0.0,0.0,0.0,0.0,0.0,0.0,0.0,0.0,0.0,0.0,0.0,0.0,0.0,0.0,0.0,0.0,0.0,0.0,0.0,0.0,0.0,0.0,0.0,0.0,0.0,0.0,0.0,0.0,0.0,0.0,0.0,0.0,0.0,0.0,0.0,0.0,0.0,0.0,0.0,0.0,0.0,0.0,0.0,0.0,0.0,0.0,0.0,0.0,0.0,0.0,0.0,0.0,0.0,0.0,0.0,0.0,0.0,0.0,0.0,0.0,0.0,0.0,0.0,0.0,0.0
Tax8,0.0,-1.0598886,-0.8936296,-0.6844887,-0.44630766,-0.18857516,0.082338296,0.36210513,0.6486455,0.93573666,1.224117,1.51268,1.8000582,2.08512,2.366526,2.6418667,2.9084105,3.1940074,3.343137,3.6509414,3.9001734,4.1282125,4.1742024,4.3566785,4.7002974,5.04221,5.337707,5.6253333,5.8300204,6.131575,6.3724966,6.679166,7.06923,7.445486,7.8555455,8.283817,8.686376,9.099373,9.231432,9.431048,9.901228,10.345466,10.936557,11.600387,12.112324,12.717817,13.763259,14.234792,14.766047,15.598577,16.463007,16.94372,17.56946,18.236498,19.076994,19.677845,20.268377,21.265821,21.506798,21.067274,21.144873,21.022385,21.204235,21.524023,22.42375,23.393871,19.592815,20.66481,27.06404,28.076128,29.676514,30.658941,31.240927,25.806837,33.3398,27.561817,28.455273,29.886738,30.964645,32.504257,33.97454,35.35506,36.644356,38.421806,39.981995,42.2934,53.70733,55.10226,57.956024,59.82685,62.203247,65.65825,67.675,70.36175,71.21444,72.11564,73.81855,75.489204,77.56712,79.24164,80.98762,82.40498,84.20813,86.66603,88.76669,90.20927,92.384,94.23112,97.23651,99.40757,101.70124,104.14905,106.326805,107.21433,107.26546,86.3279,89.06046,91.08733,92.6603,94.12721,95.15651,95.42378,95.59244,95.79927,95.89454,95.49363,94.685394,91.970695,89.00798,87.17842,85.10348,83.01335,81.40464,78.63627,75.41161,71.56712,68.29301,64.10256,59.958263,55.172215,50.03399,44.443188,39.86193,35.80988,32.366356,30.005281,26.936676,23.002504,19.380505,16.027506,13.474695,12.978722,16.003618,19.679764,22.403599,25.197296,27.681112,29.338886,30.367407,30.26504,30.219337,29.80765,28.395672,26.507252,25.468906,24.252127,23.803127,24.65463,24.413502,24.36624,24.848497,25.52467,25.412306,24.491146,26.858912,28.064308,26.67942,25.85216,26.027485,28.017534,28.817959,27.730968,22.833939,17.386856,13.525571,10.673882,7.9022,5.459925,3.811822,1.9316386,0.32603988,-1.1448311,-2.0452352,-2.6377769,-3.3237805,-3.8472004,-4.4698224,-4.957094,-5.0185814,-5.13917,-5.41978,-5.563294,-5.4417005,-5.439715,-5.588579,-5.5926657,-5.499794,-5.31941,-5.030503,-4.866347,-4.4842305,-4.285289,-3.9240265,-3.4395556,-3.1390717,-2.9128141,-2.6043775,-2.3745542,-2.0421,-1.9087905,-1.7052132,-1.5877782,-1.4807535,-1.3479995,-1.2197381,-1.0707309,-1.0136263,-0.86755925,-0.7570641,-0.6731054,-0.5651577,-0.4984984,-0.45072463,-0.40832427,-0.38437817,-0.31534064,-0.27799907,-0.24734603,-0.22406186,-0.20149395,-0.17023098,-0.14798397,-0.12588409,-0.12505773,-0.12384814,-0.11409468,-0.09614645,-0.09512285,-0.07413811,-0.053048097,-0.03250499,-0.022163238,-0.021931075,-0.021673262,-0.021406634,-0.021195969,-0.021027017,-0.020862209,-0.020692274,-0.020551194,-0.02041921,-0.020174151,-0.019883048,-0.011727067,-0.011592975,-0.0055679427,0.0,0.0,0.0,0.0,0.0,0.0,0.0,0.0,0.0,0.0,0.0,0.0,0.0,0.0,0.0,0.0,0.0,0.0,0.0,0.0,0.0,0.0,0.0,0.0,0.0,0.0,0.0,0.0,0.0,0.0,0.0,0.0,0.0,0.0,0.0,0.0,0.0,0.0,0.0,0.0,0.0,0.0,0.0,0.0,0.0,0.0,0.0,0.0,0.0,0.0,0.0,0.0,0.0,0.0,0.0,0.0,0.0,0.0,0.0,0.0,0.0,0.0,0.0,0.0,0.0,0.0,0.0,0.0,0.0,0.0,0.0,0.0,0.0,0.0,0.0,0.0,0.0,0.0,0.0,0.0,0.0,0.0,0.0,0.0,0.0,0.0,0.0,0.0,0.0,0.0,0.0,0.0,0.0,0.0,0.0,0.0,0.0,0.0,0.0,0.0,0.0,0.0,0.0,0.0,0.0,0.0,0.0,0.0,0.0,0.0,0.0,0.0,0.0,0.0,0.0,0.0,0.0,0.0,0.0,0.0,0.0,0.0,0.0,0.0,0.0,0.0,0.0,0.0,0.0,0.0,0.0,0.0,0.0,0.0,0.0,0.0,0.0,0.0,0.0,0.0,0.0,0.0,0.0,0.0,0.0,0.0,0.0,0.0,0.0,0.0,0.0,0.0,0.0,0.0,0.0,0.0,0.0,0.0,0.0,0.0,0.0,0.0,0.0,0.0,0.0,0.0,0.0,0.0,0.0,0.0,0.0,0.0,0.0,0.0,0.0,0.0,0.0,0.0,0.0,0.0,0.0,0.0,0.0,0.0,0.0,0.0,0.0,0.0,0.0,0.0,0.0,0.0,0.0,0.0,0.0,0.0,0.0,0.0,0.0,0.0,0.0,0.0,0.0,0.0,0.0,0.0,0.0,0.0,0.0,0.0,0.0,0.0,0.0,0.0,0.0,0.0,0.0,0.0,0.0,0.0,0.0,0.0,0.0,0.0,0.0,0.0,0.0,0.0,0.0,0.0,0.0,0.0,0.0,0.0,0.0,0.0,0.0,0.0,0.0,0.0,0.0,0.0,0.0,0.0,0.0,0.0,0.0,0.0,0.0,0.0,0.0,0.0,0.0,0.0,0.0,0.0,0.0,0.0,0.0,0.0,0.0,0.0,0.0,0.0,0.0,0.0,0.0,0.0,0.0,0.0,0.0,0.0,0.0,0.0,0.0,0.0,0.0,0.0,0.0,0.0,0.0,0.0,0.0,0.0,0.0,0.0,0.0,0.0,0.0,0.0,0.0,0.0,0.0,0.0,0.0,0.0,0.0,0.0,0.0,0.0,0.0,0.0,0.0,0.0,0.0,0.0,0.0,0.0,0.0,0.0,0.0,0.0,0.0,0.0,0.0,0.0,0.0,0.0,0.0,0.0,0.0,0.0,0.0,0.0,0.0,0.0,0.0,0.0,0.0,0.0,0.0,0.0,0.0,0.0,0.0,0.0,0.0,0.0,0.0,0.0,0.0,0.0,0.0,0.0,0.0,0.0,0.0,0.0,0.0,0.0,0.0,0.0,0.0,0.0,0.0,0.0,0.0,0.0,0.0,0.0,0.0,0.0,0.0,0.0,0.0,0.0,0.0,0.0,0.0,0.0,0.0,0.0,0.0,0.0,0.0,0.0,0.0,0.0,0.0,0.0,0.0,0.0,0.0,0.0,0.0,0.0,0.0,0.0,0.0,0.0,0.0,0.0,0.0,0.0,0.0,0.0,0.0,0.0,0.0,0.0,0.0,0.0,0.0,0.0,0.0,0.0,0.0,0.0,0.0,0.0,0.0,0.0,0.0,0.0,0.0,0.0,0.0,0.0,0.0,0.0,0.0,0.0,0.0,0.0,0.0,0.0,0.0,0.0,0.0,0.0,0.0,0.0,0.0,0.0,0.0,0.0,0.0,0.0,0.0,0.0,0.0,0.0,0.0,0.0,0.0,0.0,0.0,0.0,0.0,0.0,0.0,0.0,0.0,0.0,0.0,0.0,0.0,0.0,0.0,0.0,0.0,0.0,0.0,0.0,0.0,0.0,0.0,0.0,0.0,0.0,0.0,0.0,0.0,0.0,0.0,0.0,0.0,0.0,0.0,0.0,0.0,0.0,0.0,0.0,0.0,0.0,0.0,0.0,0.0,0.0,0.0,0.0,0.0,0.0,0.0,0.0,0.0,0.0,0.0,0.0,0.0,0.0,0.0,0.0,0.0,0.0,0.0,0.0,0.0,0.0,0.0,0.0,0.0,0.0,0.0,0.0,0.0,0.0,0.0,0.0,0.0,0.0,0.0,0.0,0.0,0.0,0.0,0.0,0.0,0.0,0.0,0.0,0.0,0.0,0.0,0.0,0.0,0.0,0.0,0.0,0.0,0.0,0.0,0.0,0.0,0.0,0.0,0.0,0.0,0.0,0.0,0.0,0.0,0.0,0.0,0.0,0.0,0.0,0.0,0.0,0.0,0.0,0.0,0.0,0.0,0.0,0.0,0.0,0.0,0.0,0.0,0.0,0.0,0.0,0.0,0.0,0.0,0.0,0.0,0.0,0.0,0.0,0.0,0.0,0.0,0.0,0.0,0.0,0.0,0.0,0.0,0.0,0.0,0.0,0.0,0.0,0.0,0.0,0.0,0.0,0.0,0.0,0.0,0.0,0.0,0.0,0.0,0.0,0.0,0.0,0.0,0.0,0.0,0.0,0.0,0.0,0.0,0.0,0.0,0.0,0.0,0.0,0.0,0.0,0.0,0.0,0.0,0.0,0.0,0.0,0.0,0.0,0.0,0.0,0.0,0.0,0.0,0.0,0.0,0.0,0.0,0.0,0.0,0.0,0.0,0.0,0.0,0.0,0.0,0.0,0.0,0.0,0.0,0.0,0.0,0.0,0.0,0.0,0.0,0.0,0.0,0.0,0.0,0.0,0.0,0.0,0.0,0.0,0.0,0.0,0.0,0.0,0.0,0.0,0.0,0.0,0.0,0.0,0.0,0.0,0.0,0.0,0.0,0.0,0.0,0.0,0.0,0.0,0.0,0.0,0.0,0.0,0.0,0.0,0.0,0.0,0.0,0.0,0.0,0.0,0.0,0.0,0.0,0.0,0.0,0.0,0.0,0.0,0.0,0.0,0.0,0.0,0.0,0.0,0.0,0.0,0.0,0.0,0.0,0.0,0.0,0.0,0.0,0.0,0.0,0.0,0.0,0.0,0.0,0.0,0.0,0.0,0.0,0.0,0.0,0.0,0.0,0.0,0.0,0.0,0.0,0.0,0.0,0.0,0.0,0.0,0.0,0.0,0.0,0.0,0.0,0.0,0.0,0.0,0.0,0.0,0.0,0.0,0.0,0.0,0.0,0.0,0.0,0.0,0.0,0.0,0.0,0.0,0.0,0.0,0.0,0.0,0.0,0.0,0.0,0.0,0.0,0.0,0.0,0.0,0.0,0.0,0.0,0.0,0.0,0.0,0.0,0.0,0.0,0.0,0.0,0.0,0.0,0.0,0.0,0.0,0.0,0.0,0.0,0.0,0.0,0.0,0.0,0.0,0.0,0.0,0.0,0.0,0.0,0.0,0.0,0.0,0.0,0.0,0.0,0.0,0.0,0.0,0.0,0.0,0.0,0.0,0.0,0.0,0.0,0.0,0.0,0.0,0.0,0.0,0.0,0.0,0.0,0.0,0.0,0.0,0.0,0.0,0.0,0.0,0.0,0.0,0.0,0.0,0.0,0.0,0.0,0.0,0.0,0.0,0.0,0.0,0.0,0.0,0.0,0.0,0.0,0.0,0.0,0.0,0.0,0.0,0.0,0.0,0.0,0.0,0.0,0.0,0.0,0.0,0.0,0.0,0.0,0.0,0.0,0.0,0.0,0.0,0.0,0.0,0.0,0.0,0.0,0.0,0.0,0.0,0.0,0.0,0.0,0.0,0.0,0.0,0.0,0.0,0.0,0.0,0.0,0.0,0.0,0.0,0.0,0.0,0.0,0.0,0.0,0.0,0.0,0.0,0.0,0.0,0.0,0.0,0.0,0.0,0.0,0.0,0.0,0.0,0.0,0.0,0.0,0.0,0.0,0.0,0.0,0.0,0.0,0.0,0.0,0.0,0.0,0.0,0.0,0.0,0.0,0.0,0.0,0.0,0.0,0.0,0.0,0.0,0.0,0.0,0.0,0.0,0.0,0.0,0.0,0.0,0.0,0.0,0.0,0.0,0.0,0.0,0.0,0.0,0.0,0.0,0.0,0.0,0.0,0.0,0.0,0.0,0.0,0.0,0.0,0.0,0.0,0.0,0.0,0.0,0.0,0.0,0.0,0.0,0.0,0.0,0.0,0.0,0.0,0.0,0.0,0.0,0.0,0.0,0.0,0.0,0.0,0.0,0.0,0.0,0.0,0.0,0.0,0.0,0.0,0.0,0.0,0.0,0.0,0.0,0.0,0.0,0.0,0.0,0.0,0.0,0.0,0.0,0.0,0.0,0.0,0.0,0.0,0.0,0.0,0.0,0.0,0.0,0.0,0.0,0.0,0.0,0.0,0.0,0.0,0.0,0.0,0.0,0.0,0.0,0.0,0.0,0.0,0.0,0.0,0.0,0.0,0.0,0.0,0.0,0.0,0.0,0.0,0.0,0.0,0.0,0.0,0.0,0.0,0.0,0.0,0.0,0.0,0.0,0.0,0.0,0.0,0.0,0.0,0.0,0.0,0.0,0.0,0.0,0.0,0.0,0.0,0.0,0.0,0.0,0.0,0.0,0.0,0.0,0.0,0.0,0.0,0.0,0.0,0.0,0.0,0.0,0.0,0.0,0.0,0.0,0.0,0.0,0.0,0.0,0.0,0.0,0.0,0.0,0.0,0.0,0.0,0.0,0.0,0.0,0.0,0.0,0.0,0.0,0.0,0.0,0.0,0.0,0.0,0.0,0.0,0.0,0.0,0.0,0.0,0.0,0.0,0.0,0.0,0.0,0.0,0.0,0.0,0.0,0.0,0.0,0.0,0.0,0.0,0.0,0.0,0.0,0.0,0.0,0.0,0.0,0.0,0.0,0.0,0.0,0.0,0.0,0.0,0.0,0.0,0.0,0.0,0.0,0.0,0.0,0.0,0.0,0.0,0.0,0.0,0.0,0.0,0.0,0.0,0.0,0.0,0.0,0.0,0.0,0.0,0.0,0.0,0.0,0.0,0.0,0.0,0.0,0.0,0.0,0.0,0.0,0.0,0.0,0.0,0.0,0.0,0.0,0.0,0.0,0.0,0.0,0.0,0.0,0.0,0.0,0.0,0.0,0.0,0.0,0.0,0.0,0.0,0.0,0.0,0.0,0.0,0.0,0.0,0.0,0.0,0.0,0.0,0.0,0.0,0.0,0.0,0.0,0.0,0.0,0.0,0.0,0.0,0.0,0.0,0.0,0.0,0.0,0.0,0.0,0.0,0.0,0.0,0.0,0.0,0.0,0.0,0.0,0.0,0.0,0.0,0.0,0.0,0.0,0.0,0.0,0.0,0.0,0.0,0.0,0.0,0.0,0.0,0.0,0.0,0.0,0.0,0.0,0.0,0.0,0.0,0.0,0.0,0.0,0.0,0.0,0.0,0.0,0.0,0.0,0.0,0.0,0.0,0.0,0.0,0.0,0.0,0.0,0.0,0.0,0.0,0.0,0.0,0.0,0.0,0.0,0.0,0.0,0.0,0.0,0.0,0.0,0.0,0.0,0.0,0.0,0.0,0.0,0.0,0.0,0.0,0.0,0.0,0.0,0.0,0.0,0.0,0.0,0.0,0.0,0.0,0.0,0.0,0.0,0.0,0.0,0.0,0.0,0.0,0.0,0.0,0.0,0.0,0.0,0.0,0.0,0.0,0.0,0.0,0.0,0.0,0.0,0.0,0.0,0.0,0.0,0.0,0.0,0.0,0.0,0.0,0.0,0.0,0.0,0.0,0.0,0.0,0.0,0.0,0.0,0.0,0.0,0.0,0.0,0.0,0.0,0.0,0.0,0.0,0.0,0.0,0.0,0.0,0.0,0.0,0.0,0.0,0.0,0.0,0.0,0.0,0.0,0.0,0.0,0.0,0.0,0.0,0.0,0.0,0.0,0.0,0.0,0.0,0.0,0.0,0.0,0.0,0.0,0.0,0.0,0.0,0.0,0.0,0.0,0.0,0.0,0.0,0.0,0.0,0.0,0.0,0.0,0.0,0.0,0.0,0.0,0.0,0.0,0.0,0.0,0.0,0.0,0.0,0.0,0.0,0.0,0.0,0.0,0.0,0.0,0.0,0.0,0.0,0.0,0.0,0.0,0.0,0.0,0.0,0.0,0.0,0.0,0.0,0.0,0.0,0.0,0.0,0.0,0.0,0.0,0.0,0.0,0.0,0.0,0.0,0.0,0.0,0.0,0.0,0.0,0.0,0.0,0.0,0.0,0.0,0.0,0.0,0.0,0.0,0.0,0.0,0.0,0.0,0.0,0.0,0.0,0.0,0.0,0.0,0.0,0.0,0.0,0.0,0.0,0.0,0.0,0.0,0.0,0.0,0.0,0.0,0.0,0.0,0.0,0.0,0.0,0.0,0.0,0.0,0.0,0.0,0.0,0.0,0.0,0.0,0.0,0.0,0.0,0.0,0.0,0.0,0.0,0.0,0.0,0.0,0.0,0.0,0.0,0.0,0.0,0.0,0.0,0.0,0.0,0.0,0.0,0.0,0.0,0.0,0.0,0.0,0.0,0.0,0.0,0.0,0.0,0.0,0.0,0.0,0.0,0.0,0.0,0.0,0.0,0.0,0.0,0.0,0.0,0.0,0.0,0.0,0.0,0.0,0.0,0.0,0.0,0.0,0.0,0.0,0.0,0.0,0.0,0.0,0.0,0.0,0.0,0.0,0.0,0.0,0.0,0.0,0.0,0.0,0.0,0.0,0.0,0.0,0.0,0.0,0.0,0.0,0.0,0.0,0.0,0.0,0.0,0.0,0.0,0.0,0.0,0.0,0.0,0.0,0.0,0.0,0.0,0.0,0.0,0.0,0.0,0.0,0.0,0.0,0.0,0.0,0.0,0.0,0.0,0.0,0.0,0.0,0.0,0.0,0.0,0.0,0.0,0.0,0.0,0.0,0.0,0.0,0.0,0.0,0.0,0.0,0.0,0.0,0.0,0.0,0.0,0.0,0.0,0.0,0.0,0.0,0.0,0.0,0.0,0.0,0.0,0.0,0.0,0.0,0.0,0.0,0.0,0.0,0.0,0.0,0.0,0.0,0.0,0.0,0.0,0.0,0.0,0.0,0.0,0.0,0.0,0.0,0.0,0.0,0.0,0.0,0.0,0.0,0.0,0.0,0.0,0.0,0.0,0.0,0.0,0.0,0.0,0.0,0.0,0.0,0.0,0.0,0.0,0.0,0.0,0.0,0.0,0.0,0.0,0.0,0.0,0.0,0.0,0.0,0.0,0.0,0.0,0.0,0.0,0.0,0.0,0.0,0.0,0.0,0.0,0.0,0.0,0.0,0.0,0.0,0.0,0.0,0.0,0.0,0.0,0.0,0.0,0.0,0.0,0.0,0.0,0.0,0.0,0.0,0.0,0.0,0.0,0.0,0.0,0.0,0.0,0.0,0.0,0.0,0.0,0.0,0.0,0.0,0.0,0.0,0.0,0.0,0.0,0.0,0.0,0.0,0.0,0.0,0.0,0.0,0.0,0.0,0.0,0.0,0.0,0.0,0.0,0.0,0.0,0.0,0.0,0.0,0.0,0.0,0.0,0.0,0.0,0.0,0.0,0.0,0.0,0.0,0.0,0.0,0.0,0.0,0.0,0.0,0.0,0.0,0.0,0.0,0.0,0.0,0.0,0.0,0.0,0.0,0.0,0.0,0.0,0.0,0.0,0.0,0.0,0.0,0.0,0.0,0.0,0.0,0.0,0.0,0.0,0.0,0.0,0.0,0.0,0.0,0.0,0.0,0.0,0.0,0.0,0.0,0.0,0.0,0.0,0.0,0.0,0.0,0.0,0.0,0.0,0.0,0.0,0.0,0.0,0.0,0.0,0.0,0.0,0.0,0.0,0.0,0.0,0.0,0.0,0.0,0.0,0.0,0.0,0.0,0.0,0.0,0.0,0.0,0.0,0.0,0.0,0.0,0.0,0.0,0.0,0.0,0.0,0.0,0.0,0.0,0.0,0.0,0.0,0.0,0.0,0.0,0.0,0.0,0.0,0.0,0.0,0.0,0.0,0.0,0.0,0.0,0.0,0.0,0.0,0.0,0.0,0.0,0.0,0.0,0.0,0.0,0.0,0.0,0.0,0.0,0.0,0.0,0.0,0.0,0.0,0.0,0.0,0.0,0.0,0.0,0.0,0.0,0.0,0.0,0.0,0.0,0.0,0.0,0.0,0.0,0.0,0.0,0.0,0.0,0.0,0.0,0.0,0.0,0.0,0.0,0.0,0.0,0.0,0.0,0.0,0.0,0.0,0.0,0.0,0.0,0.0,0.0,0.0,0.0,0.0,0.0,0.0,0.0,0.0,0.0,0.0,0.0,0.0,0.0,0.0,0.0,0.0,0.0,0.0,0.0,0.0,0.0,0.0,0.0,0.0,0.0,0.0,0.0,0.0,0.0,0.0,0.0,0.0,0.0,0.0,0.0,0.0,0.0,0.0,0.0,0.0,0.0,0.0,0.0,0.0,0.0,0.0,0.0,0.0,0.0,0.0,0.0,0.0,0.0,0.0,0.0,0.0,0.0,0.0,0.0,0.0,0.0,0.0,0.0,0.0,0.0,0.0,0.0,0.0,0.0,0.0,0.0,0.0,0.0,0.0,0.0,0.0,0.0,0.0,0.0,0.0,0.0,0.0,0.0,0.0,0.0,0.0,0.0,0.0,0.0,0.0,0.0,0.0,0.0,0.0,0.0,0.0,0.0,0.0,0.0,0.0,0.0,0.0,0.0,0.0,0.0,0.0,0.0,0.0,0.0,0.0,0.0,0.0,0.0,0.0,0.0,0.0,0.0,0.0,0.0,0.0,0.0,0.0,0.0,0.0,0.0,0.0,0.0,0.0,0.0,0.0,0.0,0.0,0.0,0.0,0.0,0.0,0.0,0.0,0.0,0.0,0.0,0.0,0.0,0.0,0.0,0.0,0.0,0.0,0.0,0.0,0.0,0.0,0.0,0.0,0.0,0.0,0.0,0.0,0.0,0.0,0.0,0.0,0.0,0.0,0.0,0.0,0.0,0.0,0.0,0.0,0.0,0.0,0.0,0.0,0.0,0.0,0.0,0.0,0.0,0.0,0.0,0.0,0.0,0.0,0.0,0.0,0.0,0.0,0.0,0.0,0.0,0.0,0.0,0.0,0.0,0.0,0.0,0.0,0.0,0.0,0.0,0.0,0.0,0.0,0.0,0.0,0.0,0.0,0.0,0.0,0.0,0.0,0.0,0.0,0.0,0.0,0.0,0.0,0.0,0.0,0.0,0.0,0.0,0.0,0.0,0.0,0.0,0.0,0.0,0.0,0.0,0.0,0.0,0.0,0.0,0.0,0.0,0.0,0.0,0.0,0.0,0.0,0.0,0.0,0.0,0.0,0.0,0.0,0.0,0.0,0.0,0.0,0.0,0.0,0.0,0.0,0.0,0.0,0.0,0.0,0.0,0.0,0.0,0.0,0.0,0.0,0.0,0.0,0.0,0.0,0.0,0.0,0.0,0.0,0.0,0.0,0.0,0.0,0.0,0.0,0.0,0.0,0.0,0.0,0.0,0.0,0.0,0.0,0.0,0.0,0.0,0.0,0.0,0.0,0.0,0.0,0.0,0.0,0.0,0.0,0.0,0.0,0.0,0.0,0.0,0.0,0.0,0.0,0.0,0.0,0.0,0.0,0.0,0.0,0.0,0.0,0.0,0.0,0.0,0.0,0.0,0.0,0.0,0.0,0.0,0.0,0.0,0.0,0.0,0.0,0.0,0.0,0.0,0.0,0.0,0.0,0.0,0.0,0.0,0.0,0.0,0.0,0.0,0.0,0.0,0.0,0.0,0.0,0.0,0.0,0.0,0.0,0.0,0.0,0.0,0.0,0.0,0.0,0.0,0.0,0.0,0.0,0.0,0.0,0.0,0.0,0.0,0.0,0.0,0.0,0.0,0.0,0.0,0.0,0.0,0.0,0.0,0.0,0.0,0.0,0.0,0.0,0.0,0.0,0.0,0.0,0.0,0.0,0.0,0.0,0.0,0.0,0.0,0.0,0.0,0.0,0.0,0.0,0.0,0.0,0.0,0.0,0.0,0.0,0.0,0.0,0.0,0.0,0.0,0.0,0.0,0.0,0.0,0.0,0.0,0.0,0.0,0.0,0.0,0.0,0.0,0.0,0.0,0.0,0.0,0.0,0.0,0.0,0.0,0.0,0.0,0.0,0.0,0.0,0.0,0.0,0.0,0.0,0.0,0.0,0.0,0.0,0.0,0.0,0.0,0.0,0.0,0.0,0.0,0.0,0.0,0.0,0.0,0.0,0.0,0.0,0.0,0.0,0.0,0.0,0.0,0.0,0.0,0.0,0.0,0.0,0.0,0.0,0.0,0.0,0.0,0.0,0.0,0.0,0.0,0.0,0.0,0.0,0.0,0.0,0.0,0.0,0.0,0.0,0.0,0.0,0.0,0.0,0.0,0.0,0.0,0.0,0.0,0.0,0.0,0.0,0.0,0.0,0.0,0.0,0.0,0.0,0.0,0.0,0.0,0.0,0.0,0.0,0.0,0.0,0.0,0.0,0.0,0.0,0.0,0.0,0.0,0.0,0.0,0.0,0.0,0.0,0.0,0.0,0.0,0.0,0.0,0.0,0.0,0.0,0.0,0.0,0.0,0.0,0.0,0.0,0.0,0.0,0.0,0.0,0.0,0.0,0.0,0.0,0.0,0.0,0.0,0.0,0.0,0.0,0.0,0.0,0.0,0.0,0.0,0.0,0.0,0.0,0.0,0.0,0.0,0.0,0.0,0.0,0.0,0.0,0.0,0.0,0.0,0.0,0.0,0.0,0.0,0.0,0.0,0.0,0.0,0.0,0.0,0.0,0.0,0.0,0.0,0.0,0.0,0.0,0.0,0.0,0.0,0.0,0.0,0.0,0.0,0.0,0.0,0.0,0.0,0.0,0.0,0.0,0.0,0.0,0.0,0.0,0.0,0.0,0.0,0.0,0.0,0.0,0.0,0.0,0.0,0.0,0.0,0.0,0.0,0.0,0.0,0.0,0.0,0.0,0.0,0.0,0.0,0.0,0.0,0.0,0.0,0.0,0.0,0.0,0.0,0.0,0.0,0.0,0.0,0.0,0.0,0.0,0.0,0.0,0.0,0.0,0.0,0.0,0.0,0.0,0.0,0.0,0.0,0.0,0.0,0.0,0.0,0.0,0.0,0.0,0.0,0.0,0.0,0.0,0.0,0.0,0.0,0.0,0.0,0.0,0.0,0.0,0.0,0.0,0.0,0.0,0.0,0.0,0.0,0.0,0.0,0.0,0.0,0.0,0.0,0.0,0.0,0.0,0.0,0.0,0.0,0.0,0.0,0.0,0.0,0.0,0.0,0.0,0.0,0.0,0.0,0.0,0.0,0.0,0.0,0.0,0.0,0.0,0.0,0.0,0.0,0.0,0.0,0.0,0.0,0.0,0.0,0.0,0.0,0.0,0.0,0.0,0.0,0.0,0.0,0.0,0.0,0.0,0.0,0.0,0.0,0.0,0.0,0.0,0.0,0.0,0.0,0.0,0.0,0.0,0.0
Tax9,0.0,-1.1462821,-0.95726174,-0.72621095,-0.4833699,-0.22612387,0.040388834,0.3128273,0.58900416,0.86783016,1.1483021,1.429924,1.7116929,1.9940747,2.2778683,2.5616376,2.8435419,3.1074116,3.3793833,3.6615038,3.9236996,4.1979294,4.4710426,4.7110224,4.933198,5.204469,5.4877424,5.689895,5.8550076,6.1968875,6.4097714,6.710334,7.029277,7.3139052,7.5714803,7.82777,8.2835045,8.538809,8.609294,8.709796,9.124466,9.538461,10.189622,11.002488,11.367488,12.037211,12.756355,13.078247,13.489935,13.849632,14.099136,14.351601,14.97551,15.460613,15.8787155,16.396086,16.494713,17.005007,17.073326,16.937279,16.327293,16.267658,16.366243,16.534723,17.229452,18.043917,14.171158,15.133148,20.923859,21.910547,22.810354,23.540638,24.287916,19.003138,26.066988,20.381054,21.029957,22.100113,22.927366,24.08622,25.094027,25.75445,26.791761,27.694134,28.998236,30.189457,40.20832,41.351078,43.329124,45.2551,47.430958,48.962345,50.90835,52.44145,52.769825,52.831116,53.113594,54.3585,54.662273,55.54175,55.865765,57.003304,58.1631,59.725792,60.541378,61.61517,62.307343,63.210884,64.525375,65.37666,66.39551,66.76463,67.394394,67.30136,66.90648,49.46471,50.49631,51.341877,51.417736,51.555546,51.039227,49.837063,49.176186,48.390057,47.24311,46.147114,44.728565,42.08131,39.65922,37.32483,35.240456,33.146793,31.287617,28.957249,26.553974,24.026957,21.31736,18.42261,15.673218,12.818184,9.928619,7.1237187,4.787352,3.1457298,1.5887288,0.62026674,-0.46015668,-1.8968836,-3.2695029,-4.583428,-5.45132,-5.4639325,-3.893015,-2.141698,-0.7977199,0.4021252,1.4784389,2.1842213,2.5998476,2.476625,2.4328127,2.295153,1.663941,1.1520272,0.8087189,0.48810378,0.40108275,0.6968947,0.49326274,0.51076657,0.64489347,0.8015282,0.7122377,0.35369825,1.0108428,1.1974448,0.71959776,0.4234299,0.4347242,0.82327986,0.8057018,0.4545867,-0.717734,-1.9866168,-2.8405,-3.4732938,-4.063569,-4.527777,-4.696937,-4.967721,-5.1126614,-5.3006,-5.225618,-5.068118,-4.9962273,-4.9597197,-4.8953485,-4.7317796,-4.49829,-4.3208113,-4.151892,-4.0004215,-3.7871084,-3.5890656,-3.5151234,-3.3624353,-3.2076478,-2.903248,-2.6634862,-2.51235,-2.2604902,-2.1057272,-1.8919362,-1.7192681,-1.5881217,-1.4765726,-1.3819023,-1.2567339,-1.1405168,-1.0346076,-0.9871928,-0.90959007,-0.851693,-0.7533358,-0.6902265,-0.6203318,-0.58617604,-0.56155473,-0.48371363,-0.43920225,-0.3902019,-0.359205,-0.30520257,-0.28259557,-0.24207479,-0.22968884,-0.20800084,-0.18133909,-0.17906427,-0.17683645,-0.16509527,-0.15299547,-0.13608883,-0.12098966,-0.11953155,-0.10990071,-0.09606568,-0.094855756,-0.093643844,-0.07447418,-0.057065498,-0.03564361,-0.03519962,-0.026497887,-0.026142146,-0.0111516975,-0.011027057,-0.0057097105,-0.0056454334,-0.005586031,-0.0055286773,-0.0054552774,-0.0053756195,-0.0052997153,-0.0052307565,-0.005155873,-0.0050883214,0.0,0.0,0.0,0.0,0.0,0.0,0.0,0.0,0.0,0.0,0.0,0.0,0.0,0.0,0.0,0.0,0.0,0.0,0.0,0.0,0.0,0.0,0.0,0.0,0.0,0.0,0.0,0.0,0.0,0.0,0.0,0.0,0.0,0.0,0.0,0.0,0.0,0.0,0.0,0.0,0.0,0.0,0.0,0.0,0.0,0.0,0.0,0.0,0.0,0.0,0.0,0.0,0.0,0.0,0.0,0.0,0.0,0.0,0.0,0.0,0.0,0.0,0.0,0.0,0.0,0.0,0.0,0.0,0.0,0.0,0.0,0.0,0.0,0.0,0.0,0.0,0.0,0.0,0.0,0.0,0.0,0.0,0.0,0.0,0.0,0.0,0.0,0.0,0.0,0.0,0.0,0.0,0.0,0.0,0.0,0.0,0.0,0.0,0.0,0.0,0.0,0.0,0.0,0.0,0.0,0.0,0.0,0.0,0.0,0.0,0.0,0.0,0.0,0.0,0.0,0.0,0.0,0.0,0.0,0.0,0.0,0.0,0.0,0.0,0.0,0.0,0.0,0.0,0.0,0.0,0.0,0.0,0.0,0.0,0.0,0.0,0.0,0.0,0.0,0.0,0.0,0.0,0.0,0.0,0.0,0.0,0.0,0.0,0.0,0.0,0.0,0.0,0.0,0.0,0.0,0.0,0.0,0.0,0.0,0.0,0.0,0.0,0.0,0.0,0.0,0.0,0.0,0.0,0.0,0.0,0.0,0.0,0.0,0.0,0.0,0.0,0.0,0.0,0.0,0.0,0.0,0.0,0.0,0.0,0.0,0.0,0.0,0.0,0.0,0.0,0.0,0.0,0.0,0.0,0.0,0.0,0.0,0.0,0.0,0.0,0.0,0.0,0.0,0.0,0.0,0.0,0.0,0.0,0.0,0.0,0.0,0.0,0.0,0.0,0.0,0.0,0.0,0.0,0.0,0.0,0.0,0.0,0.0,0.0,0.0,0.0,0.0,0.0,0.0,0.0,0.0,0.0,0.0,0.0,0.0,0.0,0.0,0.0,0.0,0.0,0.0,0.0,0.0,0.0,0.0,0.0,0.0,0.0,0.0,0.0,0.0,0.0,0.0,0.0,0.0,0.0,0.0,0.0,0.0,0.0,0.0,0.0,0.0,0.0,0.0,0.0,0.0,0.0,0.0,0.0,0.0,0.0,0.0,0.0,0.0,0.0,0.0,0.0,0.0,0.0,0.0,0.0,0.0,0.0,0.0,0.0,0.0,0.0,0.0,0.0,0.0,0.0,0.0,0.0,0.0,0.0,0.0,0.0,0.0,0.0,0.0,0.0,0.0,0.0,0.0,0.0,0.0,0.0,0.0,0.0,0.0,0.0,0.0,0.0,0.0,0.0,0.0,0.0,0.0,0.0,0.0,0.0,0.0,0.0,0.0,0.0,0.0,0.0,0.0,0.0,0.0,0.0,0.0,0.0,0.0,0.0,0.0,0.0,0.0,0.0,0.0,0.0,0.0,0.0,0.0,0.0,0.0,0.0,0.0,0.0,0.0,0.0,0.0,0.0,0.0,0.0,0.0,0.0,0.0,0.0,0.0,0.0,0.0,0.0,0.0,0.0,0.0,0.0,0.0,0.0,0.0,0.0,0.0,0.0,0.0,0.0,0.0,0.0,0.0,0.0,0.0,0.0,0.0,0.0,0.0,0.0,0.0,0.0,0.0,0.0,0.0,0.0,0.0,0.0,0.0,0.0,0.0,0.0,0.0,0.0,0.0,0.0,0.0,0.0,0.0,0.0,0.0,0.0,0.0,0.0,0.0,0.0,0.0,0.0,0.0,0.0,0.0,0.0,0.0,0.0,0.0,0.0,0.0,0.0,0.0,0.0,0.0,0.0,0.0,0.0,0.0,0.0,0.0,0.0,0.0,0.0,0.0,0.0,0.0,0.0,0.0,0.0,0.0,0.0,0.0,0.0,0.0,0.0,0.0,0.0,0.0,0.0,0.0,0.0,0.0,0.0,0.0,0.0,0.0,0.0,0.0,0.0,0.0,0.0,0.0,0.0,0.0,0.0,0.0,0.0,0.0,0.0,0.0,0.0,0.0,0.0,0.0,0.0,0.0,0.0,0.0,0.0,0.0,0.0,0.0,0.0,0.0,0.0,0.0,0.0,0.0,0.0,0.0,0.0,0.0,0.0,0.0,0.0,0.0,0.0,0.0,0.0,0.0,0.0,0.0,0.0,0.0,0.0,0.0,0.0,0.0,0.0,0.0,0.0,0.0,0.0,0.0,0.0,0.0,0.0,0.0,0.0,0.0,0.0,0.0,0.0,0.0,0.0,0.0,0.0,0.0,0.0,0.0,0.0,0.0,0.0,0.0,0.0,0.0,0.0,0.0,0.0,0.0,0.0,0.0,0.0,0.0,0.0,0.0,0.0,0.0,0.0,0.0,0.0,0.0,0.0,0.0,0.0,0.0,0.0,0.0,0.0,0.0,0.0,0.0,0.0,0.0,0.0,0.0,0.0,0.0,0.0,0.0,0.0,0.0,0.0,0.0,0.0,0.0,0.0,0.0,0.0,0.0,0.0,0.0,0.0,0.0,0.0,0.0,0.0,0.0,0.0,0.0,0.0,0.0,0.0,0.0,0.0,0.0,0.0,0.0,0.0,0.0,0.0,0.0,0.0,0.0,0.0,0.0,0.0,0.0,0.0,0.0,0.0,0.0,0.0,0.0,0.0,0.0,0.0,0.0,0.0,0.0,0.0,0.0,0.0,0.0,0.0,0.0,0.0,0.0,0.0,0.0,0.0,0.0,0.0,0.0,0.0,0.0,0.0,0.0,0.0,0.0,0.0,0.0,0.0,0.0,0.0,0.0,0.0,0.0,0.0,0.0,0.0,0.0,0.0,0.0,0.0,0.0,0.0,0.0,0.0,0.0,0.0,0.0,0.0,0.0,0.0,0.0,0.0,0.0,0.0,0.0,0.0,0.0,0.0,0.0,0.0,0.0,0.0,0.0,0.0,0.0,0.0,0.0,0.0,0.0,0.0,0.0,0.0,0.0,0.0,0.0,0.0,0.0,0.0,0.0,0.0,0.0,0.0,0.0,0.0,0.0,0.0,0.0,0.0,0.0,0.0,0.0,0.0,0.0,0.0,0.0,0.0,0.0,0.0,0.0,0.0,0.0,0.0,0.0,0.0,0.0,0.0,0.0,0.0,0.0,0.0,0.0,0.0,0.0,0.0,0.0,0.0,0.0,0.0,0.0,0.0,0.0,0.0,0.0,0.0,0.0,0.0,0.0,0.0,0.0,0.0,0.0,0.0,0.0,0.0,0.0,0.0,0.0,0.0,0.0,0.0,0.0,0.0,0.0,0.0,0.0,0.0,0.0,0.0,0.0,0.0,0.0,0.0,0.0,0.0,0.0,0.0,0.0,0.0,0.0,0.0,0.0,0.0,0.0,0.0,0.0,0.0,0.0,0.0,0.0,0.0,0.0,0.0,0.0,0.0,0.0,0.0,0.0,0.0,0.0,0.0,0.0,0.0,0.0,0.0,0.0,0.0,0.0,0.0,0.0,0.0,0.0,0.0,0.0,0.0,0.0,0.0,0.0,0.0,0.0,0.0,0.0,0.0,0.0,0.0,0.0,0.0,0.0,0.0,0.0,0.0,0.0,0.0,0.0,0.0,0.0,0.0,0.0,0.0,0.0,0.0,0.0,0.0,0.0,0.0,0.0,0.0,0.0,0.0,0.0,0.0,0.0,0.0,0.0,0.0,0.0,0.0,0.0,0.0,0.0,0.0,0.0,0.0,0.0,0.0,0.0,0.0,0.0,0.0,0.0,0.0,0.0,0.0,0.0,0.0,0.0,0.0,0.0,0.0,0.0,0.0,0.0,0.0,0.0,0.0,0.0,0.0,0.0,0.0,0.0,0.0,0.0,0.0,0.0,0.0,0.0,0.0,0.0,0.0,0.0,0.0,0.0,0.0,0.0,0.0,0.0,0.0,0.0,0.0,0.0,0.0,0.0,0.0,0.0,0.0,0.0,0.0,0.0,0.0,0.0,0.0,0.0,0.0,0.0,0.0,0.0,0.0,0.0,0.0,0.0,0.0,0.0,0.0,0.0,0.0,0.0,0.0,0.0,0.0,0.0,0.0,0.0,0.0,0.0,0.0,0.0,0.0,0.0,0.0,0.0,0.0,0.0,0.0,0.0,0.0,0.0,0.0,0.0,0.0,0.0,0.0,0.0,0.0,0.0,0.0,0.0,0.0,0.0,0.0,0.0,0.0,0.0,0.0,0.0,0.0,0.0,0.0,0.0,0.0,0.0,0.0,0.0,0.0,0.0,0.0,0.0,0.0,0.0,0.0,0.0,0.0,0.0,0.0,0.0,0.0,0.0,0.0,0.0,0.0,0.0,0.0,0.0,0.0,0.0,0.0,0.0,0.0,0.0,0.0,0.0,0.0,0.0,0.0,0.0,0.0,0.0,0.0,0.0,0.0,0.0,0.0,0.0,0.0,0.0,0.0,0.0,0.0,0.0,0.0,0.0,0.0,0.0,0.0,0.0,0.0,0.0,0.0,0.0,0.0,0.0,0.0,0.0,0.0,0.0,0.0,0.0,0.0,0.0,0.0,0.0,0.0,0.0,0.0,0.0,0.0,0.0,0.0,0.0,0.0,0.0,0.0,0.0,0.0,0.0,0.0,0.0,0.0,0.0,0.0,0.0,0.0,0.0,0.0,0.0,0.0,0.0,0.0,0.0,0.0,0.0,0.0,0.0,0.0,0.0,0.0,0.0,0.0,0.0,0.0,0.0,0.0,0.0,0.0,0.0,0.0,0.0,0.0,0.0,0.0,0.0,0.0,0.0,0.0,0.0,0.0,0.0,0.0,0.0,0.0,0.0,0.0,0.0,0.0,0.0,0.0,0.0,0.0,0.0,0.0,0.0,0.0,0.0,0.0,0.0,0.0,0.0,0.0,0.0,0.0,0.0,0.0,0.0,0.0,0.0,0.0,0.0,0.0,0.0,0.0,0.0,0.0,0.0,0.0,0.0,0.0,0.0,0.0,0.0,0.0,0.0,0.0,0.0,0.0,0.0,0.0,0.0,0.0,0.0,0.0,0.0,0.0,0.0,0.0,0.0,0.0,0.0,0.0,0.0,0.0,0.0,0.0,0.0,0.0,0.0,0.0,0.0,0.0,0.0,0.0,0.0,0.0,0.0,0.0,0.0,0.0,0.0,0.0,0.0,0.0,0.0,0.0,0.0,0.0,0.0,0.0,0.0,0.0,0.0,0.0,0.0,0.0,0.0,0.0,0.0,0.0,0.0,0.0,0.0,0.0,0.0,0.0,0.0,0.0,0.0,0.0,0.0,0.0,0.0,0.0,0.0,0.0,0.0,0.0,0.0,0.0,0.0,0.0,0.0,0.0,0.0,0.0,0.0,0.0,0.0,0.0,0.0,0.0,0.0,0.0,0.0,0.0,0.0,0.0,0.0,0.0,0.0,0.0,0.0,0.0,0.0,0.0,0.0,0.0,0.0,0.0,0.0,0.0,0.0,0.0,0.0,0.0,0.0,0.0,0.0,0.0,0.0,0.0,0.0,0.0,0.0,0.0,0.0,0.0,0.0,0.0,0.0,0.0,0.0,0.0,0.0,0.0,0.0,0.0,0.0,0.0,0.0,0.0,0.0,0.0,0.0,0.0,0.0,0.0,0.0,0.0,0.0,0.0,0.0,0.0,0.0,0.0,0.0,0.0,0.0,0.0,0.0,0.0,0.0,0.0,0.0,0.0,0.0,0.0,0.0,0.0,0.0,0.0,0.0,0.0,0.0,0.0,0.0,0.0,0.0,0.0,0.0,0.0,0.0,0.0,0.0,0.0,0.0,0.0,0.0,0.0,0.0,0.0,0.0,0.0,0.0,0.0,0.0,0.0,0.0,0.0,0.0,0.0,0.0,0.0,0.0,0.0,0.0,0.0,0.0,0.0,0.0,0.0,0.0,0.0,0.0,0.0,0.0,0.0,0.0,0.0,0.0,0.0,0.0,0.0,0.0,0.0,0.0,0.0,0.0,0.0,0.0,0.0,0.0,0.0,0.0,0.0,0.0,0.0,0.0,0.0,0.0,0.0,0.0,0.0,0.0,0.0,0.0,0.0,0.0,0.0,0.0,0.0,0.0,0.0,0.0,0.0,0.0,0.0,0.0,0.0,0.0,0.0,0.0,0.0,0.0,0.0,0.0,0.0,0.0,0.0,0.0,0.0,0.0,0.0,0.0,0.0,0.0,0.0,0.0,0.0,0.0,0.0,0.0,0.0,0.0,0.0,0.0,0.0,0.0,0.0,0.0,0.0,0.0,0.0,0.0,0.0,0.0,0.0,0.0,0.0,0.0,0.0,0.0,0.0,0.0,0.0,0.0,0.0,0.0,0.0,0.0,0.0,0.0,0.0,0.0,0.0,0.0,0.0,0.0,0.0,0.0,0.0,0.0,0.0,0.0,0.0,0.0,0.0,0.0,0.0,0.0,0.0,0.0,0.0,0.0,0.0,0.0,0.0,0.0,0.0,0.0,0.0,0.0,0.0,0.0,0.0,0.0,0.0,0.0,0.0,0.0,0.0,0.0,0.0,0.0,0.0,0.0,0.0,0.0,0.0,0.0,0.0,0.0,0.0,0.0,0.0,0.0,0.0,0.0,0.0,0.0,0.0,0.0,0.0,0.0,0.0,0.0,0.0,0.0,0.0,0.0,0.0,0.0,0.0,0.0,0.0,0.0,0.0,0.0,0.0,0.0,0.0,0.0,0.0,0.0,0.0,0.0,0.0,0.0,0.0,0.0,0.0,0.0,0.0,0.0,0.0,0.0,0.0,0.0,0.0,0.0,0.0,0.0,0.0,0.0,0.0,0.0,0.0,0.0,0.0,0.0,0.0,0.0,0.0,0.0,0.0,0.0,0.0,0.0,0.0,0.0,0.0,0.0,0.0,0.0,0.0,0.0,0.0,0.0,0.0,0.0,0.0,0.0,0.0,0.0,0.0,0.0,0.0,0.0,0.0,0.0,0.0,0.0,0.0,0.0,0.0,0.0,0.0,0.0,0.0,0.0,0.0,0.0,0.0,0.0,0.0,0.0,0.0,0.0,0.0,0.0,0.0,0.0,0.0,0.0,0.0,0.0,0.0,0.0,0.0,0.0,0.0,0.0,0.0,0.0,0.0,0.0,0.0,0.0,0.0,0.0,0.0,0.0,0.0,0.0,0.0,0.0,0.0,0.0,0.0,0.0,0.0,0.0,0.0,0.0,0.0,0.0,0.0,0.0,0.0,0.0,0.0,0.0,0.0,0.0,0.0,0.0,0.0,0.0,0.0,0.0,0.0,0.0,0.0,0.0,0.0,0.0,0.0,0.0,0.0,0.0,0.0,0.0,0.0,0.0,0.0,0.0,0.0,0.0,0.0,0.0,0.0,0.0,0.0,0.0,0.0,0.0,0.0,0.0,0.0,0.0,0.0,0.0,0.0,0.0,0.0,0.0,0.0,0.0,0.0,0.0,0.0,0.0,0.0,0.0,0.0,0.0,0.0,0.0,0.0,0.0,0.0,0.0,0.0,0.0,0.0,0.0,0.0,0.0,0.0,0.0,0.0,0.0,0.0,0.0,0.0,0.0,0.0,0.0,0.0,0.0,0.0,0.0,0.0,0.0,0.0,0.0,0.0,0.0,0.0,0.0,0.0,0.0,0.0,0.0,0.0,0.0,0.0,0.0,0.0,0.0,0.0,0.0,0.0,0.0,0.0,0.0,0.0,0.0,0.0,0.0,0.0,0.0,0.0,0.0,0.0,0.0,0.0,0.0,0.0,0.0,0.0,0.0,0.0,0.0,0.0,0.0,0.0,0.0,0.0,0.0,0.0,0.0,0.0,0.0,0.0,0.0,0.0,0.0,0.0,0.0,0.0,0.0,0.0,0.0,0.0,0.0,0.0,0.0,0.0,0.0,0.0,0.0,0.0,0.0,0.0,0.0,0.0,0.0,0.0,0.0,0.0,0.0,0.0,0.0,0.0,0.0,0.0,0.0,0.0,0.0,0.0,0.0,0.0,0.0,0.0,0.0,0.0,0.0,0.0,0.0,0.0,0.0,0.0,0.0,0.0,0.0,0.0,0.0,0.0,0.0,0.0,0.0,0.0,0.0,0.0,0.0,0.0,0.0,0.0,0.0,0.0,0.0,0.0,0.0,0.0,0.0,0.0,0.0,0.0,0.0,0.0,0.0,0.0,0.0,0.0,0.0,0.0,0.0,0.0,0.0,0.0,0.0,0.0,0.0,0.0,0.0,0.0,0.0,0.0,0.0,0.0,0.0,0.0,0.0,0.0,0.0,0.0,0.0,0.0,0.0,0.0,0.0,0.0,0.0,0.0,0.0,0.0,0.0,0.0,0.0,0.0,0.0,0.0,0.0,0.0,0.0,0.0,0.0,0.0,0.0,0.0,0.0,0.0,0.0,0.0,0.0,0.0,0.0,0.0,0.0,0.0,0.0,0.0,0.0,0.0,0.0,0.0,0.0,0.0,0.0,0.0,0.0,0.0,0.0,0.0,0.0,0.0,0.0,0.0,0.0,0.0,0.0,0.0,0.0,0.0,0.0,0.0,0.0,0.0,0.0,0.0,0.0,0.0,0.0,0.0,0.0,0.0,0.0,0.0,0.0,0.0,0.0,0.0,0.0,0.0,0.0,0.0,0.0,0.0,0.0,0.0,0.0,0.0,0.0,0.0,0.0,0.0,0.0,0.0,0.0,0.0,0.0,0.0,0.0,0.0,0.0,0.0,0.0,0.0,0.0,0.0,0.0,0.0,0.0,0.0,0.0,0.0,0.0,0.0,0.0,0.0,0.0,0.0,0.0,0.0,0.0,0.0,0.0,0.0,0.0,0.0,0.0,0.0,0.0,0.0,0.0,0.0,0.0,0.0,0.0,0.0,0.0,0.0,0.0,0.0,0.0,0.0,0.0,0.0,0.0,0.0,0.0,0.0,0.0,0.0,0.0,0.0,0.0,0.0,0.0,0.0,0.0,0.0,0.0,0.0,0.0,0.0,0.0,0.0,0.0,0.0,0.0,0.0,0.0,0.0,0.0,0.0,0.0,0.0,0.0,0.0,0.0,0.0,0.0,0.0,0.0,0.0,0.0,0.0,0.0,0.0,0.0,0.0,0.0,0.0,0.0,0.0,0.0,0.0,0.0,0.0,0.0,0.0,0.0,0.0,0.0,0.0,0.0,0.0,0.0,0.0,0.0,0.0,0.0,0.0,0.0,0.0,0.0,0.0,0.0,0.0,0.0,0.0,0.0,0.0,0.0,0.0,0.0,0.0,0.0,0.0,0.0,0.0,0.0,0.0,0.0,0.0,0.0,0.0,0.0,0.0,0.0,0.0,0.0,0.0,0.0,0.0,0.0,0.0,0.0,0.0,0.0,0.0,0.0,0.0,0.0,0.0,0.0,0.0,0.0,0.0,0.0,0.0,0.0,0.0,0.0,0.0,0.0,0.0,0.0,0.0,0.0,0.0,0.0,0.0,0.0,0.0,0.0,0.0,0.0,0.0,0.0,0.0,0.0,0.0,0.0,0.0,0.0,0.0,0.0,0.0,0.0,0.0,0.0,0.0,0.0,0.0,0.0,0.0,0.0,0.0,0.0,0.0,0.0,0.0,0.0,0.0,0.0,0.0,0.0,0.0,0.0,0.0,0.0,0.0,0.0,0.0,0.0,0.0,0.0,0.0,0.0,0.0,0.0,0.0,0.0,0.0,0.0,0.0,0.0,0.0,0.0,0.0,0.0,0.0,0.0,0.0,0.0,0.0,0.0,0.0,0.0,0.0,0.0,0.0,0.0,0.0,0.0,0.0,0.0,0.0,0.0,0.0,0.0,0.0,0.0,0.0,0.0,0.0,0.0,0.0,0.0,0.0,0.0,0.0,0.0,0.0,0.0,0.0,0.0,0.0,0.0,0.0,0.0,0.0,0.0,0.0,0.0,0.0,0.0,0.0,0.0,0.0,0.0,0.0,0.0,0.0,0.0,0.0,0.0,0.0,0.0,0.0,0.0,0.0,0.0,0.0,0.0,0.0,0.0,0.0,0.0,0.0,0.0,0.0,0.0,0.0,0.0,0.0,0.0,0.0,0.0,0.0,0.0,0.0,0.0,0.0,0.0,0.0,0.0,0.0,0.0,0.0,0.0,0.0,0.0,0.0,0.0,0.0,0.0,0.0,0.0,0.0,0.0,0.0,0.0,0.0,0.0,0.0,0.0,0.0,0.0,0.0,0.0,0.0,0.0,0.0,0.0,0.0,0.0,0.0,0.0,0.0,0.0,0.0,0.0,0.0,0.0,0.0,0.0,0.0,0.0,0.0,0.0,0.0,0.0,0.0,0.0,0.0,0.0,0.0,0.0,0.0,0.0,0.0,0.0,0.0,0.0,0.0,0.0,0.0,0.0,0.0,0.0,0.0,0.0,0.0,0.0,0.0,0.0,0.0,0.0,0.0,0.0,0.0,0.0,0.0,0.0,0.0,0.0,0.0,0.0,0.0,0.0,0.0,0.0,0.0,0.0,0.0,0.0,0.0,0.0,0.0,0.0,0.0,0.0,0.0,0.0,0.0,0.0,0.0,0.0,0.0,0.0,0.0,0.0,0.0,0.0,0.0,0.0,0.0,0.0,0.0,0.0,0.0,0.0,0.0,0.0,0.0,0.0,0.0,0.0,0.0,0.0,0.0,0.0,0.0,0.0,0.0,0.0,0.0,0.0,0.0,0.0,0.0,0.0,0.0,0.0,0.0,0.0,0.0,0.0,0.0,0.0,0.0,0.0,0.0,0.0,0.0,0.0,0.0,0.0,0.0,0.0,0.0,0.0,0.0,0.0,0.0,0.0,0.0,0.0,0.0,0.0,0.0,0.0,0.0,0.0,0.0,0.0,0.0,0.0,0.0,0.0,0.0,0.0,0.0,0.0,0.0,0.0,0.0,0.0,0.0,0.0,0.0,0.0,0.0,0.0,0.0,0.0,0.0,0.0,0.0,0.0,0.0,0.0,0.0,0.0,0.0,0.0,0.0,0.0,0.0,0.0,0.0,0.0,0.0,0.0,0.0,0.0,0.0,0.0,0.0,0.0,0.0,0.0,0.0,0.0,0.0,0.0,0.0,0.0,0.0,0.0,0.0,0.0,0.0,0.0,0.0,0.0,0.0,0.0,0.0,0.0,0.0,0.0,0.0,0.0,0.0,0.0,0.0,0.0,0.0,0.0,0.0,0.0,0.0,0.0,0.0,0.0,0.0,0.0,0.0,0.0,0.0,0.0,0.0,0.0,0.0,0.0,0.0,0.0,0.0,0.0,0.0,0.0,0.0,0.0,0.0,0.0,0.0,0.0,0.0,0.0,0.0,0.0,0.0,0.0,0.0,0.0,0.0,0.0,0.0,0.0,0.0,0.0,0.0,0.0,0.0,0.0,0.0,0.0,0.0,0.0,0.0,0.0,0.0,0.0,0.0,0.0,0.0,0.0,0.0,0.0,0.0,0.0,0.0,0.0,0.0,0.0,0.0,0.0,0.0,0.0,0.0,0.0,0.0,0.0,0.0,0.0,0.0,0.0,0.0,0.0,0.0,0.0,0.0,0.0,0.0,0.0,0.0,0.0,0.0,0.0,0.0,0.0,0.0,0.0,0.0,0.0,0.0,0.0,0.0,0.0,0.0,0.0,0.0,0.0,0.0,0.0,0.0
Tax10,0.0,-0.086412884,-0.077138074,-0.06180307,-0.043715958,-0.023190517,-0.0011193072,0.02180502,0.04502903,0.06858286,0.09118151,0.11299686,0.1337258,0.15324825,0.1714696,0.1881347,0.20314656,0.2165248,0.22811793,0.23897898,0.24722332,0.25481132,0.2581142,0.25722134,0.26301312,0.2690895,0.27633372,0.28307712,0.28661853,0.29224652,0.29692036,0.2974087,0.30847448,0.31776765,0.32685643,0.33394456,0.3445518,0.35163155,0.35834256,0.3617511,0.3643832,0.36732253,0.3698636,0.38614804,0.3966846,0.40857315,0.42168778,0.4029381,0.40355676,0.39904633,0.4116054,0.4067191,0.42571008,0.42133558,0.42116642,0.42399618,0.4149861,0.42047548,0.40942028,0.39388177,0.37227046,0.36373323,0.34831947,0.34819457,0.35218838,0.35292575,0.26413321,0.2731883,0.37316555,0.37506914,0.38858873,0.39524186,0.40307677,0.3081611,0.41620556,0.31081575,0.3221613,0.32379237,0.34040147,0.34124136,0.34781706,0.35683638,0.3579206,0.37264186,0.3811048,0.38623828,0.5111423,0.5156446,0.5204073,0.5160767,0.51728797,0.5437189,0.5398397,0.5503549,0.5169921,0.4925408,0.49452654,0.47325298,0.48460346,0.4615742,0.46054268,0.45629123,0.45025903,0.45355627,0.44077504,0.43670532,0.42711416,0.42354527,0.4281528,0.42231655,0.41335088,0.4237313,0.4012612,0.4036009,0.3914645,0.2843869,0.28075927,0.28020486,0.28279346,0.27528077,0.27194294,0.26435617,0.25938642,0.25352952,0.24437672,0.23952708,0.23407163,0.21360922,0.20297843,0.19259197,0.18752547,0.17425461,0.16546983,0.15350825,0.1427989,0.13075303,0.121060535,0.111328214,0.096938625,0.0887178,0.07640168,0.063187554,0.05310854,0.048536558,0.039242685,0.03401719,0.028635422,0.021695288,0.01570716,0.008857574,0.0049134754,0.004173792,0.008201804,0.0123723475,0.015784414,0.018795261,0.021184,0.021831367,0.022836253,0.021398287,0.020781564,0.019734167,0.017994182,0.015039136,0.013604444,0.011631342,0.010681179,0.011507137,0.009670727,0.00928004,0.009501704,0.009939808,0.009824577,0.007943011,0.010207509,0.011201889,0.009927591,0.008432658,0.008279102,0.00899035,0.008774509,0.007569903,0.0036527063,-0.0007208953,-0.003098767,-0.0054675275,-0.0078049493,-0.009726268,-0.011115785,-0.0118463235,-0.012503717,-0.01370581,-0.013039606,-0.011415976,-0.011959528,-0.010863758,-0.011420696,-0.011242332,-0.011529944,-0.011085014,-0.010555538,-0.010851048,-0.011036962,-0.011248858,-0.011027029,-0.01145659,-0.011735118,-0.0119562065,-0.012154687,-0.010161091,-0.0071335034,-0.006180252,-0.00516713,-0.005164895,-0.0051812623,-0.005217606,-0.004293811,-0.0030724895,-0.0030940017,-0.0031055477,-0.0031151501,-0.0031187637,-0.0031267894,-0.0020002,-0.0020065638,-0.0020099725,-0.0020097187,-0.0020122002,-0.002011818,-0.0020068213,-0.0019954923,-0.0010144996,-0.0010169019,-0.0010182176,-0.0010184553,-0.0010177665,-0.0010162914,-0.0010153019,-0.0010145791,-0.0010140014,-0.0010129338,0.0,0.0,0.0,0.0,0.0,0.0,0.0,0.0,0.0,0.0,0.0,0.0,0.0,0.0,0.0,0.0,0.0,0.0,0.0,0.0,0.0,0.0,0.0,0.0,0.0,0.0,0.0,0.0,0.0,0.0,0.0,0.0,0.0,0.0,0.0,0.0,0.0,0.0,0.0,0.0,0.0,0.0,0.0,0.0,0.0,0.0,0.0,0.0,0.0,0.0,0.0,0.0,0.0,0.0,0.0,0.0,0.0,0.0,0.0,0.0,0.0,0.0,0.0,0.0,0.0,0.0,0.0,0.0,0.0,0.0,0.0,0.0,0.0,0.0,0.0,0.0,0.0,0.0,0.0,0.0,0.0,0.0,0.0,0.0,0.0,0.0,0.0,0.0,0.0,0.0,0.0,0.0,0.0,0.0,0.0,0.0,0.0,0.0,0.0,0.0,0.0,0.0,0.0,0.0,0.0,0.0,0.0,0.0,0.0,0.0,0.0,0.0,0.0,0.0,0.0,0.0,0.0,0.0,0.0,0.0,0.0,0.0,0.0,0.0,0.0,0.0,0.0,0.0,0.0,0.0,0.0,0.0,0.0,0.0,0.0,0.0,0.0,0.0,0.0,0.0,0.0,0.0,0.0,0.0,0.0,0.0,0.0,0.0,0.0,0.0,0.0,0.0,0.0,0.0,0.0,0.0,0.0,0.0,0.0,0.0,0.0,0.0,0.0,0.0,0.0,0.0,0.0,0.0,0.0,0.0,0.0,0.0,0.0,0.0,0.0,0.0,0.0,0.0,0.0,0.0,0.0,0.0,0.0,0.0,0.0,0.0,0.0,0.0,0.0,0.0,0.0,0.0,0.0,0.0,0.0,0.0,0.0,0.0,0.0,0.0,0.0,0.0,0.0,0.0,0.0,0.0,0.0,0.0,0.0,0.0,0.0,0.0,0.0,0.0,0.0,0.0,0.0,0.0,0.0,0.0,0.0,0.0,0.0,0.0,0.0,0.0,0.0,0.0,0.0,0.0,0.0,0.0,0.0,0.0,0.0,0.0,0.0,0.0,0.0,0.0,0.0,0.0,0.0,0.0,0.0,0.0,0.0,0.0,0.0,0.0,0.0,0.0,0.0,0.0,0.0,0.0,0.0,0.0,0.0,0.0,0.0,0.0,0.0,0.0,0.0,0.0,0.0,0.0,0.0,0.0,0.0,0.0,0.0,0.0,0.0,0.0,0.0,0.0,0.0,0.0,0.0,0.0,0.0,0.0,0.0,0.0,0.0,0.0,0.0,0.0,0.0,0.0,0.0,0.0,0.0,0.0,0.0,0.0,0.0,0.0,0.0,0.0,0.0,0.0,0.0,0.0,0.0,0.0,0.0,0.0,0.0,0.0,0.0,0.0,0.0,0.0,0.0,0.0,0.0,0.0,0.0,0.0,0.0,0.0,0.0,0.0,0.0,0.0,0.0,0.0,0.0,0.0,0.0,0.0,0.0,0.0,0.0,0.0,0.0,0.0,0.0,0.0,0.0,0.0,0.0,0.0,0.0,0.0,0.0,0.0,0.0,0.0,0.0,0.0,0.0,0.0,0.0,0.0,0.0,0.0,0.0,0.0,0.0,0.0,0.0,0.0,0.0,0.0,0.0,0.0,0.0,0.0,0.0,0.0,0.0,0.0,0.0,0.0,0.0,0.0,0.0,0.0,0.0,0.0,0.0,0.0,0.0,0.0,0.0,0.0,0.0,0.0,0.0,0.0,0.0,0.0,0.0,0.0,0.0,0.0,0.0,0.0,0.0,0.0,0.0,0.0,0.0,0.0,0.0,0.0,0.0,0.0,0.0,0.0,0.0,0.0,0.0,0.0,0.0,0.0,0.0,0.0,0.0,0.0,0.0,0.0,0.0,0.0,0.0,0.0,0.0,0.0,0.0,0.0,0.0,0.0,0.0,0.0,0.0,0.0,0.0,0.0,0.0,0.0,0.0,0.0,0.0,0.0,0.0,0.0,0.0,0.0,0.0,0.0,0.0,0.0,0.0,0.0,0.0,0.0,0.0,0.0,0.0,0.0,0.0,0.0,0.0,0.0,0.0,0.0,0.0,0.0,0.0,0.0,0.0,0.0,0.0,0.0,0.0,0.0,0.0,0.0,0.0,0.0,0.0,0.0,0.0,0.0,0.0,0.0,0.0,0.0,0.0,0.0,0.0,0.0,0.0,0.0,0.0,0.0,0.0,0.0,0.0,0.0,0.0,0.0,0.0,0.0,0.0,0.0,0.0,0.0,0.0,0.0,0.0,0.0,0.0,0.0,0.0,0.0,0.0,0.0,0.0,0.0,0.0,0.0,0.0,0.0,0.0,0.0,0.0,0.0,0.0,0.0,0.0,0.0,0.0,0.0,0.0,0.0,0.0,0.0,0.0,0.0,0.0,0.0,0.0,0.0,0.0,0.0,0.0,0.0,0.0,0.0,0.0,0.0,0.0,0.0,0.0,0.0,0.0,0.0,0.0,0.0,0.0,0.0,0.0,0.0,0.0,0.0,0.0,0.0,0.0,0.0,0.0,0.0,0.0,0.0,0.0,0.0,0.0,0.0,0.0,0.0,0.0,0.0,0.0,0.0,0.0,0.0,0.0,0.0,0.0,0.0,0.0,0.0,0.0,0.0,0.0,0.0,0.0,0.0,0.0,0.0,0.0,0.0,0.0,0.0,0.0,0.0,0.0,0.0,0.0,0.0,0.0,0.0,0.0,0.0,0.0,0.0,0.0,0.0,0.0,0.0,0.0,0.0,0.0,0.0,0.0,0.0,0.0,0.0,0.0,0.0,0.0,0.0,0.0,0.0,0.0,0.0,0.0,0.0,0.0,0.0,0.0,0.0,0.0,0.0,0.0,0.0,0.0,0.0,0.0,0.0,0.0,0.0,0.0,0.0,0.0,0.0,0.0,0.0,0.0,0.0,0.0,0.0,0.0,0.0,0.0,0.0,0.0,0.0,0.0,0.0,0.0,0.0,0.0,0.0,0.0,0.0,0.0,0.0,0.0,0.0,0.0,0.0,0.0,0.0,0.0,0.0,0.0,0.0,0.0,0.0,0.0,0.0,0.0,0.0,0.0,0.0,0.0,0.0,0.0,0.0,0.0,0.0,0.0,0.0,0.0,0.0,0.0,0.0,0.0,0.0,0.0,0.0,0.0,0.0,0.0,0.0,0.0,0.0,0.0,0.0,0.0,0.0,0.0,0.0,0.0,0.0,0.0,0.0,0.0,0.0,0.0,0.0,0.0,0.0,0.0,0.0,0.0,0.0,0.0,0.0,0.0,0.0,0.0,0.0,0.0,0.0,0.0,0.0,0.0,0.0,0.0,0.0,0.0,0.0,0.0,0.0,0.0,0.0,0.0,0.0,0.0,0.0,0.0,0.0,0.0,0.0,0.0,0.0,0.0,0.0,0.0,0.0,0.0,0.0,0.0,0.0,0.0,0.0,0.0,0.0,0.0,0.0,0.0,0.0,0.0,0.0,0.0,0.0,0.0,0.0,0.0,0.0,0.0,0.0,0.0,0.0,0.0,0.0,0.0,0.0,0.0,0.0,0.0,0.0,0.0,0.0,0.0,0.0,0.0,0.0,0.0,0.0,0.0,0.0,0.0,0.0,0.0,0.0,0.0,0.0,0.0,0.0,0.0,0.0,0.0,0.0,0.0,0.0,0.0,0.0,0.0,0.0,0.0,0.0,0.0,0.0,0.0,0.0,0.0,0.0,0.0,0.0,0.0,0.0,0.0,0.0,0.0,0.0,0.0,0.0,0.0,0.0,0.0,0.0,0.0,0.0,0.0,0.0,0.0,0.0,0.0,0.0,0.0,0.0,0.0,0.0,0.0,0.0,0.0,0.0,0.0,0.0,0.0,0.0,0.0,0.0,0.0,0.0,0.0,0.0,0.0,0.0,0.0,0.0,0.0,0.0,0.0,0.0,0.0,0.0,0.0,0.0,0.0,0.0,0.0,0.0,0.0,0.0,0.0,0.0,0.0,0.0,0.0,0.0,0.0,0.0,0.0,0.0,0.0,0.0,0.0,0.0,0.0,0.0,0.0,0.0,0.0,0.0,0.0,0.0,0.0,0.0,0.0,0.0,0.0,0.0,0.0,0.0,0.0,0.0,0.0,0.0,0.0,0.0,0.0,0.0,0.0,0.0,0.0,0.0,0.0,0.0,0.0,0.0,0.0,0.0,0.0,0.0,0.0,0.0,0.0,0.0,0.0,0.0,0.0,0.0,0.0,0.0,0.0,0.0,0.0,0.0,0.0,0.0,0.0,0.0,0.0,0.0,0.0,0.0,0.0,0.0,0.0,0.0,0.0,0.0,0.0,0.0,0.0,0.0,0.0,0.0,0.0,0.0,0.0,0.0,0.0,0.0,0.0,0.0,0.0,0.0,0.0,0.0,0.0,0.0,0.0,0.0,0.0,0.0,0.0,0.0,0.0,0.0,0.0,0.0,0.0,0.0,0.0,0.0,0.0,0.0,0.0,0.0,0.0,0.0,0.0,0.0,0.0,0.0,0.0,0.0,0.0,0.0,0.0,0.0,0.0,0.0,0.0,0.0,0.0,0.0,0.0,0.0,0.0,0.0,0.0,0.0,0.0,0.0,0.0,0.0,0.0,0.0,0.0,0.0,0.0,0.0,0.0,0.0,0.0,0.0,0.0,0.0,0.0,0.0,0.0,0.0,0.0,0.0,0.0,0.0,0.0,0.0,0.0,0.0,0.0,0.0,0.0,0.0,0.0,0.0,0.0,0.0,0.0,0.0,0.0,0.0,0.0,0.0,0.0,0.0,0.0,0.0,0.0,0.0,0.0,0.0,0.0,0.0,0.0,0.0,0.0,0.0,0.0,0.0,0.0,0.0,0.0,0.0,0.0,0.0,0.0,0.0,0.0,0.0,0.0,0.0,0.0,0.0,0.0,0.0,0.0,0.0,0.0,0.0,0.0,0.0,0.0,0.0,0.0,0.0,0.0,0.0,0.0,0.0,0.0,0.0,0.0,0.0,0.0,0.0,0.0,0.0,0.0,0.0,0.0,0.0,0.0,0.0,0.0,0.0,0.0,0.0,0.0,0.0,0.0,0.0,0.0,0.0,0.0,0.0,0.0,0.0,0.0,0.0,0.0,0.0,0.0,0.0,0.0,0.0,0.0,0.0,0.0,0.0,0.0,0.0,0.0,0.0,0.0,0.0,0.0,0.0,0.0,0.0,0.0,0.0,0.0,0.0,0.0,0.0,0.0,0.0,0.0,0.0,0.0,0.0,0.0,0.0,0.0,0.0,0.0,0.0,0.0,0.0,0.0,0.0,0.0,0.0,0.0,0.0,0.0,0.0,0.0,0.0,0.0,0.0,0.0,0.0,0.0,0.0,0.0,0.0,0.0,0.0,0.0,0.0,0.0,0.0,0.0,0.0,0.0,0.0,0.0,0.0,0.0,0.0,0.0,0.0,0.0,0.0,0.0,0.0,0.0,0.0,0.0,0.0,0.0,0.0,0.0,0.0,0.0,0.0,0.0,0.0,0.0,0.0,0.0,0.0,0.0,0.0,0.0,0.0,0.0,0.0,0.0,0.0,0.0,0.0,0.0,0.0,0.0,0.0,0.0,0.0,0.0,0.0,0.0,0.0,0.0,0.0,0.0,0.0,0.0,0.0,0.0,0.0,0.0,0.0,0.0,0.0,0.0,0.0,0.0,0.0,0.0,0.0,0.0,0.0,0.0,0.0,0.0,0.0,0.0,0.0,0.0,0.0,0.0,0.0,0.0,0.0,0.0,0.0,0.0,0.0,0.0,0.0,0.0,0.0,0.0,0.0,0.0,0.0,0.0,0.0,0.0,0.0,0.0,0.0,0.0,0.0,0.0,0.0,0.0,0.0,0.0,0.0,0.0,0.0,0.0,0.0,0.0,0.0,0.0,0.0,0.0,0.0,0.0,0.0,0.0,0.0,0.0,0.0,0.0,0.0,0.0,0.0,0.0,0.0,0.0,0.0,0.0,0.0,0.0,0.0,0.0,0.0,0.0,0.0,0.0,0.0,0.0,0.0,0.0,0.0,0.0,0.0,0.0,0.0,0.0,0.0,0.0,0.0,0.0,0.0,0.0,0.0,0.0,0.0,0.0,0.0,0.0,0.0,0.0,0.0,0.0,0.0,0.0,0.0,0.0,0.0,0.0,0.0,0.0,0.0,0.0,0.0,0.0,0.0,0.0,0.0,0.0,0.0,0.0,0.0,0.0,0.0,0.0,0.0,0.0,0.0,0.0,0.0,0.0,0.0,0.0,0.0,0.0,0.0,0.0,0.0,0.0,0.0,0.0,0.0,0.0,0.0,0.0,0.0,0.0,0.0,0.0,0.0,0.0,0.0,0.0,0.0,0.0,0.0,0.0,0.0,0.0,0.0,0.0,0.0,0.0,0.0,0.0,0.0,0.0,0.0,0.0,0.0,0.0,0.0,0.0,0.0,0.0,0.0,0.0,0.0,0.0,0.0,0.0,0.0,0.0,0.0,0.0,0.0,0.0,0.0,0.0,0.0,0.0,0.0,0.0,0.0,0.0,0.0,0.0,0.0,0.0,0.0,0.0,0.0,0.0,0.0,0.0,0.0,0.0,0.0,0.0,0.0,0.0,0.0,0.0,0.0,0.0,0.0,0.0,0.0,0.0,0.0,0.0,0.0,0.0,0.0,0.0,0.0,0.0,0.0,0.0,0.0,0.0,0.0,0.0,0.0,0.0,0.0,0.0,0.0,0.0,0.0,0.0,0.0,0.0,0.0,0.0,0.0,0.0,0.0,0.0,0.0,0.0,0.0,0.0,0.0,0.0,0.0,0.0,0.0,0.0,0.0,0.0,0.0,0.0,0.0,0.0,0.0,0.0,0.0,0.0,0.0,0.0,0.0,0.0,0.0,0.0,0.0,0.0,0.0,0.0,0.0,0.0,0.0,0.0,0.0,0.0,0.0,0.0,0.0,0.0,0.0,0.0,0.0,0.0,0.0,0.0,0.0,0.0,0.0,0.0,0.0,0.0,0.0,0.0,0.0,0.0,0.0,0.0,0.0,0.0,0.0,0.0,0.0,0.0,0.0,0.0,0.0,0.0,0.0,0.0,0.0,0.0,0.0,0.0,0.0,0.0,0.0,0.0,0.0,0.0,0.0,0.0,0.0,0.0,0.0,0.0,0.0,0.0,0.0,0.0,0.0,0.0,0.0,0.0,0.0,0.0,0.0,0.0,0.0,0.0,0.0,0.0,0.0,0.0,0.0,0.0,0.0,0.0,0.0,0.0,0.0,0.0,0.0,0.0,0.0,0.0,0.0,0.0,0.0,0.0,0.0,0.0,0.0,0.0,0.0,0.0,0.0,0.0,0.0,0.0,0.0,0.0,0.0,0.0,0.0,0.0,0.0,0.0,0.0,0.0,0.0,0.0,0.0,0.0,0.0,0.0,0.0,0.0,0.0,0.0,0.0,0.0,0.0,0.0,0.0,0.0,0.0,0.0,0.0,0.0,0.0,0.0,0.0,0.0,0.0,0.0,0.0,0.0,0.0,0.0,0.0,0.0,0.0,0.0,0.0,0.0,0.0,0.0,0.0,0.0,0.0,0.0,0.0,0.0,0.0,0.0,0.0,0.0,0.0,0.0,0.0,0.0,0.0,0.0,0.0,0.0,0.0,0.0,0.0,0.0,0.0,0.0,0.0,0.0,0.0,0.0,0.0,0.0,0.0,0.0,0.0,0.0,0.0,0.0,0.0,0.0,0.0,0.0,0.0,0.0,0.0,0.0,0.0,0.0,0.0,0.0,0.0,0.0,0.0,0.0,0.0,0.0,0.0,0.0,0.0,0.0,0.0,0.0,0.0,0.0,0.0,0.0,0.0,0.0,0.0,0.0,0.0,0.0,0.0,0.0,0.0,0.0,0.0,0.0,0.0,0.0,0.0,0.0,0.0,0.0,0.0,0.0,0.0,0.0,0.0,0.0,0.0,0.0,0.0,0.0,0.0,0.0,0.0,0.0,0.0,0.0,0.0,0.0,0.0,0.0,0.0,0.0,0.0,0.0,0.0,0.0,0.0,0.0,0.0,0.0,0.0,0.0,0.0,0.0,0.0,0.0,0.0,0.0,0.0,0.0,0.0,0.0,0.0,0.0,0.0,0.0,0.0,0.0,0.0,0.0,0.0,0.0,0.0,0.0,0.0,0.0,0.0,0.0,0.0,0.0,0.0,0.0,0.0,0.0,0.0,0.0,0.0,0.0,0.0,0.0,0.0,0.0,0.0,0.0,0.0,0.0,0.0,0.0,0.0,0.0,0.0,0.0,0.0,0.0,0.0,0.0,0.0,0.0,0.0,0.0,0.0,0.0,0.0,0.0,0.0,0.0,0.0,0.0,0.0,0.0,0.0,0.0,0.0,0.0,0.0,0.0,0.0,0.0,0.0,0.0,0.0,0.0,0.0,0.0,0.0,0.0,0.0,0.0,0.0,0.0,0.0,0.0,0.0,0.0,0.0,0.0,0.0,0.0,0.0,0.0,0.0,0.0,0.0,0.0,0.0,0.0,0.0,0.0,0.0,0.0,0.0,0.0,0.0,0.0,0.0,0.0,0.0,0.0,0.0,0.0,0.0,0.0,0.0,0.0,0.0,0.0,0.0,0.0,0.0,0.0,0.0,0.0,0.0,0.0,0.0,0.0,0.0,0.0,0.0,0.0,0.0,0.0,0.0,0.0,0.0,0.0,0.0,0.0,0.0,0.0,0.0,0.0,0.0,0.0,0.0,0.0,0.0,0.0,0.0,0.0,0.0,0.0,0.0,0.0,0.0,0.0,0.0,0.0,0.0,0.0,0.0,0.0,0.0,0.0,0.0,0.0,0.0,0.0,0.0,0.0,0.0,0.0,0.0,0.0,0.0,0.0,0.0,0.0,0.0,0.0,0.0,0.0,0.0,0.0,0.0,0.0,0.0,0.0,0.0,0.0,0.0,0.0,0.0,0.0,0.0,0.0,0.0,0.0,0.0,0.0,0.0,0.0,0.0,0.0,0.0,0.0,0.0,0.0,0.0,0.0,0.0,0.0,0.0,0.0,0.0,0.0,0.0,0.0,0.0,0.0,0.0,0.0,0.0,0.0,0.0,0.0,0.0,0.0,0.0,0.0,0.0,0.0,0.0,0.0,0.0,0.0,0.0,0.0,0.0,0.0,0.0,0.0,0.0,0.0,0.0,0.0,0.0,0.0,0.0,0.0,0.0,0.0,0.0,0.0,0.0,0.0,0.0,0.0,0.0,0.0,0.0,0.0,0.0,0.0,0.0,0.0,0.0,0.0,0.0,0.0,0.0,0.0,0.0,0.0,0.0,0.0,0.0,0.0,0.0,0.0,0.0,0.0,0.0,0.0,0.0,0.0,0.0,0.0,0.0,0.0,0.0,0.0,0.0,0.0,0.0,0.0,0.0,0.0,0.0,0.0,0.0,0.0,0.0,0.0,0.0,0.0,0.0,0.0,0.0,0.0,0.0,0.0,0.0,0.0,0.0,0.0,0.0,0.0,0.0,0.0,0.0,0.0,0.0,0.0,0.0,0.0,0.0,0.0,0.0,0.0,0.0,0.0,0.0,0.0,0.0,0.0,0.0,0.0,0.0,0.0,0.0,0.0,0.0,0.0,0.0,0.0,0.0,0.0,0.0,0.0,0.0,0.0,0.0,0.0,0.0,0.0,0.0,0.0,0.0,0.0,0.0,0.0,0.0,0.0,0.0,0.0,0.0,0.0,0.0,0.0,0.0,0.0,0.0,0.0,0.0,0.0,0.0,0.0,0.0,0.0,0.0,0.0,0.0,0.0,0.0,0.0,0.0,0.0,0.0,0.0,0.0,0.0,0.0,0.0,0.0,0.0,0.0,0.0,0.0,0.0,0.0,0.0,0.0,0.0,0.0,0.0,0.0,0.0,0.0,0.0,0.0,0.0,0.0,0.0,0.0,0.0,0.0,0.0,0.0,0.0,0.0,0.0,0.0,0.0,0.0,0.0,0.0,0.0,0.0,0.0,0.0,0.0,0.0,0.0,0.0,0.0,0.0,0.0,0.0,0.0,0.0,0.0,0.0,0.0,0.0,0.0,0.0,0.0,0.0,0.0,0.0,0.0,0.0,0.0,0.0,0.0,0.0,0.0,0.0,0.0,0.0,0.0,0.0,0.0,0.0,0.0,0.0,0.0,0.0,0.0,0.0,0.0,0.0,0.0,0.0,0.0,0.0,0.0,0.0,0.0,0.0,0.0,0.0,0.0,0.0,0.0,0.0,0.0,0.0,0.0,0.0,0.0,0.0,0.0,0.0,0.0,0.0,0.0,0.0,0.0,0.0,0.0,0.0,0.0,0.0,0.0,0.0,0.0,0.0,0.0,0.0,0.0,0.0,0.0,0.0,0.0,0.0,0.0,0.0,0.0,0.0,0.0,0.0,0.0,0.0,0.0,0.0,0.0,0.0,0.0,0.0,0.0,0.0,0.0,0.0,0.0,0.0,0.0,0.0,0.0,0.0,0.0,0.0,0.0,0.0,0.0,0.0,0.0,0.0,0.0,0.0,0.0,0.0,0.0,0.0,0.0,0.0,0.0,0.0,0.0,0.0,0.0,0.0,0.0,0.0,0.0,0.0,0.0,0.0,0.0,0.0,0.0,0.0,0.0,0.0,0.0,0.0,0.0,0.0,0.0,0.0,0.0,0.0,0.0,0.0,0.0,0.0,0.0,0.0,0.0,0.0,0.0,0.0,0.0,0.0,0.0,0.0,0.0,0.0,0.0,0.0,0.0,0.0,0.0,0.0,0.0,0.0,0.0,0.0,0.0,0.0,0.0,0.0,0.0,0.0,0.0,0.0,0.0,0.0,0.0,0.0,0.0,0.0,0.0,0.0,0.0,0.0,0.0,0.0,0.0,0.0,0.0,0.0,0.0,0.0,0.0,0.0,0.0,0.0,0.0,0.0,0.0,0.0,0.0,0.0,0.0,0.0,0.0,0.0,0.0,0.0,0.0,0.0,0.0,0.0,0.0,0.0,0.0,0.0,0.0,0.0,0.0,0.0,0.0,0.0,0.0,0.0,0.0,0.0,0.0,0.0,0.0,0.0,0.0,0.0,0.0,0.0,0.0,0.0,0.0,0.0,0.0,0.0,0.0,0.0,0.0,0.0,0.0,0.0,0.0,0.0,0.0,0.0,0.0,0.0,0.0,0.0,0.0,0.0,0.0,0.0,0.0,0.0,0.0,0.0,0.0,0.0,0.0,0.0,0.0,0.0,0.0,0.0,0.0,0.0,0.0,0.0,0.0,0.0,0.0,0.0,0.0,0.0,0.0,0.0,0.0,0.0,0.0,0.0,0.0,0.0,0.0,0.0,0.0,0.0,0.0,0.0,0.0,0.0,0.0,0.0,0.0,0.0,0.0,0.0,0.0,0.0,0.0,0.0,0.0,0.0,0.0,0.0,0.0,0.0,0.0,0.0,0.0,0.0,0.0,0.0,0.0,0.0,0.0,0.0,0.0,0.0,0.0,0.0,0.0,0.0,0.0,0.0,0.0,0.0,0.0,0.0,0.0,0.0,0.0,0.0,0.0,0.0,0.0,0.0,0.0,0.0,0.0,0.0,0.0,0.0,0.0,0.0,0.0,0.0,0.0,0.0,0.0,0.0,0.0,0.0,0.0,0.0,0.0,0.0,0.0,0.0,0.0,0.0,0.0,0.0,0.0,0.0,0.0,0.0,0.0,0.0,0.0,0.0,0.0,0.0,0.0,0.0,0.0,0.0,0.0,0.0,0.0,0.0,0.0,0.0,0.0,0.0,0.0,0.0,0.0,0.0,0.0,0.0,0.0,0.0,0.0,0.0
Tax11,0.0,-3.3422534,-2.821104,-2.3117223,-1.8205992,-1.3501272,-0.90034693,-0.4702584,-0.05850037,0.33692798,0.7178083,1.0861951,1.4432195,1.7848839,2.1291723,2.4563527,2.7871644,3.1489096,3.5666249,3.9912033,4.370624,4.7562733,5.2250996,5.61573,5.988483,6.420558,6.8271456,7.4311495,7.7747736,8.169371,8.285278,8.702252,9.449653,9.6518755,9.876783,10.049707,10.511826,11.178357,11.391466,11.411942,11.974913,12.326198,12.075517,12.761924,13.117443,14.030859,15.055495,15.279042,15.666605,15.939677,15.997993,15.719403,15.761511,15.632312,15.95124,15.263084,14.903353,14.712862,13.703281,12.963265,11.66079,10.746038,10.10104,9.629893,9.725688,9.969511,5.2110705,5.543157,11.050306,11.591104,12.1703415,12.646663,12.466717,7.0020766,12.85932,7.5115333,7.654945,8.199405,8.465061,8.924257,9.194426,9.420912,9.586623,9.954352,10.587226,11.103395,18.426647,18.739222,19.68523,20.100372,21.001911,21.419706,21.354586,21.783815,20.935547,20.36759,19.23332,19.0378,18.826977,18.269114,17.860153,17.421537,17.026974,16.419624,16.022095,15.605273,15.008917,14.678186,14.347117,13.822958,13.826085,13.630951,13.0811205,12.211453,11.094104,2.439616,2.5029836,2.653559,2.168966,1.8868814,1.209812,0.8455699,0.34360898,-0.22228551,-0.6789078,-1.1895676,-1.7976218,-2.648712,-3.490535,-4.08976,-4.72387,-5.4591274,-5.8639746,-6.438358,-7.0524125,-7.6463785,-8.1257515,-8.624585,-9.10237,-9.636636,-10.279213,-10.751292,-11.170254,-11.338352,-11.511074,-11.359798,-11.203035,-11.203541,-11.118506,-11.002317,-10.796558,-10.341348,-9.4451275,-8.508975,-7.745323,-7.0756702,-6.4319177,-5.913843,-5.5458975,-5.333596,-5.1252933,-4.934362,-4.865022,-4.811671,-4.6589317,-4.5529737,-4.3756056,-4.2008996,-4.032386,-3.8064024,-3.673875,-3.5116851,-3.3763049,-3.315471,-2.9611115,-2.7463596,-2.6971083,-2.675854,-2.5888896,-2.3802807,-2.2615564,-2.266678,-2.388611,-2.5905006,-2.641169,-2.663357,-2.6166215,-2.5675333,-2.518539,-2.4426045,-2.3790903,-2.3760078,-2.2904613,-2.1598904,-2.0545826,-1.9262664,-1.8200799,-1.7337275,-1.6307229,-1.5612993,-1.4865404,-1.3674946,-1.3070426,-1.2504596,-1.1975886,-1.1477991,-1.0949204,-0.9738323,-0.90730923,-0.82581,-0.74472165,-0.6723069,-0.6383819,-0.5652408,-0.4895977,-0.45122823,-0.4175804,-0.38412344,-0.35612598,-0.318215,-0.2915042,-0.2555117,-0.24320942,-0.2092743,-0.17347397,-0.16309583,-0.14447437,-0.13594994,-0.116619505,-0.09669407,-0.09403511,-0.09161896,-0.07172198,-0.052618384,-0.051277798,-0.044546902,-0.043384574,-0.04226029,-0.04116923,-0.03706411,-0.03610194,-0.03516387,-0.028962776,-0.02824226,-0.02751818,-0.02261936,-0.016234685,-0.012311631,-0.01199194,-0.011680389,-0.011374256,-0.011078816,-0.008424282,-0.008204056,-0.007988508,-0.007783368,-0.007586958,-0.0044619455,-0.0043490725,-0.0042404286,-0.004134873,-0.0040262467,-0.003918088,-0.003813755,-0.0037141596,-0.0036149877,-0.0035204776,-0.0034307223,-0.0033438771,-0.0032578828,-0.0031720297,-0.0030867113,-0.0030058515,-0.0029269282,-0.0028499886,-0.0027749746,0.0,0.0,0.0,0.0,0.0,0.0,0.0,0.0,0.0,0.0,0.0,0.0,0.0,0.0,0.0,0.0,0.0,0.0,0.0,0.0,0.0,0.0,0.0,0.0,0.0,0.0,0.0,0.0,0.0,0.0,0.0,0.0,0.0,0.0,0.0,0.0,0.0,0.0,0.0,0.0,0.0,0.0,0.0,0.0,0.0,0.0,0.0,0.0,0.0,0.0,0.0,0.0,0.0,0.0,0.0,0.0,0.0,0.0,0.0,0.0,0.0,0.0,0.0,0.0,0.0,0.0,0.0,0.0,0.0,0.0,0.0,0.0,0.0,0.0,0.0,0.0,0.0,0.0,0.0,0.0,0.0,0.0,0.0,0.0,0.0,0.0,0.0,0.0,0.0,0.0,0.0,0.0,0.0,0.0,0.0,0.0,0.0,0.0,0.0,0.0,0.0,0.0,0.0,0.0,0.0,0.0,0.0,0.0,0.0,0.0,0.0,0.0,0.0,0.0,0.0,0.0,0.0,0.0,0.0,0.0,0.0,0.0,0.0,0.0,0.0,0.0,0.0,0.0,0.0,0.0,0.0,0.0,0.0,0.0,0.0,0.0,0.0,0.0,0.0,0.0,0.0,0.0,0.0,0.0,0.0,0.0,0.0,0.0,0.0,0.0,0.0,0.0,0.0,0.0,0.0,0.0,0.0,0.0,0.0,0.0,0.0,0.0,0.0,0.0,0.0,0.0,0.0,0.0,0.0,0.0,0.0,0.0,0.0,0.0,0.0,0.0,0.0,0.0,0.0,0.0,0.0,0.0,0.0,0.0,0.0,0.0,0.0,0.0,0.0,0.0,0.0,0.0,0.0,0.0,0.0,0.0,0.0,0.0,0.0,0.0,0.0,0.0,0.0,0.0,0.0,0.0,0.0,0.0,0.0,0.0,0.0,0.0,0.0,0.0,0.0,0.0,0.0,0.0,0.0,0.0,0.0,0.0,0.0,0.0,0.0,0.0,0.0,0.0,0.0,0.0,0.0,0.0,0.0,0.0,0.0,0.0,0.0,0.0,0.0,0.0,0.0,0.0,0.0,0.0,0.0,0.0,0.0,0.0,0.0,0.0,0.0,0.0,0.0,0.0,0.0,0.0,0.0,0.0,0.0,0.0,0.0,0.0,0.0,0.0,0.0,0.0,0.0,0.0,0.0,0.0,0.0,0.0,0.0,0.0,0.0,0.0,0.0,0.0,0.0,0.0,0.0,0.0,0.0,0.0,0.0,0.0,0.0,0.0,0.0,0.0,0.0,0.0,0.0,0.0,0.0,0.0,0.0,0.0,0.0,0.0,0.0,0.0,0.0,0.0,0.0,0.0,0.0,0.0,0.0,0.0,0.0,0.0,0.0,0.0,0.0,0.0,0.0,0.0,0.0,0.0,0.0,0.0,0.0,0.0,0.0,0.0,0.0,0.0,0.0,0.0,0.0,0.0,0.0,0.0,0.0,0.0,0.0,0.0,0.0,0.0,0.0,0.0,0.0,0.0,0.0,0.0,0.0,0.0,0.0,0.0,0.0,0.0,0.0,0.0,0.0,0.0,0.0,0.0,0.0,0.0,0.0,0.0,0.0,0.0,0.0,0.0,0.0,0.0,0.0,0.0,0.0,0.0,0.0,0.0,0.0,0.0,0.0,0.0,0.0,0.0,0.0,0.0,0.0,0.0,0.0,0.0,0.0,0.0,0.0,0.0,0.0,0.0,0.0,0.0,0.0,0.0,0.0,0.0,0.0,0.0,0.0,0.0,0.0,0.0,0.0,0.0,0.0,0.0,0.0,0.0,0.0,0.0,0.0,0.0,0.0,0.0,0.0,0.0,0.0,0.0,0.0,0.0,0.0,0.0,0.0,0.0,0.0,0.0,0.0,0.0,0.0,0.0,0.0,0.0,0.0,0.0,0.0,0.0,0.0,0.0,0.0,0.0,0.0,0.0,0.0,0.0,0.0,0.0,0.0,0.0,0.0,0.0,0.0,0.0,0.0,0.0,0.0,0.0,0.0,0.0,0.0,0.0,0.0,0.0,0.0,0.0,0.0,0.0,0.0,0.0,0.0,0.0,0.0,0.0,0.0,0.0,0.0,0.0,0.0,0.0,0.0,0.0,0.0,0.0,0.0,0.0,0.0,0.0,0.0,0.0,0.0,0.0,0.0,0.0,0.0,0.0,0.0,0.0,0.0,0.0,0.0,0.0,0.0,0.0,0.0,0.0,0.0,0.0,0.0,0.0,0.0,0.0,0.0,0.0,0.0,0.0,0.0,0.0,0.0,0.0,0.0,0.0,0.0,0.0,0.0,0.0,0.0,0.0,0.0,0.0,0.0,0.0,0.0,0.0,0.0,0.0,0.0,0.0,0.0,0.0,0.0,0.0,0.0,0.0,0.0,0.0,0.0,0.0,0.0,0.0,0.0,0.0,0.0,0.0,0.0,0.0,0.0,0.0,0.0,0.0,0.0,0.0,0.0,0.0,0.0,0.0,0.0,0.0,0.0,0.0,0.0,0.0,0.0,0.0,0.0,0.0,0.0,0.0,0.0,0.0,0.0,0.0,0.0,0.0,0.0,0.0,0.0,0.0,0.0,0.0,0.0,0.0,0.0,0.0,0.0,0.0,0.0,0.0,0.0,0.0,0.0,0.0,0.0,0.0,0.0,0.0,0.0,0.0,0.0,0.0,0.0,0.0,0.0,0.0,0.0,0.0,0.0,0.0,0.0,0.0,0.0,0.0,0.0,0.0,0.0,0.0,0.0,0.0,0.0,0.0,0.0,0.0,0.0,0.0,0.0,0.0,0.0,0.0,0.0,0.0,0.0,0.0,0.0,0.0,0.0,0.0,0.0,0.0,0.0,0.0,0.0,0.0,0.0,0.0,0.0,0.0,0.0,0.0,0.0,0.0,0.0,0.0,0.0,0.0,0.0,0.0,0.0,0.0,0.0,0.0,0.0,0.0,0.0,0.0,0.0,0.0,0.0,0.0,0.0,0.0,0.0,0.0,0.0,0.0,0.0,0.0,0.0,0.0,0.0,0.0,0.0,0.0,0.0,0.0,0.0,0.0,0.0,0.0,0.0,0.0,0.0,0.0,0.0,0.0,0.0,0.0,0.0,0.0,0.0,0.0,0.0,0.0,0.0,0.0,0.0,0.0,0.0,0.0,0.0,0.0,0.0,0.0,0.0,0.0,0.0,0.0,0.0,0.0,0.0,0.0,0.0,0.0,0.0,0.0,0.0,0.0,0.0,0.0,0.0,0.0,0.0,0.0,0.0,0.0,0.0,0.0,0.0,0.0,0.0,0.0,0.0,0.0,0.0,0.0,0.0,0.0,0.0,0.0,0.0,0.0,0.0,0.0,0.0,0.0,0.0,0.0,0.0,0.0,0.0,0.0,0.0,0.0,0.0,0.0,0.0,0.0,0.0,0.0,0.0,0.0,0.0,0.0,0.0,0.0,0.0,0.0,0.0,0.0,0.0,0.0,0.0,0.0,0.0,0.0,0.0,0.0,0.0,0.0,0.0,0.0,0.0,0.0,0.0,0.0,0.0,0.0,0.0,0.0,0.0,0.0,0.0,0.0,0.0,0.0,0.0,0.0,0.0,0.0,0.0,0.0,0.0,0.0,0.0,0.0,0.0,0.0,0.0,0.0,0.0,0.0,0.0,0.0,0.0,0.0,0.0,0.0,0.0,0.0,0.0,0.0,0.0,0.0,0.0,0.0,0.0,0.0,0.0,0.0,0.0,0.0,0.0,0.0,0.0,0.0,0.0,0.0,0.0,0.0,0.0,0.0,0.0,0.0,0.0,0.0,0.0,0.0,0.0,0.0,0.0,0.0,0.0,0.0,0.0,0.0,0.0,0.0,0.0,0.0,0.0,0.0,0.0,0.0,0.0,0.0,0.0,0.0,0.0,0.0,0.0,0.0,0.0,0.0,0.0,0.0,0.0,0.0,0.0,0.0,0.0,0.0,0.0,0.0,0.0,0.0,0.0,0.0,0.0,0.0,0.0,0.0,0.0,0.0,0.0,0.0,0.0,0.0,0.0,0.0,0.0,0.0,0.0,0.0,0.0,0.0,0.0,0.0,0.0,0.0,0.0,0.0,0.0,0.0,0.0,0.0,0.0,0.0,0.0,0.0,0.0,0.0,0.0,0.0,0.0,0.0,0.0,0.0,0.0,0.0,0.0,0.0,0.0,0.0,0.0,0.0,0.0,0.0,0.0,0.0,0.0,0.0,0.0,0.0,0.0,0.0,0.0,0.0,0.0,0.0,0.0,0.0,0.0,0.0,0.0,0.0,0.0,0.0,0.0,0.0,0.0,0.0,0.0,0.0,0.0,0.0,0.0,0.0,0.0,0.0,0.0,0.0,0.0,0.0,0.0,0.0,0.0,0.0,0.0,0.0,0.0,0.0,0.0,0.0,0.0,0.0,0.0,0.0,0.0,0.0,0.0,0.0,0.0,0.0,0.0,0.0,0.0,0.0,0.0,0.0,0.0,0.0,0.0,0.0,0.0,0.0,0.0,0.0,0.0,0.0,0.0,0.0,0.0,0.0,0.0,0.0,0.0,0.0,0.0,0.0,0.0,0.0,0.0,0.0,0.0,0.0,0.0,0.0,0.0,0.0,0.0,0.0,0.0,0.0,0.0,0.0,0.0,0.0,0.0,0.0,0.0,0.0,0.0,0.0,0.0,0.0,0.0,0.0,0.0,0.0,0.0,0.0,0.0,0.0,0.0,0.0,0.0,0.0,0.0,0.0,0.0,0.0,0.0,0.0,0.0,0.0,0.0,0.0,0.0,0.0,0.0,0.0,0.0,0.0,0.0,0.0,0.0,0.0,0.0,0.0,0.0,0.0,0.0,0.0,0.0,0.0,0.0,0.0,0.0,0.0,0.0,0.0,0.0,0.0,0.0,0.0,0.0,0.0,0.0,0.0,0.0,0.0,0.0,0.0,0.0,0.0,0.0,0.0,0.0,0.0,0.0,0.0,0.0,0.0,0.0,0.0,0.0,0.0,0.0,0.0,0.0,0.0,0.0,0.0,0.0,0.0,0.0,0.0,0.0,0.0,0.0,0.0,0.0,0.0,0.0,0.0,0.0,0.0,0.0,0.0,0.0,0.0,0.0,0.0,0.0,0.0,0.0,0.0,0.0,0.0,0.0,0.0,0.0,0.0,0.0,0.0,0.0,0.0,0.0,0.0,0.0,0.0,0.0,0.0,0.0,0.0,0.0,0.0,0.0,0.0,0.0,0.0,0.0,0.0,0.0,0.0,0.0,0.0,0.0,0.0,0.0,0.0,0.0,0.0,0.0,0.0,0.0,0.0,0.0,0.0,0.0,0.0,0.0,0.0,0.0,0.0,0.0,0.0,0.0,0.0,0.0,0.0,0.0,0.0,0.0,0.0,0.0,0.0,0.0,0.0,0.0,0.0,0.0,0.0,0.0,0.0,0.0,0.0,0.0,0.0,0.0,0.0,0.0,0.0,0.0,0.0,0.0,0.0,0.0,0.0,0.0,0.0,0.0,0.0,0.0,0.0,0.0,0.0,0.0,0.0,0.0,0.0,0.0,0.0,0.0,0.0,0.0,0.0,0.0,0.0,0.0,0.0,0.0,0.0,0.0,0.0,0.0,0.0,0.0,0.0,0.0,0.0,0.0,0.0,0.0,0.0,0.0,0.0,0.0,0.0,0.0,0.0,0.0,0.0,0.0,0.0,0.0,0.0,0.0,0.0,0.0,0.0,0.0,0.0,0.0,0.0,0.0,0.0,0.0,0.0,0.0,0.0,0.0,0.0,0.0,0.0,0.0,0.0,0.0,0.0,0.0,0.0,0.0,0.0,0.0,0.0,0.0,0.0,0.0,0.0,0.0,0.0,0.0,0.0,0.0,0.0,0.0,0.0,0.0,0.0,0.0,0.0,0.0,0.0,0.0,0.0,0.0,0.0,0.0,0.0,0.0,0.0,0.0,0.0,0.0,0.0,0.0,0.0,0.0,0.0,0.0,0.0,0.0,0.0,0.0,0.0,0.0,0.0,0.0,0.0,0.0,0.0,0.0,0.0,0.0,0.0,0.0,0.0,0.0,0.0,0.0,0.0,0.0,0.0,0.0,0.0,0.0,0.0,0.0,0.0,0.0,0.0,0.0,0.0,0.0,0.0,0.0,0.0,0.0,0.0,0.0,0.0,0.0,0.0,0.0,0.0,0.0,0.0,0.0,0.0,0.0,0.0,0.0,0.0,0.0,0.0,0.0,0.0,0.0,0.0,0.0,0.0,0.0,0.0,0.0,0.0,0.0,0.0,0.0,0.0,0.0,0.0,0.0,0.0,0.0,0.0,0.0,0.0,0.0,0.0,0.0,0.0,0.0,0.0,0.0,0.0,0.0,0.0,0.0,0.0,0.0,0.0,0.0,0.0,0.0,0.0,0.0,0.0,0.0,0.0,0.0,0.0,0.0,0.0,0.0,0.0,0.0,0.0,0.0,0.0,0.0,0.0,0.0,0.0,0.0,0.0,0.0,0.0,0.0,0.0,0.0,0.0,0.0,0.0,0.0,0.0,0.0,0.0,0.0,0.0,0.0,0.0,0.0,0.0,0.0,0.0,0.0,0.0,0.0,0.0,0.0,0.0,0.0,0.0,0.0,0.0,0.0,0.0,0.0,0.0,0.0,0.0,0.0,0.0,0.0,0.0,0.0,0.0,0.0,0.0,0.0,0.0,0.0,0.0,0.0,0.0,0.0,0.0,0.0,0.0,0.0,0.0,0.0,0.0,0.0,0.0,0.0,0.0,0.0,0.0,0.0,0.0,0.0,0.0,0.0,0.0,0.0,0.0,0.0,0.0,0.0,0.0,0.0,0.0,0.0,0.0,0.0,0.0,0.0,0.0,0.0,0.0,0.0,0.0,0.0,0.0,0.0,0.0,0.0,0.0,0.0,0.0,0.0,0.0,0.0,0.0,0.0,0.0,0.0,0.0,0.0,0.0,0.0,0.0,0.0,0.0,0.0,0.0,0.0,0.0,0.0,0.0,0.0,0.0,0.0,0.0,0.0,0.0,0.0,0.0,0.0,0.0,0.0,0.0,0.0,0.0,0.0,0.0,0.0,0.0,0.0,0.0,0.0,0.0,0.0,0.0,0.0,0.0,0.0,0.0,0.0,0.0,0.0,0.0,0.0,0.0,0.0,0.0,0.0,0.0,0.0,0.0,0.0,0.0,0.0,0.0,0.0,0.0,0.0,0.0,0.0,0.0,0.0,0.0,0.0,0.0,0.0,0.0,0.0,0.0,0.0,0.0,0.0,0.0,0.0,0.0,0.0,0.0,0.0,0.0,0.0,0.0,0.0,0.0,0.0,0.0,0.0,0.0,0.0,0.0,0.0,0.0,0.0,0.0,0.0,0.0,0.0,0.0,0.0,0.0,0.0,0.0,0.0,0.0,0.0,0.0,0.0,0.0,0.0,0.0,0.0,0.0,0.0,0.0,0.0,0.0,0.0,0.0,0.0,0.0,0.0,0.0,0.0,0.0,0.0,0.0,0.0,0.0,0.0,0.0,0.0,0.0,0.0,0.0,0.0,0.0,0.0,0.0,0.0,0.0,0.0,0.0,0.0,0.0,0.0,0.0,0.0,0.0,0.0,0.0,0.0,0.0,0.0,0.0,0.0,0.0,0.0,0.0,0.0,0.0,0.0,0.0,0.0,0.0,0.0,0.0,0.0,0.0,0.0,0.0,0.0,0.0,0.0,0.0,0.0,0.0,0.0,0.0,0.0,0.0,0.0,0.0,0.0,0.0,0.0,0.0,0.0,0.0,0.0,0.0,0.0,0.0,0.0,0.0,0.0,0.0,0.0,0.0,0.0,0.0,0.0,0.0,0.0,0.0,0.0,0.0,0.0,0.0,0.0,0.0,0.0,0.0,0.0,0.0,0.0,0.0,0.0,0.0,0.0,0.0,0.0,0.0,0.0,0.0,0.0,0.0,0.0,0.0,0.0,0.0,0.0,0.0,0.0,0.0,0.0,0.0,0.0,0.0,0.0,0.0,0.0,0.0,0.0,0.0,0.0,0.0,0.0,0.0,0.0,0.0,0.0,0.0,0.0,0.0,0.0,0.0,0.0,0.0,0.0,0.0,0.0,0.0,0.0,0.0,0.0,0.0,0.0,0.0,0.0,0.0,0.0,0.0,0.0,0.0,0.0,0.0,0.0,0.0,0.0,0.0,0.0,0.0,0.0,0.0,0.0,0.0,0.0,0.0,0.0,0.0,0.0,0.0,0.0,0.0,0.0,0.0,0.0,0.0,0.0,0.0,0.0,0.0,0.0,0.0,0.0,0.0,0.0,0.0,0.0,0.0,0.0,0.0,0.0,0.0,0.0,0.0,0.0,0.0,0.0,0.0,0.0,0.0,0.0,0.0,0.0,0.0,0.0,0.0,0.0,0.0,0.0,0.0,0.0,0.0,0.0,0.0,0.0,0.0,0.0,0.0,0.0,0.0,0.0,0.0,0.0,0.0,0.0,0.0,0.0,0.0,0.0,0.0,0.0,0.0,0.0,0.0,0.0,0.0,0.0,0.0,0.0,0.0,0.0,0.0,0.0,0.0,0.0,0.0,0.0,0.0,0.0,0.0,0.0,0.0,0.0,0.0,0.0,0.0,0.0,0.0,0.0,0.0,0.0,0.0,0.0,0.0,0.0,0.0,0.0,0.0,0.0,0.0,0.0,0.0,0.0,0.0,0.0,0.0,0.0,0.0,0.0,0.0,0.0,0.0,0.0,0.0,0.0,0.0,0.0,0.0,0.0,0.0,0.0,0.0,0.0,0.0,0.0,0.0,0.0,0.0,0.0,0.0,0.0,0.0,0.0,0.0,0.0,0.0,0.0,0.0,0.0,0.0,0.0,0.0,0.0,0.0,0.0,0.0,0.0,0.0,0.0,0.0,0.0,0.0,0.0,0.0,0.0,0.0,0.0,0.0,0.0,0.0,0.0,0.0,0.0,0.0,0.0,0.0,0.0,0.0,0.0,0.0,0.0,0.0,0.0,0.0,0.0,0.0,0.0,0.0,0.0,0.0,0.0,0.0,0.0,0.0,0.0,0.0,0.0,0.0,0.0,0.0,0.0,0.0,0.0,0.0,0.0,0.0,0.0,0.0,0.0,0.0,0.0,0.0,0.0,0.0,0.0,0.0,0.0,0.0,0.0,0.0,0.0,0.0,0.0,0.0,0.0,0.0,0.0,0.0,0.0,0.0,0.0,0.0,0.0,0.0,0.0,0.0,0.0,0.0,0.0,0.0,0.0,0.0,0.0,0.0,0.0,0.0,0.0,0.0,0.0,0.0,0.0,0.0,0.0,0.0,0.0,0.0,0.0,0.0,0.0,0.0,0.0,0.0,0.0,0.0,0.0,0.0,0.0,0.0,0.0,0.0,0.0,0.0,0.0,0.0,0.0,0.0,0.0,0.0,0.0,0.0,0.0,0.0,0.0,0.0,0.0,0.0,0.0,0.0,0.0,0.0,0.0,0.0,0.0,0.0,0.0,0.0,0.0,0.0,0.0,0.0,0.0,0.0,0.0,0.0,0.0,0.0,0.0,0.0,0.0,0.0,0.0,0.0,0.0,0.0,0.0,0.0,0.0,0.0,0.0,0.0,0.0,0.0,0.0,0.0,0.0,0.0,0.0,0.0,0.0,0.0,0.0,0.0,0.0,0.0,0.0,0.0,0.0,0.0,0.0,0.0,0.0,0.0,0.0,0.0,0.0,0.0,0.0,0.0,0.0,0.0,0.0,0.0,0.0,0.0,0.0,0.0,0.0,0.0,0.0,0.0,0.0,0.0,0.0,0.0,0.0,0.0,0.0,0.0,0.0,0.0,0.0,0.0,0.0,0.0,0.0,0.0,0.0,0.0,0.0,0.0,0.0,0.0,0.0,0.0,0.0,0.0,0.0,0.0,0.0,0.0,0.0,0.0,0.0,0.0,0.0,0.0,0.0,0.0,0.0,0.0,0.0,0.0,0.0,0.0,0.0,0.0,0.0,0.0,0.0,0.0,0.0,0.0,0.0,0.0,0.0,0.0,0.0,0.0,0.0,0.0,0.0,0.0,0.0,0.0,0.0,0.0,0.0,0.0,0.0,0.0,0.0,0.0,0.0,0.0,0.0,0.0,0.0,0.0,0.0,0.0,0.0,0.0,0.0,0.0,0.0,0.0,0.0,0.0,0.0,0.0,0.0,0.0,0.0,0.0,0.0,0.0,0.0,0.0,0.0,0.0,0.0,0.0,0.0,0.0,0.0,0.0,0.0,0.0,0.0,0.0,0.0,0.0,0.0,0.0,0.0,0.0,0.0,0.0,0.0,0.0,0.0,0.0,0.0,0.0,0.0,0.0,0.0,0.0,0.0,0.0,0.0,0.0,0.0,0.0,0.0,0.0,0.0,0.0,0.0,0.0,0.0,0.0,0.0,0.0,0.0,0.0,0.0,0.0,0.0,0.0,0.0,0.0,0.0,0.0,0.0,0.0,0.0,0.0,0.0,0.0,0.0,0.0,0.0,0.0,0.0,0.0,0.0,0.0,0.0,0.0,0.0,0.0,0.0,0.0,0.0,0.0,0.0,0.0,0.0,0.0,0.0,0.0,0.0,0.0,0.0,0.0,0.0,0.0,0.0,0.0,0.0,0.0,0.0,0.0,0.0,0.0,0.0,0.0,0.0,0.0,0.0,0.0,0.0,0.0,0.0,0.0,0.0,0.0,0.0,0.0,0.0,0.0,0.0,0.0,0.0,0.0,0.0,0.0,0.0,0.0,0.0,0.0,0.0,0.0,0.0,0.0,0.0,0.0,0.0,0.0,0.0,0.0,0.0,0.0,0.0,0.0,0.0,0.0,0.0,0.0,0.0,0.0,0.0,0.0,0.0,0.0,0.0,0.0,0.0,0.0,0.0,0.0,0.0,0.0,0.0,0.0,0.0,0.0,0.0,0.0,0.0,0.0,0.0,0.0,0.0,0.0,0.0,0.0,0.0,0.0,0.0,0.0,0.0,0.0,0.0,0.0,0.0,0.0,0.0,0.0,0.0,0.0,0.0,0.0,0.0,0.0,0.0,0.0,0.0,0.0,0.0,0.0,0.0,0.0,0.0,0.0,0.0,0.0,0.0,0.0,0.0,0.0,0.0,0.0,0.0,0.0,0.0,0.0,0.0,0.0,0.0,0.0,0.0,0.0,0.0,0.0,0.0,0.0,0.0,0.0,0.0,0.0,0.0,0.0,0.0,0.0,0.0,0.0,0.0,0.0,0.0,0.0,0.0,0.0,0.0,0.0,0.0,0.0,0.0,0.0,0.0,0.0,0.0,0.0,0.0,0.0,0.0,0.0,0.0,0.0,0.0,0.0,0.0,0.0,0.0,0.0,0.0,0.0,0.0,0.0,0.0,0.0,0.0,0.0,0.0,0.0,0.0,0.0,0.0,0.0,0.0,0.0,0.0,0.0,0.0,0.0,0.0,0.0,0.0,0.0,0.0,0.0,0.0,0.0,0.0,0.0,0.0,0.0,0.0,0.0,0.0,0.0,0.0,0.0,0.0,0.0,0.0,0.0,0.0,0.0,0.0,0.0,0.0,0.0,0.0,0.0,0.0,0.0,0.0,0.0,0.0,0.0,0.0,0.0,0.0,0.0,0.0,0.0,0.0,0.0,0.0,0.0,0.0,0.0,0.0
Tax12,0.0,-1.5392766,-1.1980139,-0.8169942,-0.4086116,0.009035511,0.4380895,0.8762887,1.322999,1.7789415,2.244976,2.7214313,3.2102537,3.713493,4.1774344,4.706633,5.181266,5.7781873,6.312808,6.9352,7.4176307,7.9165196,8.164195,8.701964,9.380177,9.930954,10.618789,11.308338,12.043008,12.795207,13.532036,13.81777,15.062822,16.03781,16.57972,17.277819,18.113218,18.95111,19.457859,19.817041,21.00022,22.274551,23.855303,25.405983,26.743,28.35798,29.9561,30.9351,31.611156,33.00177,34.38414,35.31954,37.219894,38.58881,39.990112,40.34051,40.893963,42.310383,42.083405,42.396416,41.555546,41.43552,41.28463,41.56282,43.20027,44.865917,3.1616087,3.6717331,49.98436,52.782646,55.24975,57.702633,59.072712,5.024632,62.607773,5.5865793,6.0748897,6.6638865,6.97579,7.477865,7.9022813,8.37705,8.574444,9.114199,9.973456,10.789118,84.70947,87.77224,92.08704,94.92123,99.062195,104.59207,108.06772,113.152534,114.33112,116.104675,117.43409,121.18066,124.361664,127.63264,131.12459,133.66568,137.26405,139.96013,143.19641,144.61623,147.55037,151.67683,156.11945,159.31145,163.09546,166.47618,169.50809,171.01115,170.87482,6.975335,7.392093,7.8625607,7.7328353,7.1116343,6.140042,5.1301913,3.7965803,2.436525,1.2301627,0.0026457743,-1.2740924,-4.341559,-6.906732,-8.990073,-11.239969,-13.389138,-14.9127,-16.996567,-19.248932,-21.574375,-23.672127,-26.118858,-28.511292,-31.0837,-33.59086,-36.044643,-38.070267,-39.505756,-40.69298,-41.346733,-42.08695,-43.138454,-44.177864,-45.057983,-45.582417,-45.29495,-43.750168,-41.70937,-39.91145,-38.004852,-36.167328,-34.66394,-33.326427,-32.570175,-31.74421,-31.194317,-31.111414,-31.180382,-30.965828,-30.999084,-30.58985,-29.679262,-29.385569,-28.82115,-28.10274,-27.37906,-26.829765,-26.815296,-25.166265,-24.038822,-24.128212,-24.059927,-23.452827,-22.133928,-21.252113,-21.308624,-23.153025,-25.269726,-26.686672,-27.6606,-28.496931,-29.109404,-29.313385,-29.628084,-29.822023,-29.89937,-29.828043,-29.581804,-29.3366,-29.117424,-28.933311,-28.579168,-28.115726,-27.725845,-27.403418,-26.95044,-26.488115,-26.033382,-25.576744,-25.107698,-24.589834,-24.007883,-23.504969,-22.990046,-22.47458,-21.944483,-21.507978,-20.941662,-20.497566,-20.046831,-19.527262,-19.056282,-18.627804,-18.133581,-17.693716,-17.30588,-16.838175,-16.43121,-16.069763,-15.642422,-15.283014,-14.887748,-14.515254,-14.168203,-13.859173,-13.551226,-13.166844,-12.891203,-12.633086,-12.345018,-12.044249,-11.805696,-11.548436,-11.2788,-11.016566,-10.757278,-10.523474,-10.27972,-10.014943,-9.763941,-9.56975,-9.326172,-9.0906725,-8.875481,-8.669344,-8.433106,-8.229603,-7.9720287,-7.805069,-7.5937605,-7.4082727,-7.247045,-7.082674,-6.889674,-6.711828,-6.571922,-6.4021153,-6.2408767,-6.0819716,-5.960715,-5.8360367,-5.710194,-5.582453,-5.4508977,-5.3126593,-5.1893563,-5.071235,-4.9636297,-4.819316,-4.719158,-4.608176,-4.5060754,-4.401208,-4.289317,-4.1729016,-4.0782447,-3.989393,-3.8956892,-3.8005385,-3.7090454,-3.6183157,-3.5559766,-3.4837034,-3.4040275,-3.3240829,-3.2583206,-3.18837,-3.1138294,-3.040564,-2.995529,-2.9369566,-2.8835368,-2.830162,-2.7646642,-2.6874254,-2.6062503,-2.5309184,-2.4506443,-2.3484185,-2.2586946,-2.1664002,-2.0596044,-1.9545562,-1.830365,-1.6921976,-1.5355189,-1.3839507,-1.2177415,-1.0323888,-0.8399224,-0.60937,-0.34498304,-0.04105511,0.24961682,0.6212968,1.2513591,2.3266776,3.6083708,4.841404,5.306165,5.5156393,5.7673106,6.109259,6.3892627,6.913692,7.53399,8.052137,9.12752,10.126706,11.302673,12.69154,14.320068,56.434483,71.445496,89.96462,114.30103,142.81563,178.09737,217.7267,259.28098,297.17273,329.38797,349.70325,363.63007,356.03275,305.9502,217.53357,127.40532,57.17044,15.384195,-1.1601696,-7.1948524,-8.401303,-6.775533,-5.2308574,-3.5419242,-2.3091116,-0.784402,1.8918185,4.2651315,-20.756912,-17.076628,-13.189148,-9.273595,-5.3773336,-1.5455006,2.196628,5.8588777,9.438212,12.942266,16.382662,19.75217,23.099724,26.383345,29.649414,32.921425,36.1037,39.396202,42.54681,45.76408,49.02796,52.385662,55.96515,59.554516,63.10617,67.176094,71.58785,75.03986,77.83099,78.55719,81.1809,85.99934,89.84379,95.475914,99.87382,104.712685,109.25565,109.7811,113.17317,116.31455,111.65409,116.79439,124.97694,129.08517,136.57353,144.23734,148.00803,152.33498,157.45113,162.40775,163.20996,167.8983,168.85579,173.31886,173.58374,172.82336,174.5177,172.2292,167.7949,158.04825,153.25471,150.18213,147.64523,151.8126,156.64401,-19.776522,-17.031105,177.19702,187.48972,197.09155,204.40654,208.0617,-13.040633,218.42728,-11.218041,-9.701423,-6.582211,-4.648763,-1.9467467,0.32287762,2.4301302,3.546602,7.0143847,11.493581,16.045336,311.39798,323.2987,339.00388,349.88614,364.07358,376.62228,387.12335,394.40637,392.39142,390.4042,391.39157,400.0399,405.1071,409.41507,413.68854,418.94373,425.77777,434.19983,440.2595,448.28195,455.52997,464.81735,474.70807,484.30902,495.38177,505.7766,513.1026,516.5988,515.04346,-3.6495664,1.4495206,7.5090117,9.824273,11.2182255,10.869368,9.769001,7.8126388,6.4445777,4.5283866,2.9158738,0.74057966,-7.6285,-14.926945,-20.262505,-26.50603,-31.999994,-36.624325,-43.22972,-50.791348,-59.090008,-67.02119,-76.71821,-86.25449,-96.62311,-107.055336,-116.806885,-124.16908,-129.04227,-132.8042,-134.65031,-136.9701,-140.72333,-144.29698,-147.44789,-149.48256,-148.8364,-143.40245,-136.54596,-130.13728,-123.64146,-117.18592,-111.44511,-106.70725,-103.70203,-100.540146,-98.296776,-98.14899,-98.40756,-97.92998,-97.921486,-96.517624,-93.15296,-92.028496,-90.02558,-87.33628,-84.47897,-82.49133,-82.26589,-75.738655,-71.027626,-71.1783,-71.01061,-68.63766,-63.11664,-59.17868,-59.12863,-67.29847,-77.020996,-83.60636,-88.104645,-92.06221,-95.10393,-96.70728,-98.37289,-99.538124,-100.425514,-100.43869,-99.91546,-99.36715,-98.62105,-97.810295,-96.895,-95.527176,-94.2271,-92.9391,-91.626564,-90.07981,-88.544914,-86.859726,-85.169754,-83.454605,-81.657234,-79.993416,-78.15498,-76.38286,-74.724625,-73.11356,-71.5609,-69.9035,-68.249916,-66.68812,-65.08344,-63.545918,-61.981773,-60.487663,-59.075077,-57.717266,-56.29712,-54.944576,-53.5921,-52.426903,-51.181164,-49.922855,-48.730858,-47.65718,-46.58534,-45.55546,-44.46651,-43.386135,-42.35979,-41.396816,-40.484768,-39.536255,-38.62214,-37.69458,-36.810932,-35.994102,-35.137512,-34.217297,-33.43547,-32.69051,-31.93188,-31.202433,-30.473705,-29.765076,-29.054226,-28.353662,-27.662273,-27.008162,-26.40009,-25.817755,-25.208384,-24.588242,-24.001486,-23.349144,-22.819757,-22.279367,-21.73374,-21.210205,-20.779167,-20.309404,-19.818214,-19.366673,-18.898474,-18.477999,-18.054533,-17.636944,-17.266296,-16.890656,-16.456598,-16.087112,-15.73846,-15.413188,-15.056151,-14.6896105,-14.360508,-14.04772,-13.7436075,-13.441355,-13.136521,-12.843475,-12.553727,-12.2832155,-11.991419,-11.731605,-11.474789,-11.231439,-10.976943,-10.723578,-10.504978,-10.29848,-10.111317,-9.885958,-9.652743,-9.403523,-9.143738,-8.869605,-8.585632,-8.283442,-7.969877,-7.6348815,-7.2836175,-6.9023094,-6.4496417,-5.9589143,-5.3963757,-4.8179994,-4.1794615,-3.485482,-2.7329497,-1.8240769,-0.7833793,0.4225316,1.5639653,3.0203445,5.4941382,9.692665,14.653238,19.263676,20.729572,21.087894,21.545694,22.2464,22.6956,23.859358,25.158443,25.956993,28.379728,30.19833,32.18275,34.45974,36.779682,144.25287,166.33926,187.04396,208.25029,222.87682,234.0934,237.27019,232.05035,216.33932,193.90541,168.94705,144.06682,114.73097,81.17794,54.567413,43.730556,42.401783,42.549606,46.229347,47.590874,48.82437,53.074604,55.46104,57.782253,59.41114,61.488823,65.96869,70.07892,-22.09406,-18.484617,-14.724138,-10.942419,-7.2027826,-3.5540664,-0.00868451,3.4473565,6.813501,10.089899,13.296633,16.43184,19.507769,22.536432,25.564163,28.56981,31.580051,34.556465,37.559586,40.53501,43.495655,46.57908,49.72005,52.945126,56.04532,59.3941,62.70098,66.83932,71.29356,74.08113,75.98658,81.02131,84.65075,88.33835,95.8697,101.706245,106.27059,98.472275,98.875244,103.46409,107.3659,103.94853,108.83271,113.83619,120.7689,127.61498,130.30533,133.43062,137.99863,143.48442,146.14214,150.11734,151.34792,149.64195,148.2277,147.42992,150.04185,145.93549,141.6531,132.56306,125.51871,121.59613,118.959785,122.375694,127.244156,-23.390507,-20.871502,145.95529,155.8265,165.71675,172.84628,175.67964,-15.927714,184.14783,-14.464033,-13.112116,-10.3712,-8.715304,-6.5264254,-4.3914323,-2.333261,-1.327625,2.0820904,6.568674,11.252233,273.26508,287.28076,303.17935,312.5352,325.14557,336.74652,345.07956,352.44333,347.45285,341.53882,341.1504,350.8879,355.34586,360.3709,364.79135,367.18576,373.53418,382.81165,390.01175,395.7691,402.4604,411.06918,422.54202,428.25192,438.1603,447.91312,456.82864,455.65616,455.49194,-10.690156,-5.649786,-0.1739458,2.4099286,3.9879851,4.6884747,3.704881,2.3995774,1.4926922,-0.17227417,-1.2539868,-3.0638123,-11.814982,-18.89867,-23.572868,-29.332308,-34.571396,-38.36743,-44.659485,-51.751675,-59.537968,-66.82896,-75.3979,-84.19628,-93.40624,-102.79314,-111.69074,-118.54942,-122.957664,-126.28923,-127.86894,-129.68604,-132.94733,-136.15799,-139.01778,-140.7467,-139.95087,-134.99786,-128.70264,-122.618904,-116.320885,-109.89565,-104.219826,-99.299194,-96.1568,-93.03015,-90.60777,-90.1481,-90.26369,-89.716125,-89.65788,-88.28379,-85.15724,-83.93074,-82.03385,-79.41251,-76.51659,-74.4965,-74.23461,-67.92186,-63.080917,-62.938366,-62.682766,-60.28948,-54.62889,-50.385246,-50.170166,-58.604237,-68.77225,-75.83088,-80.7308,-85.02114,-88.3586,-90.132866,-92.05007,-93.30951,-94.26063,-94.28327,-93.91159,-93.45226,-92.74616,-92.08626,-91.24906,-90.04799,-88.728065,-87.42544,-86.097466,-84.70726,-83.05902,-81.5689,-80.11877,-78.53355,-76.920456,-75.197586,-73.47569,-71.9244,-70.36953,-68.89163,-67.332466,-65.81524,-64.23221,-62.73266,-61.267986,-59.82543,-58.41007,-56.981365,-55.680202,-54.300568,-52.90783,-51.69788,-50.536377,-49.35469,-48.221985,-47.14275,-46.10554,-45.099243,-44.091705,-43.003727,-41.95611,-41.018997,-40.096275,-39.19627,-38.277336,-37.36663,-36.512093,-35.644634,-34.770035,-33.90291,-33.070637,-32.325073,-31.555494,-30.84065,-30.128757,-29.409088,-28.68703,-28.005844,-27.333023,-26.707205,-26.098692,-25.509207,-24.927526,-24.317513,-23.705091,-23.143187,-22.525778,-22.005445,-21.499382,-21.02179,-20.549652,-20.054193,-19.580854,-19.14234,-18.684141,-18.199087,-17.819313,-17.388554,-17.015657,-16.639559,-16.241562,-15.837787,-15.478135,-15.135031,-14.800057,-14.47614,-14.148072,-13.820837,-13.497558,-13.204811,-12.923131,-12.663846,-12.411557,-12.121987,-11.876372,-11.621156,-11.337982,-11.081087,-10.813407,-10.544545,-10.321547,-10.10733,-9.872417,-9.69386,-9.480539,-9.284237,-9.076706,-8.846538,-8.611168,-8.372655,-8.104771,-7.833383,-7.530459,-7.2193174,-6.900843,-6.56631,-6.166749,-5.7150846,-5.2053437,-4.684376,-4.1138353,-3.4909291,-2.8335981,-2.039824,-1.1335063,-0.09351203,0.8864646,2.1353328,4.247713,7.8385053,12.052366,15.953357,17.144321,17.39851,17.75578,18.334045,18.665499,19.614489,20.69858,21.372066,23.413164,24.9912,26.754349,28.775593,30.927975,123.16647,142.70056,161.63112,181.9845,198.36528,212.79143,221.37201,223.90486,218.04128,207.21469,194.23593,182.30754,164.79448,135.61015,100.15896,76.485794,65.47509,60.25553,61.53851,62.903114,64.171135,69.00678,72.21363,75.53345,77.53523,80.55037,86.81735,92.78016,-23.213535,-19.508972,-15.657352,-11.789881,-7.9687853,-4.2416267,-0.6120408,2.897508,6.316836,9.649237,12.897208,16.101818,19.214922,22.309479,25.348764,28.41385,31.42172,34.482075,37.483368,40.551853,43.64751,46.797966,49.973778,53.185165,56.270176,59.575977,62.774612,66.89317,71.496376,75.01095,76.95997,82.22755,86.41949,90.7089,99.67445,105.53115,110.641594,98.88433,97.08108,101.03831,105.45065,103.33711,108.31763,112.26491,119.85777,126.24516,129.02983,132.4856,137.28654,143.19223,146.63231,150.50745,151.53604,146.85803,144.79861,143.00475,145.0137,141.63008,136.48724,126.57311,119.02038,114.339294,111.20744,115.02361,119.96982,-25.593231,-23.2449,138.51506,148.54713,157.93196,165.29715,168.85403,-17.740778,176.95895,-16.084496,-14.83187,-12.169438,-10.499776,-8.240529,-6.2171454,-4.1774206,-3.0388203,0.39104417,4.9261436,9.532289,265.05826,278.70428,296.58075,305.3559,319.029,330.57184,338.26852,345.13544,338.5026,333.8657,333.77078,344.74,348.2846,353.16992,356.33182,359.66345,365.27606,374.30087,379.42627,384.21072,391.3919,400.67984,410.10373,418.30618,429.2131,438.0758,446.9619,449.36526,446.1824,-11.136714,-6.4309106,-1.0235512,1.5889344,3.1893802,3.2125278,2.5828571,1.4714931,0.77967596,-0.9302641,-2.1051753,-3.8462496,-12.985312,-20.005564,-24.236147,-30.182098,-34.960926,-38.488205,-44.718815,-51.532223,-59.406063,-66.47366,-75.19179,-83.834366,-92.914055,-102.09257,-110.797554,-117.42312,-121.72408,-124.92538,-126.41943,-128.28456,-131.21866,-134.38654,-137.17247,-138.86668,-138.35864,-133.59044,-127.41661,-121.473434,-115.04892,-108.77186,-103.06888,-98.209496,-95.01077,-91.85141,-89.42629,-88.873344,-88.870766,-88.35006,-88.24858,-86.89219,-83.79227,-82.51237,-80.60923,-78.00956,-75.137924,-73.02047,-72.67495,-66.47893,-61.555645,-61.24569,-60.90145,-58.555584,-52.896225,-48.55924,-48.111683,-56.50893,-66.78869,-73.863075,-78.9077,-83.22869,-86.59942,-88.28849,-90.16999,-91.40893,-92.367516,-92.329765,-91.95742,-91.30291,-90.570366,-89.856735,-88.93027,-87.721535,-86.37325,-85.1795,-83.77874,-82.31678,-80.8631,-79.49344,-78.05092,-76.418526,-74.81146,-73.20137,-71.47845,-69.91874,-68.36703,-66.82761,-65.31106,-63.75598,-62.36055,-60.942886,-59.5528,-58.12029,-56.812195,-55.49962,-54.249165,-53.016804,-51.756866,-50.524612,-49.325855,-48.205353,-47.040924,-45.93484,-44.8891,-43.892815,-42.833405,-41.80652,-40.774796,-39.786694,-38.871315,-38.01831,-37.13421,-36.318798,-35.437935,-34.59353,-33.77555,-32.997013,-32.272728,-31.537592,-30.815025,-30.131136,-29.442259,-28.706491,-28.00764,-27.330801,-26.712095,-26.05808,-25.457909,-24.914581,-24.26458,-23.698309,-23.07643,-22.57758,-22.025024,-21.48386,-21.004553,-20.531256,-20.08497,-19.601814,-19.146978,-18.692974,-18.258156,-17.821499,-17.389397,-16.965685,-16.571218,-16.171556,-15.781146,-15.389227,-15.051661,-14.715993,-14.408351,-14.093459,-13.791948,-13.464937,-13.141424,-12.871212,-12.605637,-12.330857,-12.093006,-11.8127365,-11.57024,-11.295358,-11.068477,-10.832645,-10.582865,-10.341728,-10.126244,-9.875756,-9.676128,-9.473351,-9.269965,-9.060729,-8.843611,-8.626144,-8.391545,-8.153931,-7.891431,-7.6176143,-7.3372083,-7.0436745,-6.734387,-6.412829,-6.0287127,-5.6124945,-5.136543,-4.6492114,-4.114314,-3.5266294,-2.9029014,-2.1676574,-1.3289037,-0.3653365,0.5393119,1.6871774,3.6236675,6.906986,10.7574215,14.29687,15.342605,15.541879,15.839153,16.328352,16.609768,17.499693,18.498116,19.096018,20.97523,22.393124,24.008139,25.895697,27.915533,112.09576,129.68263,147.30983,166.61897,182.73943,197.67508,207.65588,212.64406,209.59413,202.03514,192.1009,183.26958,169.58804,144.41206,110.59529,85.42517,71.50858,63.768337,63.993458,64.2291,65.157,70.128716,73.63939,77.015,79.10924,82.91549,88.6503,94.838,-23.384565,-20.063007,-16.614687,-13.169839,-9.762896,-6.4264164,-3.1786995,-0.016247056,3.0545754,6.055145,8.954704,11.787746,14.5764265,17.340105,20.07347,22.695541,25.304773,27.885284,30.480227,33.049786,35.62012,38.208534,40.791203,43.429592,46.13968,48.85054,51.68225,54.52141,57.447052,61.234715,64.99512,67.5874,70.06672,72.50524,75.0018,78.84063,82.29114,88.98442,92.5766,94.81036,97.808205,87.916504,88.177155,91.121826,94.17922,91.56169,92.93858,97.35368,101.285995,105.36187,109.85601,115.20056,119.16986,124.90104,128.66168,132.51677,135.89719,137.79375,128.87926,128.53699,128.7447,131.5053,134.13289,139.53477,144.90817,150.39983,155.20738,157.3344,163.3284,169.97781,177.91597,184.38345,191.80759,201.0633,208.68929,217.00186,220.26758,223.99399,228.7874,233.80484,239.92851,244.76955,253.65544,264.07443,275.78842,287.25308,297.1795,308.07068,321.32333,334.72183,347.0418,358.77448,370.8209,378.56653,391.72125,400.95465,411.85004,422.26245,431.77036,442.9222,455.23212,466.93668,482.28156,494.5018,507.89148,521.5012,537.52734,552.7051,569.25604,583.9338,595.54193,614.13586,626.17883,634.7508,645.7997,658.9794,674.7947,691.0189,701.18115,713.18976,724.8439,733.2532,746.6666,750.6485,751.503,754.0114,751.6504,750.04456,752.7109,748.36725,750.78015,752.433,753.71075,753.7413,746.6395,739.28204,733.57574,725.0428,713.097,697.0565,682.66046,667.3693,654.26904,645.1261,635.1038,-7.8884044,-8.359409,-10.470999,-14.170679,-17.480608,-18.030073,-9.968245,0.8708176,8.710806,17.232227,24.415083,30.690222,36.674686,41.05273,45.177654,47.244827,45.138985,42.99584,41.165504,40.35631,42.067238,43.96254,44.46502,45.3776,48.62572,52.382473,54.06132,54.468533,62.887577,68.63242,68.741936,68.791595,776.4256,788.4099,802.50287,808.6871,786.9056,37.94472,31.585491,23.737623,14.129123,3.8222816,-3.5281627,-13.833808,-23.612244,-32.93929,-39.59226,-45.44473,-51.125214,-56.683025,-63.838367,-70.486305,-75.154106,-80.57788,-86.43882,-91.135506,-93.55438,-95.94776,-103.240555,-110.73025,-115.137955,-117.975815,-120.891655,-124.52051,-127.25888,-128.89839,-128.44106,-126.74781,-126.5742,-127.150566,-127.92123,-128.42928,-129.6421,-129.47514,-128.89096,-127.982834,-127.27655,-126.51842,-126.45736,-125.32231,-123.88202,-122.58268,-121.08935,-118.03063,-114.435394,-113.32444,-113.51037,-112.564125,-111.69712,-110.08406,-108.396164,-106.90085,-105.54647,-104.068016,-102.686966,-101.23766,-100.07923,-99.540276,-98.34435,-96.957115,-95.59124,-94.21114,-92.53897,-90.88538,-89.55134,-88.106804,-86.95243,-85.73518,-84.17837,-83.404144,-82.81342,-82.201164,-81.46684,-81.07391,-80.75328,-79.36272,-77.42657,-75.86848,-74.44856,-72.79039,-71.59919,-70.87511,-70.35772,-69.6664,-68.315865,-66.45209,-65.255005,-64.19873,-62.98751,-61.86881,-60.5905,-58.984833,-57.639866,-56.55848,-55.474487,-54.48497,-53.212715,-51.886692,-50.59758,-48.991123,-47.283627,-45.790466,-44.396694,-43.250977,-42.307026,-41.60433,-41.15758,-40.610596,-39.44622,-37.028126,-33.767483,-29.974125,-25.74884,-21.758076,-19.201479,-17.683836,-15.332207,-13.146397,-11.411829,-9.873467,-8.555535,-7.690811,-6.872492,-5.656645,-4.83414,-4.007506,-3.2323654,-2.6075704,-2.0439062,-1.8058761,-1.4212255,-0.9301131,107.38417,107.65168,106.84302,105.48021,104.48908,101.51577,96.11518,89.50043,84.70742,81.77549,80.23448,78.2904,76.473145,75.01677,73.86645,73.87053,73.97826,74.32829,74.429985,74.26435,74.14941,74.2284,74.664955,74.96194,75.140205,75.27521,76.324036,77.99151,79.00973,80.087135,81.3921,83.51877,85.61496,86.80101,88.36216,91.29632,94.50031,96.33912,96.67939,97.41246,96.35037,95.959175,95.823494,96.48083,96.94283,97.904106,99.80892,101.93881,-19.202087,-16.285175,-13.247939,-10.1921835,-7.186463,-4.2599854,-1.4188943,1.3380464,3.999507,6.586309,9.104008,11.556072,13.946886,16.262362,18.488935,20.734089,22.916527,25.039606,27.1663,29.210835,31.217167,33.260056,35.254368,37.10987,39.26405,41.83854,44.267635,46.95561,48.988598,53.15106,56.52953,57.22731,57.468216,59.234264,61.40209,63.570396,65.95521,68.91468,68.74083,70.50317,74.098785,76.06772,78.297104,79.128296,80.882774,82.59301,85.54174,82.92327,85.89762,89.400375,93.852486,97.444885,101.439705,105.29744,105.60598,108.14728,110.10548,110.651474,111.986176,113.586685,116.213486,118.40036,122.065956,126.43546,129.4772,133.79744,138.43225,142.39626,147.74295,152.92296,158.2783,163.69229,168.83087,175.1166,182.95209,191.8086,198.97604,204.67982,211.63373,217.17793,223.81976,230.05502,238.9076,248.91072,260.5316,272.19907,282.41364,295.52716,309.58954,323.21252,336.4962,351.95386,366.30054,380.5498,398.14417,411.20264,423.39716,437.168,447.12576,463.06317,478.22122,494.38147,514.7183,531.70917,550.74884,571.51556,593.4802,612.9379,634.49335,658.13074,676.63635,697.1702,713.4202,725.90424,741.4618,759.4693,777.82635,795.7875,812.7343,825.72815,840.6287,854.53375,867.2039,872.57513,872.6537,875.2796,872.6708,868.3015,867.75073,864.17786,865.06006,866.4236,861.7482,856.19116,847.4817,829.1299,815.57947,801.2765,784.4974,768.05927,747.8816,732.36755,714.47766,700.99194,685.8415,4.8115983,5.270529,1.6417227,-3.0233154,-7.7418184,-10.263549,-5.490574,1.6752591,8.083423,14.527491,20.261534,25.32518,29.696413,32.95699,35.43821,36.515,33.77405,30.42494,27.398027,24.96098,24.466816,24.992529,24.206331,24.293905,25.63504,27.497406,28.146494,27.05105,32.530193,36.928352,35.95883,34.43402,650.3492,654.3864,664.20776,666.4992,650.45996,-1.8076384,-8.405013,-16.063044,-24.648218,-33.280323,-40.70192,-49.084763,-58.268036,-66.09577,-72.22037,-77.70867,-82.47063,-87.36613,-92.981445,-98.50866,-102.72322,-107.245094,-112.230576,-116.328835,-118.554,-120.66992,-126.66614,-132.50363,-135.43874,-137.43321,-139.28119,-141.64508,-143.19446,-143.97488,-143.00017,-141.16145,-140.63885,-140.76454,-141.01227,-141.15034,-141.68095,-140.882,-139.59631,-138.36273,-137.45682,-136.4044,-135.71994,-134.0081,-132.27702,-130.55927,-128.94556,-125.89636,-122.36023,-121.051445,-120.70133,-119.62119,-118.467415,-116.67245,-114.82756,-113.1518,-111.50667,-109.95801,-108.38447,-106.76924,-105.48781,-104.538826,-103.2334,-101.76918,-100.25131,-98.70244,-96.989586,-95.351524,-93.807785,-92.232735,-90.886986,-89.4728,-87.93581,-86.907974,-86.09591,-85.250496,-84.2646,-83.63394,-83.06328,-81.63107,-79.89613,-78.29226,-76.80416,-75.191536,-73.94863,-73.054504,-72.42018,-71.569115,-70.19314,-68.48377,-67.2905,-66.22285,-65.0595,-63.844536,-62.562668,-61.095085,-59.84531,-58.748184,-57.586575,-56.58211,-55.344875,-54.101303,-52.864655,-51.43361,-49.90237,-48.552895,-47.324974,-46.24423,-45.363445,-44.612186,-44.115158,-43.530983,-42.437054,-40.418682,-37.81184,-34.813366,-31.578032,-28.575829,-26.676292,-25.550709,-23.839075,-22.287954,-21.040127,-19.924988,-18.97082,-18.317286,-17.660177,-16.687925,-15.959458,-15.22241,-14.485729,-13.808188,-13.134652,-12.619682,-11.9632435,-11.215824,64.827225,65.22559,65.027176,64.758224,64.82597,63.46046,60.013783,55.298195,51.80884,49.408333,47.752506,45.889866,44.13741,42.541027,41.0424,40.457443,39.955,39.616295,39.23802,38.397488,37.857307,37.22231,37.09893,36.69957,36.176018,35.722256,35.87905,36.100304,36.098965,35.9852,35.989655,36.70737,37.263264,37.302486,37.59623,38.44345,39.492332,39.41689,38.73856,38.200657,36.731857,35.47122,34.772686,34.064514,33.626076,33.376934,33.61005,33.728603,-15.610442,-13.159946,-10.621502,-8.075928,-5.5446725,-3.0749102,-0.6821584,1.6477259,3.914481,6.1216607,8.279129,10.384662,12.4249935,14.441916,16.3763,18.3088,20.195166,22.05249,23.865854,25.683075,27.457354,29.255856,31.06346,32.884308,35.19944,37.365746,39.504715,41.809433,44.12711,47.097862,49.39026,50.772038,50.90979,52.655922,53.885437,55.78081,57.588135,60.028557,61.385418,63.284157,66.26605,67.984566,69.106865,70.94851,72.34274,73.9483,72.296455,74.62637,77.35234,80.77209,84.00711,87.388535,91.11215,92.88564,94.848076,97.42601,99.327034,101.26015,102.2895,103.90357,105.43273,108.265465,109.78325,113.26427,116.625946,120.183914,123.91973,128.49445,132.88747,137.14429,140.70282,144.3836,149.7923,156.16188,163.41222,169.96246,176.11238,180.68959,185.4605,190.22028,197.01233,202.47165,209.93648,218.69432,227.5821,235.63939,244.69167,256.00113,268.72565,281.69263,290.86493,302.4748,314.11304,326.28165,339.39664,351.44037,362.65402,375.1694,385.14703,397.1954,410.07532,423.14832,437.67188,452.2553,468.075,485.6356,502.0665,519.33936,537.26636,555.6681,570.9626,588.41364,602.0719,617.9112,629.6901,645.5345,660.49365,677.44446,691.1285,703.10156,716.4631,727.9884,740.4879,743.87854,743.13446,746.3947,744.96967,743.85657,747.00616,746.86487,749.1438,749.2731,747.1153,744.3464,737.8402,724.3987,712.8269,704.0984,690.6975,677.38586,660.985,646.9235,632.7214,620.42786,608.1029,-14.955514,-14.446481,-17.298508,-21.26405,-24.939463,-27.013771,-22.651934,-15.490457,-9.262373,-3.344682,2.3887603,7.1772547,11.312265,14.04706,16.240362,17.012861,14.320323,10.9598055,8.136129,5.75618,5.200197,5.542387,4.812794,4.484801,5.603918,7.118714,7.378626,6.352005,10.658228,14.226198,13.233855,11.405116,560.00226,561.6022,566.2325,570.44037,557.32007,-23.73736,-30.38364,-38.361656,-46.522152,-54.55399,-61.500607,-69.31449,-77.21963,-84.75635,-90.15466,-94.955185,-99.47584,-103.488884,-108.532845,-113.06532,-116.50187,-120.407196,-124.387474,-127.64066,-129.57639,-131.37431,-136.38249,-141.39217,-144.21996,-145.92203,-147.28224,-149.1877,-150.46814,-150.74452,-149.75224,-148.04733,-147.38496,-147.12842,-146.96004,-146.68326,-146.82797,-145.83214,-144.69086,-143.25462,-142.05527,-140.86996,-140.19438,-138.52313,-136.74927,-134.99724,-133.25351,-130.25105,-127.033844,-125.58719,-124.8757,-123.620865,-122.15474,-120.3309,-118.36703,-116.591125,-114.80881,-112.98734,-111.21366,-109.519264,-108.06843,-107.09243,-105.62762,-104.10298,-102.44792,-100.85412,-99.10417,-97.36236,-95.80261,-94.200676,-92.849655,-91.5017,-89.86739,-88.756485,-87.78499,-86.777855,-85.74816,-84.99499,-84.27947,-82.71831,-80.961494,-79.39847,-77.97508,-76.352066,-75.076294,-74.01914,-73.17721,-72.329994,-70.93191,-69.25876,-68.08036,-67.02294,-65.7422,-64.591385,-63.25552,-61.77508,-60.497135,-59.397957,-58.298153,-57.27963,-56.050793,-54.85576,-53.70171,-52.36985,-50.957085,-49.648884,-48.484627,-47.441956,-46.54514,-45.75489,-45.204697,-44.56942,-43.545483,-41.71173,-39.411617,-36.757732,-33.91183,-31.287033,-29.598806,-28.562593,-27.042297,-25.63955,-24.53512,-23.530767,-22.634235,-22.002247,-21.337227,-20.40397,-19.661633,-18.899712,-18.124561,-17.404646,-16.682999,-16.098188,-15.400228,-14.636981,50.0082,50.186707,50.000843,49.727802,49.780945,48.558983,45.510754,41.42536,38.407993,36.27874,34.875587,33.2246,31.647715,30.324196,29.09444,28.505281,28.046124,27.67938,27.230055,26.430824,25.833496,25.26462,25.01089,24.567686,23.99497,23.536333,23.494942,23.581396,23.508951,23.388332,23.328793,23.687893,24.008215,23.886503,24.035006,24.582657,25.379171,25.110157,24.420853,23.888515,22.649508,21.443024,20.758045,19.983938,19.414131,19.123508,19.268824,19.256485,-14.413227,-12.157586,-9.782627,-7.39528,-5.0158067,-2.6976461,-0.42907804,1.7737243,3.9191186,5.9855433,8.035333,10.030122,11.98963,13.903524,15.790625,17.626345,19.460024,21.27487,23.088646,24.82671,26.56349,28.31018,30.075731,31.911985,33.8271,35.828793,38.169235,40.18643,42.92545,44.91539,46.690914,47.636757,49.215702,51.046574,52.261913,53.08598,55.623093,57.1888,58.85242,61.70919,62.723103,64.89,65.55802,68.01126,69.47705,67.45506,69.20169,72.41775,74.677345,78.121414,81.33654,84.332344,87.517,90.094826,92.61696,95.237114,98.41389,99.6379,99.98086,101.18387,103.279144,104.96802,107.04529,110.94364,113.7076,117.30547,121.69828,125.39948,127.82969,131.03818,136.48764,141.14365,146.23415,152.86215,159.2866,166.4092,172.59631,176.04585,181.04834,185.68257,189.62746,193.79224,199.99486,208.4212,217.24617,225.42351,233.58917,242.47055,253.0768,264.12482,273.66608,285.32724,294.72647,304.642,316.83084,325.19995,333.94724,344.6531,355.2825,365.80032,376.91647,387.90662,400.46945,414.5165,426.57626,443.54294,458.34637,474.12387,491.20847,507.41974,522.05505,538.1304,552.74414,564.8308,578.6211,592.6534,609.4465,625.2256,638.5845,651.7305,665.3913,676.88434,688.53,693.91473,697.22314,703.20044,703.45294,704.9036,706.15424,706.1227,709.1979,710.58514,713.21643,711.0357,706.9656,695.3248,686.94794,678.4367,666.0684,651.94147,637.5049,624.83777,612.0915,600.81506,591.08,-18.96811,-18.149307,-20.467472,-23.942497,-27.777054,-29.740623,-25.517725,-18.323744,-12.325368,-5.9806576,-0.44951734,4.268952,8.24512,10.714347,13.0743685,13.783617,11.162754,7.9569345,5.412811,2.978895,2.569702,2.7267592,1.8302097,1.4109051,2.7740443,4.247065,4.300628,3.198458,7.507211,10.891495,9.827572,7.976621,544.208,544.3129,549.2512,552.28345,539.59937,-26.943563,-33.536777,-40.99239,-49.133163,-57.34018,-64.23721,-72.11197,-80.051735,-87.08764,-92.441246,-97.14221,-101.33576,-105.323845,-109.95378,-114.63515,-118.08733,-121.81161,-125.86762,-129.02701,-130.86809,-132.5759,-137.3905,-142.23866,-145.07382,-146.79218,-148.10239,-149.77435,-150.9024,-151.11447,-149.75987,-147.98775,-147.2036,-146.98175,-146.68674,-146.36456,-146.55055,-145.57906,-144.42586,-143.191,-142.07652,-140.83395,-140.02246,-138.41031,-136.54822,-134.71567,-132.91063,-130.03041,-126.655174,-125.106125,-124.635544,-123.41345,-122.05136,-120.228165,-118.34069,-116.55457,-114.957825,-113.17276,-111.48012,-109.74955,-108.308876,-107.33275,-105.92305,-104.22245,-102.634254,-101.01412,-99.195915,-97.53748,-95.89551,-94.23969,-92.76001,-91.41113,-89.82104,-88.593285,-87.60899,-86.69938,-85.66264,-84.89748,-84.1267,-82.58325,-80.80497,-79.18174,-77.75756,-76.2387,-74.96293,-74.057106,-73.258644,-72.342224,-70.94205,-69.22309,-68.02281,-66.88108,-65.67047,-64.47413,-63.089016,-61.643017,-60.360165,-59.264286,-58.193336,-57.14361,-55.924057,-54.726265,-53.59387,-52.24774,-50.8375,-49.550186,-48.426434,-47.368553,-46.47846,-45.74396,-45.1399,-44.522163,-43.48797,-41.754917,-39.512356,-36.964413,-34.22377,-31.701252,-30.086184,-29.129852,-27.686752,-26.360655,-25.2929,-24.324738,-23.468824,-22.843266,-22.178078,-21.251617,-20.515863,-19.74422,-18.980028,-18.253448,-17.531301,-16.94808,-16.262177,-15.512479,45.309227,45.423183,45.241215,45.01783,45.110493,43.990894,41.180283,37.334995,34.52294,32.51342,31.175209,29.611324,28.105425,26.800133,25.624094,25.055286,24.613558,24.256203,23.780558,22.988054,22.388723,21.852135,21.61464,21.183407,20.64893,20.230185,20.18229,20.260689,20.146,20.031124,19.929102,20.256123,20.526184,20.344124,20.451532,20.906021,21.56408,21.257938,20.506422,19.927351,18.714256,17.634207,17.037252,16.356256,15.824789,15.464991,15.5673,15.516268
Tax13,0.0,-2.0741706,-1.9004412,-1.7098849,-1.5402293,-1.3759391,-1.2183169,-1.0508226,-0.90109366,-0.77048266,-0.64784735,-0.5335082,-0.4278566,-0.326549,-0.23799275,-0.15423498,-0.07234211,0.0045250636,0.07738095,0.15976354,0.21893121,0.27164054,0.31117386,0.35039538,0.39609516,0.43294102,0.47791722,0.5219706,0.55196345,0.5764814,0.6094695,0.6323669,0.70560586,0.7755904,0.79993904,0.852334,0.9085953,0.9363044,0.93111664,0.9349651,0.9428152,0.92061436,1.0031724,1.063692,1.0498323,1.1014427,1.1287311,1.1624595,1.1230793,1.1027485,1.146437,1.0579686,1.0019258,0.972654,1.02087,0.8970188,0.7917262,0.70436543,0.59797347,0.48783454,0.28510985,0.19151652,0.12299126,0.033921134,0.01034008,-0.013596798,-1.2442472,-1.2254502,0.052409813,0.07305977,0.07860904,0.09987788,0.05985683,-1.1844853,0.07786851,-1.1913141,-1.1752145,-1.1506611,-1.1305118,-1.114783,-1.1014379,-1.0962335,-1.0896045,-1.0675647,-1.0461842,-1.0101359,0.16763945,0.15830548,0.18621023,0.15848637,0.19195235,0.20377195,0.19001813,0.18255441,0.07268875,0.02976884,-0.013587622,-0.075330034,-0.10622595,-0.15288317,-0.18242979,-0.21402332,-0.23427135,-0.25825685,-0.27110904,-0.27808505,-0.31136727,-0.33511096,-0.3449234,-0.4105546,-0.42054838,-0.41098246,-0.42466167,-0.47000673,-0.51125365,-1.2442619,-1.2320235,-1.2241237,-1.2154126,-1.2006156,-1.1952466,-1.1939365,-1.1886587,-1.1851634,-1.163807,-1.158736,-1.1529437,-1.150245,-1.1467762,-1.1366215,-1.1301494,-1.1127493,-1.0896794,-1.0859469,-1.080114,-1.0736405,-1.0292044,-1.0231291,-1.0152726,-0.9925225,-0.9873382,-0.981161,-0.972832,-0.96304613,-0.94684726,-0.9228822,-0.91057706,-0.90023893,-0.8896174,-0.87870663,-0.8667208,-0.81625146,-0.7907344,-0.75800186,-0.7404732,-0.71715975,-0.6889407,-0.6743136,-0.66055155,-0.6411515,-0.6213533,-0.60547405,-0.5968117,-0.5881882,-0.57415575,-0.54417145,-0.5238018,-0.5088467,-0.49557024,-0.48652393,-0.4771786,-0.4680852,-0.4598688,-0.4528446,-0.4304921,-0.42137858,-0.415461,-0.3961741,-0.38879964,-0.3798714,-0.36377203,-0.35871103,-0.34478992,-0.34383234,-0.3327432,-0.32922965,-0.3175284,-0.3002313,-0.29081538,-0.28696188,-0.28298888,-0.27551988,-0.26772168,-0.26337087,-0.2591901,-0.2477949,-0.2438715,-0.2350253,-0.23102969,-0.22708088,-0.21984315,-0.21607888,-0.2013555,-0.19780214,-0.19445904,-0.19114415,-0.18562776,-0.17708582,-0.17386599,-0.17070262,-0.1618549,-0.1523441,-0.14482133,-0.13105616,-0.1252594,-0.117228925,-0.115025386,-0.109261766,-0.10490892,-0.10292404,-0.100974225,-0.09905723,-0.09485166,-0.08796091,-0.08278809,-0.07927581,-0.07776744,-0.0724832,-0.06345562,-0.062246647,-0.057021413,-0.045703452,-0.04321509,-0.03869369,-0.037957117,-0.037234288,-0.036524992,-0.032666598,-0.027007949,-0.026493546,-0.02436805,-0.023903916,-0.023448847,-0.023002619,-0.018584762,-0.016281392,-0.015971242,-0.014046976,-0.013779333,-0.013516785,-0.013259213,-0.0130066,-0.012758834,-0.012515751,-0.012277255,-0.010424914,-0.010226341,-0.0084043695,-0.0082442425,-0.0080871675,-0.007933067,-0.007781917,-0.0076336386,-0.00748816,-0.007345447,-0.0072054313,-0.0054434873,-0.0037321325,-0.0036610286,-0.0035912727,-0.0035228329,-0.0034556845,-0.0033898214,-0.0016875088,-0.0016553475,0.0,0.0,0.0,0.0,0.0,0.0,0.0,0.0,0.0,0.0,0.0,0.0,0.0,0.0,0.0,0.0,0.0,0.0,0.0,0.0,0.0,0.0,0.0,0.0,0.0,0.0,0.0,0.0,0.0,0.0,0.0,0.0,0.0,0.0,0.0,0.0,0.0,0.0,0.0,0.0,0.0,0.0,0.0,0.0,0.0,0.0,0.0,0.0,0.0,0.0,0.0,0.0,0.0,0.0,0.0,0.0,0.0,0.0,0.0,0.0,0.0,0.0,0.0,0.0,0.0,0.0,0.0,0.0,0.0,0.0,0.0,0.0,0.0,0.0,0.0,0.0,0.0,0.0,0.0,0.0,0.0,0.0,0.0,0.0,0.0,0.0,0.0,0.0,0.0,0.0,0.0,0.0,0.0,0.0,0.0,0.0,0.0,0.0,0.0,0.0,0.0,0.0,0.0,0.0,0.0,0.0,0.0,0.0,0.0,0.0,0.0,0.0,0.0,0.0,0.0,0.0,0.0,0.0,0.0,0.0,0.0,0.0,0.0,0.0,0.0,0.0,0.0,0.0,0.0,0.0,0.0,0.0,0.0,0.0,0.0,0.0,0.0,0.0,0.0,0.0,0.0,0.0,0.0,0.0,0.0,0.0,0.0,0.0,0.0,0.0,0.0,0.0,0.0,0.0,0.0,0.0,0.0,0.0,0.0,0.0,0.0,0.0,0.0,0.0,0.0,0.0,0.0,0.0,0.0,0.0,0.0,0.0,0.0,0.0,0.0,0.0,0.0,0.0,0.0,0.0,0.0,0.0,0.0,0.0,0.0,0.0,0.0,0.0,0.0,0.0,0.0,0.0,0.0,0.0,0.0,0.0,0.0,0.0,0.0,0.0,0.0,0.0,0.0,0.0,0.0,0.0,0.0,0.0,0.0,0.0,0.0,0.0,0.0,0.0,0.0,0.0,0.0,0.0,0.0,0.0,0.0,0.0,0.0,0.0,0.0,0.0,0.0,0.0,0.0,0.0,0.0,0.0,0.0,0.0,0.0,0.0,0.0,0.0,0.0,0.0,0.0,0.0,0.0,0.0,0.0,0.0,0.0,0.0,0.0,0.0,0.0,0.0,0.0,0.0,0.0,0.0,0.0,0.0,0.0,0.0,0.0,0.0,0.0,0.0,0.0,0.0,0.0,0.0,0.0,0.0,0.0,0.0,0.0,0.0,0.0,0.0,0.0,0.0,0.0,0.0,0.0,0.0,0.0,0.0,0.0,0.0,0.0,0.0,0.0,0.0,0.0,0.0,0.0,0.0,0.0,0.0,0.0,0.0,0.0,0.0,0.0,0.0,0.0,0.0,0.0,0.0,0.0,0.0,0.0,0.0,0.0,0.0,0.0,0.0,0.0,0.0,0.0,0.0,0.0,0.0,0.0,0.0,0.0,0.0,0.0,0.0,0.0,0.0,0.0,0.0,0.0,0.0,0.0,0.0,0.0,0.0,0.0,0.0,0.0,0.0,0.0,0.0,0.0,0.0,0.0,0.0,0.0,0.0,0.0,0.0,0.0,0.0,0.0,0.0,0.0,0.0,0.0,0.0,0.0,0.0,0.0,0.0,0.0,0.0,0.0,0.0,0.0,0.0,0.0,0.0,0.0,0.0,0.0,0.0,0.0,0.0,0.0,0.0,0.0,0.0,0.0,0.0,0.0,0.0,0.0,0.0,0.0,0.0,0.0,0.0,0.0,0.0,0.0,0.0,0.0,0.0,0.0,0.0,0.0,0.0,0.0,0.0,0.0,0.0,0.0,0.0,0.0,0.0,0.0,0.0,0.0,0.0,0.0,0.0,0.0,0.0,0.0,0.0,0.0,0.0,0.0,0.0,0.0,0.0,0.0,0.0,0.0,0.0,0.0,0.0,0.0,0.0,0.0,0.0,0.0,0.0,0.0,0.0,0.0,0.0,0.0,0.0,0.0,0.0,0.0,0.0,0.0,0.0,0.0,0.0,0.0,0.0,0.0,0.0,0.0,0.0,0.0,0.0,0.0,0.0,0.0,0.0,0.0,0.0,0.0,0.0,0.0,0.0,0.0,0.0,0.0,0.0,0.0,0.0,0.0,0.0,0.0,0.0,0.0,0.0,0.0,0.0,0.0,0.0,0.0,0.0,0.0,0.0,0.0,0.0,0.0,0.0,0.0,0.0,0.0,0.0,0.0,0.0,0.0,0.0,0.0,0.0,0.0,0.0,0.0,0.0,0.0,0.0,0.0,0.0,0.0,0.0,0.0,0.0,0.0,0.0,0.0,0.0,0.0,0.0,0.0,0.0,0.0,0.0,0.0,0.0,0.0,0.0,0.0,0.0,0.0,0.0,0.0,0.0,0.0,0.0,0.0,0.0,0.0,0.0,0.0,0.0,0.0,0.0,0.0,0.0,0.0,0.0,0.0,0.0,0.0,0.0,0.0,0.0,0.0,0.0,0.0,0.0,0.0,0.0,0.0,0.0,0.0,0.0,0.0,0.0,0.0,0.0,0.0,0.0,0.0,0.0,0.0,0.0,0.0,0.0,0.0,0.0,0.0,0.0,0.0,0.0,0.0,0.0,0.0,0.0,0.0,0.0,0.0,0.0,0.0,0.0,0.0,0.0,0.0,0.0,0.0,0.0,0.0,0.0,0.0,0.0,0.0,0.0,0.0,0.0,0.0,0.0,0.0,0.0,0.0,0.0,0.0,0.0,0.0,0.0,0.0,0.0,0.0,0.0,0.0,0.0,0.0,0.0,0.0,0.0,0.0,0.0,0.0,0.0,0.0,0.0,0.0,0.0,0.0,0.0,0.0,0.0,0.0,0.0,0.0,0.0,0.0,0.0,0.0,0.0,0.0,0.0,0.0,0.0,0.0,0.0,0.0,0.0,0.0,0.0,0.0,0.0,0.0,0.0,0.0,0.0,0.0,0.0,0.0,0.0,0.0,0.0,0.0,0.0,0.0,0.0,0.0,0.0,0.0,0.0,0.0,0.0,0.0,0.0,0.0,0.0,0.0,0.0,0.0,0.0,0.0,0.0,0.0,0.0,0.0,0.0,0.0,0.0,0.0,0.0,0.0,0.0,0.0,0.0,0.0,0.0,0.0,0.0,0.0,0.0,0.0,0.0,0.0,0.0,0.0,0.0,0.0,0.0,0.0,0.0,0.0,0.0,0.0,0.0,0.0,0.0,0.0,0.0,0.0,0.0,0.0,0.0,0.0,0.0,0.0,0.0,0.0,0.0,0.0,0.0,0.0,0.0,0.0,0.0,0.0,0.0,0.0,0.0,0.0,0.0,0.0,0.0,0.0,0.0,0.0,0.0,0.0,0.0,0.0,0.0,0.0,0.0,0.0,0.0,0.0,0.0,0.0,0.0,0.0,0.0,0.0,0.0,0.0,0.0,0.0,0.0,0.0,0.0,0.0,0.0,0.0,0.0,0.0,0.0,0.0,0.0,0.0,0.0,0.0,0.0,0.0,0.0,0.0,0.0,0.0,0.0,0.0,0.0,0.0,0.0,0.0,0.0,0.0,0.0,0.0,0.0,0.0,0.0,0.0,0.0,0.0,0.0,0.0,0.0,0.0,0.0,0.0,0.0,0.0,0.0,0.0,0.0,0.0,0.0,0.0,0.0,0.0,0.0,0.0,0.0,0.0,0.0,0.0,0.0,0.0,0.0,0.0,0.0,0.0,0.0,0.0,0.0,0.0,0.0,0.0,0.0,0.0,0.0,0.0,0.0,0.0,0.0,0.0,0.0,0.0,0.0,0.0,0.0,0.0,0.0,0.0,0.0,0.0,0.0,0.0,0.0,0.0,0.0,0.0,0.0,0.0,0.0,0.0,0.0,0.0,0.0,0.0,0.0,0.0,0.0,0.0,0.0,0.0,0.0,0.0,0.0,0.0,0.0,0.0,0.0,0.0,0.0,0.0,0.0,0.0,0.0,0.0,0.0,0.0,0.0,0.0,0.0,0.0,0.0,0.0,0.0,0.0,0.0,0.0,0.0,0.0,0.0,0.0,0.0,0.0,0.0,0.0,0.0,0.0,0.0,0.0,0.0,0.0,0.0,0.0,0.0,0.0,0.0,0.0,0.0,0.0,0.0,0.0,0.0,0.0,0.0,0.0,0.0,0.0,0.0,0.0,0.0,0.0,0.0,0.0,0.0,0.0,0.0,0.0,0.0,0.0,0.0,0.0,0.0,0.0,0.0,0.0,0.0,0.0,0.0,0.0,0.0,0.0,0.0,0.0,0.0,0.0,0.0,0.0,0.0,0.0,0.0,0.0,0.0,0.0,0.0,0.0,0.0,0.0,0.0,0.0,0.0,0.0,0.0,0.0,0.0,0.0,0.0,0.0,0.0,0.0,0.0,0.0,0.0,0.0,0.0,0.0,0.0,0.0,0.0,0.0,0.0,0.0,0.0,0.0,0.0,0.0,0.0,0.0,0.0,0.0,0.0,0.0,0.0,0.0,0.0,0.0,0.0,0.0,0.0,0.0,0.0,0.0,0.0,0.0,0.0,0.0,0.0,0.0,0.0,0.0,0.0,0.0,0.0,0.0,0.0,0.0,0.0,0.0,0.0,0.0,0.0,0.0,0.0,0.0,0.0,0.0,0.0,0.0,0.0,0.0,0.0,0.0,0.0,0.0,0.0,0.0,0.0,0.0,0.0,0.0,0.0,0.0,0.0,0.0,0.0,0.0,0.0,0.0,0.0,0.0,0.0,0.0,0.0,0.0,0.0,0.0,0.0,0.0,0.0,0.0,0.0,0.0,0.0,0.0,0.0,0.0,0.0,0.0,0.0,0.0,0.0,0.0,0.0,0.0,0.0,0.0,0.0,0.0,0.0,0.0,0.0,0.0,0.0,0.0,0.0,0.0,0.0,0.0,0.0,0.0,0.0,0.0,0.0,0.0,0.0,0.0,0.0,0.0,0.0,0.0,0.0,0.0,0.0,0.0,0.0,0.0,0.0,0.0,0.0,0.0,0.0,0.0,0.0,0.0,0.0,0.0,0.0,0.0,0.0,0.0,0.0,0.0,0.0,0.0,0.0,0.0,0.0,0.0,0.0,0.0,0.0,0.0,0.0,0.0,0.0,0.0,0.0,0.0,0.0,0.0,0.0,0.0,0.0,0.0,0.0,0.0,0.0,0.0,0.0,0.0,0.0,0.0,0.0,0.0,0.0,0.0,0.0,0.0,0.0,0.0,0.0,0.0,0.0,0.0,0.0,0.0,0.0,0.0,0.0,0.0,0.0,0.0,0.0,0.0,0.0,0.0,0.0,0.0,0.0,0.0,0.0,0.0,0.0,0.0,0.0,0.0,0.0,0.0,0.0,0.0,0.0,0.0,0.0,0.0,0.0,0.0,0.0,0.0,0.0,0.0,0.0,0.0,0.0,0.0,0.0,0.0,0.0,0.0,0.0,0.0,0.0,0.0,0.0,0.0,0.0,0.0,0.0,0.0,0.0,0.0,0.0,0.0,0.0,0.0,0.0,0.0,0.0,0.0,0.0,0.0,0.0,0.0,0.0,0.0,0.0,0.0,0.0,0.0,0.0,0.0,0.0,0.0,0.0,0.0,0.0,0.0,0.0,0.0,0.0,0.0,0.0,0.0,0.0,0.0,0.0,0.0,0.0,0.0,0.0,0.0,0.0,0.0,0.0,0.0,0.0,0.0,0.0,0.0,0.0,0.0,0.0,0.0,0.0,0.0,0.0,0.0,0.0,0.0,0.0,0.0,0.0,0.0,0.0,0.0,0.0,0.0,0.0,0.0,0.0,0.0,0.0,0.0,0.0,0.0,0.0,0.0,0.0,0.0,0.0,0.0,0.0,0.0,0.0,0.0,0.0,0.0,0.0,0.0,0.0,0.0,0.0,0.0,0.0,0.0,0.0,0.0,0.0,0.0,0.0,0.0,0.0,0.0,0.0,0.0,0.0,0.0,0.0,0.0,0.0,0.0,0.0,0.0,0.0,0.0,0.0,0.0,0.0,0.0,0.0,0.0,0.0,0.0,0.0,0.0,0.0,0.0,0.0,0.0,0.0,0.0,0.0,0.0,0.0,0.0,0.0,0.0,0.0,0.0,0.0,0.0,0.0,0.0,0.0,0.0,0.0,0.0,0.0,0.0,0.0,0.0,0.0,0.0,0.0,0.0,0.0,0.0,0.0,0.0,0.0,0.0,0.0,0.0,0.0,0.0,0.0,0.0,0.0,0.0,0.0,0.0,0.0,0.0,0.0,0.0,0.0,0.0,0.0,0.0,0.0,0.0,0.0,0.0,0.0,0.0,0.0,0.0,0.0,0.0,0.0,0.0,0.0,0.0,0.0,0.0,0.0,0.0,0.0,0.0,0.0,0.0,0.0,0.0,0.0,0.0,0.0,0.0,0.0,0.0,0.0,0.0,0.0,0.0,0.0,0.0,0.0,0.0,0.0,0.0,0.0,0.0,0.0,0.0,0.0,0.0,0.0,0.0,0.0,0.0,0.0,0.0,0.0,0.0,0.0,0.0,0.0,0.0,0.0,0.0,0.0,0.0,0.0,0.0,0.0,0.0,0.0,0.0,0.0,0.0,0.0,0.0,0.0,0.0,0.0,0.0,0.0,0.0,0.0,0.0,0.0,0.0,0.0,0.0,0.0,0.0,0.0,0.0,0.0,0.0,0.0,0.0,0.0,0.0,0.0,0.0,0.0,0.0,0.0,0.0,0.0,0.0,0.0,0.0,0.0,0.0,0.0,0.0,0.0,0.0,0.0,0.0,0.0,0.0,0.0,0.0,0.0,0.0,0.0,0.0,0.0,0.0,0.0,0.0,0.0,0.0,0.0,0.0,0.0,0.0,0.0,0.0,0.0,0.0,0.0,0.0,0.0,0.0,0.0,0.0,0.0,0.0,0.0,0.0,0.0,0.0,0.0,0.0,0.0,0.0,0.0,0.0,0.0,0.0,0.0,0.0,0.0,0.0,0.0,0.0,0.0,0.0,0.0,0.0,0.0,0.0,0.0,0.0,0.0,0.0,0.0,0.0,0.0,0.0,0.0,0.0,0.0,0.0,0.0,0.0,0.0,0.0,0.0,0.0,0.0,0.0,0.0,0.0,0.0,0.0,0.0,0.0,0.0,0.0,0.0,0.0,0.0,0.0,0.0,0.0,0.0,0.0,0.0,0.0,0.0,0.0,0.0,0.0,0.0,0.0,0.0,0.0,0.0,0.0,0.0,0.0,0.0,0.0,0.0,0.0,0.0,0.0,0.0,0.0,0.0,0.0,0.0,0.0,0.0,0.0,0.0,0.0,0.0,0.0,0.0,0.0,0.0,0.0,0.0,0.0,0.0,0.0,0.0,0.0,0.0,0.0,0.0,0.0,0.0,0.0,0.0,0.0,0.0,0.0,0.0,0.0,0.0,0.0,0.0,0.0,0.0,0.0,0.0,0.0,0.0,0.0,0.0,0.0,0.0,0.0,0.0,0.0,0.0,0.0,0.0,0.0,0.0,0.0,0.0,0.0,0.0,0.0,0.0,0.0,0.0,0.0,0.0,0.0,0.0,0.0,0.0,0.0,0.0,0.0,0.0,0.0,0.0,0.0,0.0,0.0,0.0,0.0,0.0,0.0,0.0,0.0,0.0,0.0,0.0,0.0,0.0,0.0,0.0,0.0,0.0,0.0,0.0,0.0,0.0,0.0,0.0,0.0,0.0,0.0,0.0,0.0,0.0,0.0,0.0,0.0,0.0,0.0,0.0,0.0,0.0,0.0,0.0,0.0,0.0,0.0,0.0,0.0,0.0,0.0,0.0,0.0,0.0,0.0,0.0,0.0,0.0,0.0,0.0,0.0,0.0,0.0,0.0,0.0,0.0,0.0,0.0,0.0,0.0,0.0,0.0,0.0,0.0,0.0,0.0,0.0,0.0,0.0,0.0,0.0,0.0,0.0,0.0,0.0,0.0,0.0,0.0,0.0,0.0,0.0,0.0,0.0,0.0,0.0,0.0,0.0,0.0,0.0,0.0,0.0,0.0,0.0,0.0,0.0,0.0,0.0,0.0,0.0,0.0,0.0,0.0,0.0,0.0,0.0,0.0,0.0,0.0,0.0,0.0,0.0,0.0,0.0,0.0,0.0,0.0,0.0,0.0,0.0,0.0,0.0,0.0,0.0,0.0,0.0,0.0,0.0,0.0,0.0,0.0,0.0,0.0,0.0,0.0,0.0,0.0,0.0,0.0,0.0,0.0,0.0,0.0,0.0,0.0,0.0,0.0,0.0,0.0,0.0,0.0,0.0,0.0,0.0,0.0,0.0,0.0,0.0,0.0,0.0,0.0,0.0,0.0,0.0,0.0,0.0,0.0,0.0,0.0,0.0,0.0,0.0,0.0,0.0,0.0,0.0,0.0,0.0,0.0,0.0,0.0,0.0,0.0,0.0,0.0,0.0,0.0,0.0,0.0,0.0,0.0,0.0,0.0,0.0,0.0,0.0,0.0,0.0,0.0,0.0,0.0,0.0,0.0,0.0,0.0,0.0,0.0,0.0,0.0,0.0,0.0,0.0,0.0,0.0,0.0,0.0,0.0,0.0,0.0,0.0,0.0,0.0,0.0,0.0,0.0,0.0,0.0,0.0,0.0,0.0,0.0,0.0,0.0,0.0,0.0,0.0,0.0,0.0,0.0,0.0,0.0,0.0,0.0,0.0,0.0,0.0,0.0,0.0,0.0,0.0,0.0,0.0,0.0,0.0,0.0,0.0,0.0,0.0,0.0,0.0,0.0,0.0,0.0,0.0,0.0,0.0,0.0,0.0,0.0,0.0,0.0,0.0,0.0,0.0,0.0,0.0,0.0,0.0,0.0,0.0,0.0,0.0,0.0,0.0,0.0,0.0,0.0,0.0,0.0,0.0,0.0,0.0,0.0,0.0,0.0,0.0,0.0,0.0,0.0,0.0,0.0,0.0,0.0,0.0,0.0,0.0,0.0,0.0,0.0,0.0,0.0,0.0,0.0,0.0,0.0,0.0,0.0,0.0,0.0,0.0,0.0,0.0,0.0,0.0,0.0,0.0,0.0,0.0,0.0,0.0,0.0,0.0,0.0,0.0,0.0,0.0,0.0,0.0,0.0,0.0,0.0,0.0,0.0,0.0,0.0,0.0,0.0,0.0,0.0,0.0,0.0,0.0,0.0,0.0,0.0,0.0,0.0,0.0,0.0,0.0,0.0,0.0,0.0,0.0,0.0,0.0,0.0,0.0,0.0,0.0,0.0,0.0,0.0,0.0,0.0,0.0,0.0,0.0,0.0,0.0,0.0,0.0,0.0,0.0,0.0,0.0,0.0,0.0,0.0,0.0,0.0,0.0,0.0,0.0,0.0,0.0,0.0,0.0,0.0,0.0,0.0,0.0,0.0,0.0,0.0,0.0,0.0,0.0,0.0,0.0,0.0,0.0,0.0,0.0,0.0,0.0,0.0,0.0,0.0,0.0,0.0,0.0,0.0,0.0,0.0,0.0,0.0,0.0,0.0,0.0,0.0,0.0,0.0,0.0,0.0,0.0,0.0,0.0,0.0,0.0,0.0,0.0,0.0,0.0,0.0,0.0,0.0,0.0,0.0,0.0,0.0,0.0,0.0,0.0,0.0,0.0,0.0,0.0,0.0,0.0,0.0,0.0,0.0,0.0,0.0,0.0,0.0,0.0,0.0,0.0,0.0,0.0,0.0,0.0,0.0,0.0,0.0,0.0,0.0,0.0,0.0,0.0,0.0,0.0,0.0,0.0,0.0,0.0,0.0,0.0,0.0,0.0,0.0,0.0,0.0,0.0,0.0,0.0,0.0,0.0,0.0,0.0,0.0,0.0,0.0,0.0,0.0,0.0,0.0,0.0,0.0,0.0,0.0,0.0,0.0,0.0,0.0,0.0,0.0,0.0,0.0,0.0,0.0,0.0,0.0,0.0,0.0,0.0,0.0,0.0,0.0,0.0,0.0,0.0,0.0,0.0,0.0,0.0,0.0,0.0,0.0,0.0,0.0,0.0,0.0,0.0,0.0,0.0,0.0,0.0,0.0,0.0,0.0,0.0,0.0,0.0,0.0,0.0,0.0,0.0,0.0,0.0,0.0,0.0,0.0,0.0,0.0,0.0,0.0,0.0,0.0,0.0,0.0,0.0,0.0,0.0,0.0,0.0,0.0,0.0,0.0,0.0,0.0,0.0,0.0,0.0,0.0,0.0,0.0,0.0,0.0,0.0,0.0,0.0,0.0,0.0,0.0,0.0,0.0,0.0,0.0,0.0,0.0,0.0,0.0,0.0,0.0,0.0,0.0,0.0,0.0,0.0,0.0,0.0,0.0,0.0,0.0,0.0,0.0,0.0,0.0,0.0,0.0,0.0,0.0,0.0,0.0,0.0,0.0,0.0,0.0,0.0,0.0,0.0,0.0,0.0,0.0,0.0,0.0,0.0,0.0,0.0,0.0,0.0,0.0,0.0,0.0,0.0,0.0,0.0,0.0,0.0,0.0,0.0,0.0,0.0,0.0,0.0,0.0,0.0,0.0,0.0,0.0,0.0,0.0,0.0,0.0,0.0,0.0,0.0,0.0,0.0,0.0,0.0,0.0,0.0,0.0,0.0,0.0,0.0,0.0,0.0,0.0,0.0,0.0,0.0,0.0,0.0,0.0,0.0,0.0,0.0,0.0,0.0,0.0,0.0,0.0,0.0,0.0,0.0,0.0,0.0,0.0,0.0,0.0,0.0,0.0,0.0,0.0,0.0,0.0,0.0,0.0,0.0,0.0,0.0,0.0,0.0,0.0,0.0,0.0,0.0,0.0,0.0,0.0,0.0,0.0,0.0,0.0,0.0,0.0,0.0,0.0,0.0,0.0,0.0,0.0,0.0,0.0,0.0,0.0,0.0,0.0,0.0,0.0,0.0,0.0,0.0,0.0,0.0,0.0,0.0,0.0,0.0,0.0,0.0,0.0,0.0,0.0,0.0,0.0,0.0,0.0,0.0,0.0,0.0,0.0,0.0,0.0,0.0,0.0,0.0,0.0,0.0,0.0,0.0,0.0,0.0,0.0,0.0,0.0,0.0,0.0,0.0,0.0,0.0,0.0,0.0,0.0,0.0,0.0,0.0,0.0,0.0,0.0,0.0,0.0,0.0,0.0,0.0,0.0,0.0,0.0,0.0,0.0,0.0,0.0,0.0,0.0,0.0,0.0,0.0,0.0,0.0,0.0,0.0,0.0,0.0,0.0,0.0,0.0,0.0,0.0,0.0,0.0,0.0,0.0,0.0,0.0,0.0,0.0,0.0,0.0,0.0,0.0,0.0,0.0,0.0,0.0,0.0,0.0,0.0,0.0,0.0,0.0,0.0,0.0,0.0,0.0,0.0,0.0,0.0,0.0,0.0,0.0,0.0,0.0,0.0,0.0,0.0,0.0,0.0,0.0,0.0,0.0,0.0,0.0,0.0,0.0,0.0,0.0,0.0,0.0,0.0,0.0,0.0,0.0,0.0,0.0,0.0,0.0,0.0,0.0,0.0,0.0,0.0,0.0,0.0,0.0,0.0,0.0,0.0,0.0,0.0,0.0,0.0,0.0,0.0,0.0,0.0,0.0,0.0,0.0,0.0,0.0,0.0,0.0,0.0,0.0,0.0,0.0,0.0,0.0,0.0,0.0,0.0,0.0,0.0,0.0,0.0,0.0,0.0,0.0,0.0,0.0,0.0,0.0,0.0,0.0
Tax14,0.0,-1.0087242,-0.84051514,-0.65056217,-0.45427668,-0.24509755,-0.03660389,0.17283067,0.38240677,0.59074587,0.79013103,0.9906025,1.1810421,1.3712941,1.5574172,1.7382343,1.9257357,2.094868,2.262476,2.3870587,2.5757382,2.75778,2.933112,3.0895052,3.273758,3.4191303,3.5607896,3.697383,3.8164873,3.959863,3.9854894,4.1075754,4.30262,4.49326,4.5892367,4.7132444,4.797527,4.8804016,4.8666444,4.912042,4.922947,4.951315,5.088331,5.2069507,5.2220335,5.3893538,5.5590396,5.4815025,5.449124,5.4009914,5.3971095,5.3014627,5.3420687,5.2049665,5.259554,5.1239004,5.0538635,4.895665,4.659097,4.408125,4.1204777,3.900927,3.721416,3.6017551,3.5922334,3.6161857,1.9583086,1.96788,3.7029486,3.7619798,3.872633,3.8699734,3.759485,2.1105185,3.85198,2.1379883,2.124115,2.1681557,2.213982,2.267464,2.2531471,2.2892365,2.3223073,2.3496914,2.3649054,2.4723318,4.289333,4.3307767,4.4341745,4.404561,4.6042876,4.586287,4.579304,4.493413,4.3557115,4.166008,4.107625,4.0503135,4.0341635,3.819533,3.802217,3.6926677,3.6491468,3.5255756,3.4926674,3.432904,3.379605,3.401913,3.3578382,3.2778685,3.24444,3.1818998,3.1550283,2.968977,2.9164786,1.314776,1.3258053,1.3082289,1.3045112,1.217975,1.21905,1.1213452,1.0241723,0.9372779,0.9173644,0.81060755,0.80423963,0.6168189,0.54987925,0.4450943,0.4021619,0.3288774,0.24410407,0.16586585,0.079994485,-0.0028114766,-0.092725314,-0.18580082,-0.26505995,-0.35101485,-0.42431685,-0.49614325,-0.5707247,-0.59168106,-0.63578594,-0.65171427,-0.66476405,-0.6986041,-0.7150905,-0.7344195,-0.7380453,-0.69240457,-0.62396455,-0.5511097,-0.49255854,-0.43433303,-0.39760977,-0.37440443,-0.3479459,-0.34090722,-0.33758748,-0.32644075,-0.33315274,-0.34350088,-0.33611488,-0.3439555,-0.33764076,-0.31880465,-0.32526088,-0.31486368,-0.30568445,-0.2930779,-0.29354432,-0.3039098,-0.27147144,-0.23800933,-0.25020564,-0.25051233,-0.246238,-0.23459168,-0.22995913,-0.22975805,-0.2600014,-0.29358155,-0.3055707,-0.30689594,-0.32426387,-0.32785517,-0.3111382,-0.31075007,-0.3180107,-0.3248804,-0.31474766,-0.30204412,-0.30470303,-0.30640724,-0.2994256,-0.2858426,-0.27464,-0.25563866,-0.247365,-0.24099232,-0.23332742,-0.23326056,-0.22701894,-0.20650794,-0.1986312,-0.1984613,-0.19097006,-0.17093025,-0.15319009,-0.14403841,-0.14303209,-0.13170938,-0.13068627,-0.1224253,-0.121649966,-0.11189941,-0.11119597,-0.10368095,-0.09569023,-0.07864585,-0.06462389,-0.06410374,-0.063585036,-0.06303009,-0.06243175,-0.054546535,-0.054026276,-0.0534599,-0.04460668,-0.044176232,-0.036685463,-0.03635934,-0.036019303,-0.035668448,-0.03530945,-0.034961212,-0.026580965,-0.026323292,-0.02606265,-0.025804259,-0.025562573,-0.02534327,-0.025103118,-0.015074491,-0.014928304,-0.01478233,-0.006937973,-0.006869334,-0.0067995386,-0.006732383,-0.0066670803,-0.0065999962,-0.0065324698,-0.006470182,-0.0064119445,-0.0063544456,-0.006296984,-0.0062425737,-0.006189511,-0.006126799,-0.006060288,-0.0059960526,-0.005936099,-0.00587251,-0.005813479,-0.005759714,-0.0057078395,-0.0056537203,-0.0055957115,-0.0055345106,-0.005478597,0.0,0.0,0.0,0.0,0.0,0.0,0.0,0.0,0.0,0.0,0.0,0.0,0.0,0.0,0.0,0.0,0.0,0.0,0.0,0.0,0.0,0.0,0.0,0.0,0.0,0.0,0.0,0.0,0.0,0.0,0.0,0.0,0.0,0.0,0.0,0.0,0.0,0.0,0.0,0.0,0.0,0.0,0.0,0.0,0.0,0.0,0.0,0.0,0.0,0.0,0.0,0.0,0.0,0.0,0.0,0.0,0.0,0.0,0.0,0.0,0.0,0.0,0.0,0.0,0.0,0.0,0.0,0.0,0.0,0.0,0.0,0.0,0.0,0.0,0.0,0.0,0.0,0.0,0.0,0.0,0.0,0.0,0.0,0.0,0.0,0.0,0.0,0.0,0.0,0.0,0.0,0.0,0.0,0.0,0.0,0.0,0.0,0.0,0.0,0.0,0.0,0.0,0.0,0.0,0.0,0.0,0.0,0.0,0.0,0.0,0.0,0.0,0.0,0.0,0.0,0.0,0.0,0.0,0.0,0.0,0.0,0.0,0.0,0.0,0.0,0.0,0.0,0.0,0.0,0.0,0.0,0.0,0.0,0.0,0.0,0.0,0.0,0.0,0.0,0.0,0.0,0.0,0.0,0.0,0.0,0.0,0.0,0.0,0.0,0.0,0.0,0.0,0.0,0.0,0.0,0.0,0.0,0.0,0.0,0.0,0.0,0.0,0.0,0.0,0.0,0.0,0.0,0.0,0.0,0.0,0.0,0.0,0.0,0.0,0.0,0.0,0.0,0.0,0.0,0.0,0.0,0.0,0.0,0.0,0.0,0.0,0.0,0.0,0.0,0.0,0.0,0.0,0.0,0.0,0.0,0.0,0.0,0.0,0.0,0.0,0.0,0.0,0.0,0.0,0.0,0.0,0.0,0.0,0.0,0.0,0.0,0.0,0.0,0.0,0.0,0.0,0.0,0.0,0.0,0.0,0.0,0.0,0.0,0.0,0.0,0.0,0.0,0.0,0.0,0.0,0.0,0.0,0.0,0.0,0.0,0.0,0.0,0.0,0.0,0.0,0.0,0.0,0.0,0.0,0.0,0.0,0.0,0.0,0.0,0.0,0.0,0.0,0.0,0.0,0.0,0.0,0.0,0.0,0.0,0.0,0.0,0.0,0.0,0.0,0.0,0.0,0.0,0.0,0.0,0.0,0.0,0.0,0.0,0.0,0.0,0.0,0.0,0.0,0.0,0.0,0.0,0.0,0.0,0.0,0.0,0.0,0.0,0.0,0.0,0.0,0.0,0.0,0.0,0.0,0.0,0.0,0.0,0.0,0.0,0.0,0.0,0.0,0.0,0.0,0.0,0.0,0.0,0.0,0.0,0.0,0.0,0.0,0.0,0.0,0.0,0.0,0.0,0.0,0.0,0.0,0.0,0.0,0.0,0.0,0.0,0.0,0.0,0.0,0.0,0.0,0.0,0.0,0.0,0.0,0.0,0.0,0.0,0.0,0.0,0.0,0.0,0.0,0.0,0.0,0.0,0.0,0.0,0.0,0.0,0.0,0.0,0.0,0.0,0.0,0.0,0.0,0.0,0.0,0.0,0.0,0.0,0.0,0.0,0.0,0.0,0.0,0.0,0.0,0.0,0.0,0.0,0.0,0.0,0.0,0.0,0.0,0.0,0.0,0.0,0.0,0.0,0.0,0.0,0.0,0.0,0.0,0.0,0.0,0.0,0.0,0.0,0.0,0.0,0.0,0.0,0.0,0.0,0.0,0.0,0.0,0.0,0.0,0.0,0.0,0.0,0.0,0.0,0.0,0.0,0.0,0.0,0.0,0.0,0.0,0.0,0.0,0.0,0.0,0.0,0.0,0.0,0.0,0.0,0.0,0.0,0.0,0.0,0.0,0.0,0.0,0.0,0.0,0.0,0.0,0.0,0.0,0.0,0.0,0.0,0.0,0.0,0.0,0.0,0.0,0.0,0.0,0.0,0.0,0.0,0.0,0.0,0.0,0.0,0.0,0.0,0.0,0.0,0.0,0.0,0.0,0.0,0.0,0.0,0.0,0.0,0.0,0.0,0.0,0.0,0.0,0.0,0.0,0.0,0.0,0.0,0.0,0.0,0.0,0.0,0.0,0.0,0.0,0.0,0.0,0.0,0.0,0.0,0.0,0.0,0.0,0.0,0.0,0.0,0.0,0.0,0.0,0.0,0.0,0.0,0.0,0.0,0.0,0.0,0.0,0.0,0.0,0.0,0.0,0.0,0.0,0.0,0.0,0.0,0.0,0.0,0.0,0.0,0.0,0.0,0.0,0.0,0.0,0.0,0.0,0.0,0.0,0.0,0.0,0.0,0.0,0.0,0.0,0.0,0.0,0.0,0.0,0.0,0.0,0.0,0.0,0.0,0.0,0.0,0.0,0.0,0.0,0.0,0.0,0.0,0.0,0.0,0.0,0.0,0.0,0.0,0.0,0.0,0.0,0.0,0.0,0.0,0.0,0.0,0.0,0.0,0.0,0.0,0.0,0.0,0.0,0.0,0.0,0.0,0.0,0.0,0.0,0.0,0.0,0.0,0.0,0.0,0.0,0.0,0.0,0.0,0.0,0.0,0.0,0.0,0.0,0.0,0.0,0.0,0.0,0.0,0.0,0.0,0.0,0.0,0.0,0.0,0.0,0.0,0.0,0.0,0.0,0.0,0.0,0.0,0.0,0.0,0.0,0.0,0.0,0.0,0.0,0.0,0.0,0.0,0.0,0.0,0.0,0.0,0.0,0.0,0.0,0.0,0.0,0.0,0.0,0.0,0.0,0.0,0.0,0.0,0.0,0.0,0.0,0.0,0.0,0.0,0.0,0.0,0.0,0.0,0.0,0.0,0.0,0.0,0.0,0.0,0.0,0.0,0.0,0.0,0.0,0.0,0.0,0.0,0.0,0.0,0.0,0.0,0.0,0.0,0.0,0.0,0.0,0.0,0.0,0.0,0.0,0.0,0.0,0.0,0.0,0.0,0.0,0.0,0.0,0.0,0.0,0.0,0.0,0.0,0.0,0.0,0.0,0.0,0.0,0.0,0.0,0.0,0.0,0.0,0.0,0.0,0.0,0.0,0.0,0.0,0.0,0.0,0.0,0.0,0.0,0.0,0.0,0.0,0.0,0.0,0.0,0.0,0.0,0.0,0.0,0.0,0.0,0.0,0.0,0.0,0.0,0.0,0.0,0.0,0.0,0.0,0.0,0.0,0.0,0.0,0.0,0.0,0.0,0.0,0.0,0.0,0.0,0.0,0.0,0.0,0.0,0.0,0.0,0.0,0.0,0.0,0.0,0.0,0.0,0.0,0.0,0.0,0.0,0.0,0.0,0.0,0.0,0.0,0.0,0.0,0.0,0.0,0.0,0.0,0.0,0.0,0.0,0.0,0.0,0.0,0.0,0.0,0.0,0.0,0.0,0.0,0.0,0.0,0.0,0.0,0.0,0.0,0.0,0.0,0.0,0.0,0.0,0.0,0.0,0.0,0.0,0.0,0.0,0.0,0.0,0.0,0.0,0.0,0.0,0.0,0.0,0.0,0.0,0.0,0.0,0.0,0.0,0.0,0.0,0.0,0.0,0.0,0.0,0.0,0.0,0.0,0.0,0.0,0.0,0.0,0.0,0.0,0.0,0.0,0.0,0.0,0.0,0.0,0.0,0.0,0.0,0.0,0.0,0.0,0.0,0.0,0.0,0.0,0.0,0.0,0.0,0.0,0.0,0.0,0.0,0.0,0.0,0.0,0.0,0.0,0.0,0.0,0.0,0.0,0.0,0.0,0.0,0.0,0.0,0.0,0.0,0.0,0.0,0.0,0.0,0.0,0.0,0.0,0.0,0.0,0.0,0.0,0.0,0.0,0.0,0.0,0.0,0.0,0.0,0.0,0.0,0.0,0.0,0.0,0.0,0.0,0.0,0.0,0.0,0.0,0.0,0.0,0.0,0.0,0.0,0.0,0.0,0.0,0.0,0.0,0.0,0.0,0.0,0.0,0.0,0.0,0.0,0.0,0.0,0.0,0.0,0.0,0.0,0.0,0.0,0.0,0.0,0.0,0.0,0.0,0.0,0.0,0.0,0.0,0.0,0.0,0.0,0.0,0.0,0.0,0.0,0.0,0.0,0.0,0.0,0.0,0.0,0.0,0.0,0.0,0.0,0.0,0.0,0.0,0.0,0.0,0.0,0.0,0.0,0.0,0.0,0.0,0.0,0.0,0.0,0.0,0.0,0.0,0.0,0.0,0.0,0.0,0.0,0.0,0.0,0.0,0.0,0.0,0.0,0.0,0.0,0.0,0.0,0.0,0.0,0.0,0.0,0.0,0.0,0.0,0.0,0.0,0.0,0.0,0.0,0.0,0.0,0.0,0.0,0.0,0.0,0.0,0.0,0.0,0.0,0.0,0.0,0.0,0.0,0.0,0.0,0.0,0.0,0.0,0.0,0.0,0.0,0.0,0.0,0.0,0.0,0.0,0.0,0.0,0.0,0.0,0.0,0.0,0.0,0.0,0.0,0.0,0.0,0.0,0.0,0.0,0.0,0.0,0.0,0.0,0.0,0.0,0.0,0.0,0.0,0.0,0.0,0.0,0.0,0.0,0.0,0.0,0.0,0.0,0.0,0.0,0.0,0.0,0.0,0.0,0.0,0.0,0.0,0.0,0.0,0.0,0.0,0.0,0.0,0.0,0.0,0.0,0.0,0.0,0.0,0.0,0.0,0.0,0.0,0.0,0.0,0.0,0.0,0.0,0.0,0.0,0.0,0.0,0.0,0.0,0.0,0.0,0.0,0.0,0.0,0.0,0.0,0.0,0.0,0.0,0.0,0.0,0.0,0.0,0.0,0.0,0.0,0.0,0.0,0.0,0.0,0.0,0.0,0.0,0.0,0.0,0.0,0.0,0.0,0.0,0.0,0.0,0.0,0.0,0.0,0.0,0.0,0.0,0.0,0.0,0.0,0.0,0.0,0.0,0.0,0.0,0.0,0.0,0.0,0.0,0.0,0.0,0.0,0.0,0.0,0.0,0.0,0.0,0.0,0.0,0.0,0.0,0.0,0.0,0.0,0.0,0.0,0.0,0.0,0.0,0.0,0.0,0.0,0.0,0.0,0.0,0.0,0.0,0.0,0.0,0.0,0.0,0.0,0.0,0.0,0.0,0.0,0.0,0.0,0.0,0.0,0.0,0.0,0.0,0.0,0.0,0.0,0.0,0.0,0.0,0.0,0.0,0.0,0.0,0.0,0.0,0.0,0.0,0.0,0.0,0.0,0.0,0.0,0.0,0.0,0.0,0.0,0.0,0.0,0.0,0.0,0.0,0.0,0.0,0.0,0.0,0.0,0.0,0.0,0.0,0.0,0.0,0.0,0.0,0.0,0.0,0.0,0.0,0.0,0.0,0.0,0.0,0.0,0.0,0.0,0.0,0.0,0.0,0.0,0.0,0.0,0.0,0.0,0.0,0.0,0.0,0.0,0.0,0.0,0.0,0.0,0.0,0.0,0.0,0.0,0.0,0.0,0.0,0.0,0.0,0.0,0.0,0.0,0.0,0.0,0.0,0.0,0.0,0.0,0.0,0.0,0.0,0.0,0.0,0.0,0.0,0.0,0.0,0.0,0.0,0.0,0.0,0.0,0.0,0.0,0.0,0.0,0.0,0.0,0.0,0.0,0.0,0.0,0.0,0.0,0.0,0.0,0.0,0.0,0.0,0.0,0.0,0.0,0.0,0.0,0.0,0.0,0.0,0.0,0.0,0.0,0.0,0.0,0.0,0.0,0.0,0.0,0.0,0.0,0.0,0.0,0.0,0.0,0.0,0.0,0.0,0.0,0.0,0.0,0.0,0.0,0.0,0.0,0.0,0.0,0.0,0.0,0.0,0.0,0.0,0.0,0.0,0.0,0.0,0.0,0.0,0.0,0.0,0.0,0.0,0.0,0.0,0.0,0.0,0.0,0.0,0.0,0.0,0.0,0.0,0.0,0.0,0.0,0.0,0.0,0.0,0.0,0.0,0.0,0.0,0.0,0.0,0.0,0.0,0.0,0.0,0.0,0.0,0.0,0.0,0.0,0.0,0.0,0.0,0.0,0.0,0.0,0.0,0.0,0.0,0.0,0.0,0.0,0.0,0.0,0.0,0.0,0.0,0.0,0.0,0.0,0.0,0.0,0.0,0.0,0.0,0.0,0.0,0.0,0.0,0.0,0.0,0.0,0.0,0.0,0.0,0.0,0.0,0.0,0.0,0.0,0.0,0.0,0.0,0.0,0.0,0.0,0.0,0.0,0.0,0.0,0.0,0.0,0.0,0.0,0.0,0.0,0.0,0.0,0.0,0.0,0.0,0.0,0.0,0.0,0.0,0.0,0.0,0.0,0.0,0.0,0.0,0.0,0.0,0.0,0.0,0.0,0.0,0.0,0.0,0.0,0.0,0.0,0.0,0.0,0.0,0.0,0.0,0.0,0.0,0.0,0.0,0.0,0.0,0.0,0.0,0.0,0.0,0.0,0.0,0.0,0.0,0.0,0.0,0.0,0.0,0.0,0.0,0.0,0.0,0.0,0.0,0.0,0.0,0.0,0.0,0.0,0.0,0.0,0.0,0.0,0.0,0.0,0.0,0.0,0.0,0.0,0.0,0.0,0.0,0.0,0.0,0.0,0.0,0.0,0.0,0.0,0.0,0.0,0.0,0.0,0.0,0.0,0.0,0.0,0.0,0.0,0.0,0.0,0.0,0.0,0.0,0.0,0.0,0.0,0.0,0.0,0.0,0.0,0.0,0.0,0.0,0.0,0.0,0.0,0.0,0.0,0.0,0.0,0.0,0.0,0.0,0.0,0.0,0.0,0.0,0.0,0.0,0.0,0.0,0.0,0.0,0.0,0.0,0.0,0.0,0.0,0.0,0.0,0.0,0.0,0.0,0.0,0.0,0.0,0.0,0.0,0.0,0.0,0.0,0.0,0.0,0.0,0.0,0.0,0.0,0.0,0.0,0.0,0.0,0.0,0.0,0.0,0.0,0.0,0.0,0.0,0.0,0.0,0.0,0.0,0.0,0.0,0.0,0.0,0.0,0.0,0.0,0.0,0.0,0.0,0.0,0.0,0.0,0.0,0.0,0.0,0.0,0.0,0.0,0.0,0.0,0.0,0.0,0.0,0.0,0.0,0.0,0.0,0.0,0.0,0.0,0.0,0.0,0.0,0.0,0.0,0.0,0.0,0.0,0.0,0.0,0.0,0.0,0.0,0.0,0.0,0.0,0.0,0.0,0.0,0.0,0.0,0.0,0.0,0.0,0.0,0.0,0.0,0.0,0.0,0.0,0.0,0.0,0.0,0.0,0.0,0.0,0.0,0.0,0.0,0.0,0.0,0.0,0.0,0.0,0.0,0.0,0.0,0.0,0.0,0.0,0.0,0.0,0.0,0.0,0.0,0.0,0.0,0.0,0.0,0.0,0.0,0.0,0.0,0.0,0.0,0.0,0.0,0.0,0.0,0.0,0.0,0.0,0.0,0.0,0.0,0.0,0.0,0.0,0.0,0.0,0.0,0.0,0.0,0.0,0.0,0.0,0.0,0.0,0.0,0.0,0.0,0.0,0.0,0.0,0.0,0.0,0.0,0.0,0.0,0.0,0.0,0.0,0.0,0.0,0.0,0.0,0.0,0.0,0.0,0.0,0.0,0.0,0.0,0.0,0.0,0.0,0.0,0.0,0.0,0.0,0.0,0.0,0.0,0.0,0.0,0.0,0.0,0.0,0.0,0.0,0.0,0.0,0.0,0.0,0.0,0.0,0.0,0.0,0.0,0.0,0.0,0.0,0.0,0.0,0.0,0.0,0.0,0.0,0.0,0.0,0.0,0.0,0.0,0.0,0.0,0.0,0.0,0.0,0.0,0.0,0.0,0.0,0.0,0.0,0.0,0.0,0.0,0.0,0.0,0.0,0.0,0.0,0.0,0.0,0.0,0.0,0.0,0.0,0.0,0.0,0.0,0.0,0.0,0.0,0.0,0.0,0.0,0.0,0.0,0.0,0.0,0.0,0.0,0.0,0.0,0.0,0.0,0.0,0.0,0.0,0.0,0.0,0.0,0.0,0.0,0.0,0.0,0.0,0.0,0.0,0.0,0.0,0.0,0.0,0.0,0.0,0.0,0.0,0.0,0.0,0.0,0.0,0.0,0.0,0.0,0.0,0.0,0.0,0.0,0.0,0.0,0.0,0.0,0.0,0.0,0.0,0.0,0.0,0.0,0.0,0.0,0.0,0.0,0.0,0.0,0.0,0.0,0.0,0.0,0.0,0.0,0.0,0.0,0.0,0.0,0.0,0.0,0.0,0.0,0.0,0.0,0.0,0.0,0.0,0.0,0.0,0.0,0.0,0.0,0.0,0.0,0.0,0.0,0.0,0.0,0.0,0.0,0.0,0.0,0.0,0.0,0.0,0.0,0.0,0.0,0.0,0.0,0.0,0.0,0.0,0.0,0.0,0.0,0.0,0.0,0.0,0.0,0.0,0.0,0.0,0.0,0.0,0.0,0.0,0.0,0.0,0.0,0.0,0.0,0.0,0.0,0.0,0.0,0.0,0.0,0.0,0.0,0.0,0.0,0.0,0.0,0.0,0.0,0.0,0.0,0.0,0.0,0.0,0.0,0.0,0.0,0.0,0.0,0.0,0.0,0.0,0.0,0.0,0.0,0.0,0.0,0.0,0.0,0.0,0.0,0.0,0.0,0.0,0.0,0.0,0.0,0.0,0.0,0.0,0.0,0.0,0.0,0.0,0.0,0.0,0.0,0.0,0.0,0.0,0.0,0.0,0.0,0.0,0.0,0.0,0.0,0.0,0.0,0.0,0.0,0.0,0.0,0.0,0.0,0.0,0.0,0.0,0.0,0.0,0.0,0.0,0.0,0.0,0.0,0.0,0.0,0.0,0.0,0.0,0.0,0.0,0.0,0.0,0.0,0.0,0.0,0.0,0.0,0.0,0.0,0.0,0.0,0.0,0.0,0.0,0.0,0.0,0.0,0.0,0.0,0.0,0.0,0.0,0.0,0.0,0.0,0.0,0.0,0.0,0.0,0.0,0.0,0.0,0.0,0.0,0.0,0.0,0.0,0.0,0.0,0.0,0.0,0.0,0.0,0.0,0.0,0.0,0.0,0.0,0.0,0.0,0.0,0.0,0.0,0.0,0.0,0.0,0.0,0.0,0.0,0.0,0.0,0.0,0.0,0.0,0.0,0.0,0.0,0.0,0.0,0.0,0.0,0.0,0.0,0.0,0.0,0.0,0.0,0.0,0.0,0.0,0.0,0.0,0.0,0.0,0.0,0.0,0.0,0.0,0.0,0.0,0.0,0.0,0.0,0.0,0.0,0.0,0.0,0.0,0.0,0.0,0.0,0.0,0.0,0.0,0.0,0.0,0.0,0.0,0.0,0.0,0.0,0.0,0.0,0.0,0.0,0.0,0.0,0.0,0.0,0.0,0.0,0.0,0.0,0.0,0.0,0.0,0.0,0.0,0.0,0.0,0.0,0.0,0.0,0.0,0.0,0.0,0.0,0.0,0.0,0.0,0.0,0.0,0.0,0.0,0.0,0.0,0.0,0.0,0.0,0.0,0.0,0.0,0.0,0.0,0.0,0.0,0.0,0.0,0.0,0.0,0.0,0.0,0.0,0.0,0.0,0.0,0.0,0.0,0.0,0.0,0.0,0.0,0.0,0.0,0.0,0.0,0.0,0.0,0.0,0.0,0.0,0.0,0.0,0.0,0.0,0.0,0.0,0.0,0.0,0.0,0.0,0.0,0.0,0.0,0.0,0.0,0.0,0.0,0.0,0.0,0.0,0.0,0.0,0.0,0.0,0.0,0.0,0.0,0.0,0.0,0.0,0.0,0.0,0.0,0.0,0.0,0.0,0.0,0.0,0.0,0.0,0.0,0.0,0.0,0.0,0.0,0.0,0.0,0.0,0.0,0.0,0.0,0.0,0.0,0.0,0.0,0.0,0.0,0.0,0.0,0.0,0.0,0.0,0.0,0.0,0.0,0.0,0.0,0.0,0.0,0.0,0.0,0.0,0.0,0.0,0.0,0.0,0.0,0.0,0.0,0.0,0.0,0.0,0.0,0.0,0.0,0.0,0.0,0.0,0.0,0.0,0.0,0.0,0.0,0.0,0.0,0.0,0.0,0.0,0.0,0.0,0.0,0.0,0.0,0.0,0.0,0.0,0.0,0.0,0.0,0.0,0.0,0.0,0.0,0.0,0.0,0.0,0.0,0.0,0.0,0.0,0.0,0.0,0.0,0.0,0.0,0.0,0.0,0.0,0.0,0.0,0.0,0.0,0.0,0.0,0.0,0.0,0.0,0.0,0.0,0.0,0.0,0.0,0.0,0.0,0.0,0.0,0.0,0.0,0.0,0.0,0.0,0.0,0.0,0.0,0.0,0.0,0.0,0.0,0.0,0.0,0.0,0.0,0.0,0.0,0.0,0.0,0.0,0.0,0.0,0.0,0.0,0.0,0.0,0.0,0.0,0.0,0.0,0.0,0.0,0.0,0.0,0.0,0.0,0.0,0.0,0.0,0.0,0.0,0.0,0.0,0.0,0.0,0.0,0.0,0.0,0.0,0.0,0.0,0.0,0.0,0.0,0.0,0.0,0.0,0.0,0.0,0.0,0.0,0.0,0.0,0.0,0.0,0.0,0.0,0.0,0.0,0.0,0.0,0.0,0.0,0.0,0.0,0.0,0.0,0.0,0.0,0.0,0.0,0.0,0.0,0.0,0.0,0.0,0.0,0.0,0.0,0.0,0.0,0.0,0.0,0.0,0.0,0.0,0.0,0.0,0.0,0.0,0.0,0.0,0.0,0.0,0.0,0.0,0.0,0.0,0.0,0.0,0.0,0.0,0.0,0.0,0.0,0.0,0.0,0.0,0.0,0.0,0.0,0.0,0.0,0.0,0.0,0.0,0.0,0.0,0.0,0.0,0.0,0.0,0.0,0.0,0.0,0.0,0.0,0.0,0.0,0.0,0.0,0.0,0.0,0.0,0.0,0.0,0.0,0.0,0.0,0.0,0.0,0.0,0.0,0.0,0.0,0.0,0.0,0.0,0.0,0.0,0.0,0.0,0.0,0.0,0.0,0.0,0.0,0.0,0.0,0.0,0.0,0.0,0.0,0.0,0.0,0.0,0.0,0.0,0.0,0.0,0.0,0.0,0.0,0.0,0.0,0.0,0.0,0.0,0.0,0.0,0.0,0.0,0.0,0.0,0.0,0.0,0.0,0.0,0.0,0.0,0.0,0.0,0.0,0.0,0.0,0.0,0.0,0.0,0.0,0.0,0.0,0.0,0.0,0.0,0.0,0.0,0.0,0.0,0.0,0.0,0.0,0.0,0.0,0.0,0.0,0.0,0.0,0.0,0.0,0.0,0.0,0.0,0.0,0.0,0.0,0.0,0.0,0.0,0.0,0.0,0.0,0.0,0.0,0.0,0.0,0.0,0.0,0.0,0.0,0.0,0.0,0.0,0.0,0.0,0.0,0.0,0.0,0.0,0.0,0.0,0.0,0.0,0.0,0.0,0.0,0.0,0.0,0.0,0.0,0.0,0.0,0.0,0.0,0.0,0.0,0.0,0.0,0.0,0.0,0.0,0.0,0.0,0.0,0.0,0.0,0.0,0.0,0.0,0.0,0.0,0.0,0.0,0.0,0.0,0.0,0.0,0.0,0.0,0.0,0.0,0.0
Tax15,0.0,-0.9662685,-0.84768,-0.7062659,-0.5499839,-0.38448706,-0.21381722,-0.037948824,0.13415056,0.30369762,0.47044662,0.6334321,0.7917258,0.9450401,1.0925349,1.2328031,1.3657991,1.4903412,1.6060882,1.7196417,1.8300827,1.9501227,2.030644,2.1501572,2.2683952,2.3736928,2.4817328,2.5813267,2.676923,2.7478034,2.8415554,2.9613752,3.1393726,3.2916932,3.4233084,3.4157495,3.5391154,3.5602984,3.5509112,3.5909317,3.623018,3.6790226,3.7621286,4.0110965,4.039348,4.2669077,4.4146023,4.4148593,4.499024,4.5591016,4.611331,4.666996,4.679132,4.64229,4.627563,4.524637,4.479317,4.577269,4.412397,4.2461,3.9996002,3.787653,3.6909916,3.5564704,3.6087856,3.7173762,0.33536527,0.39490324,4.0522985,4.157385,4.2691455,4.3251724,4.3458223,0.52396333,4.5590024,0.5689895,0.60259765,0.7015414,0.7317157,0.7471337,0.7818281,0.817499,0.84087384,0.8589301,0.9033916,1.0414479,5.858187,5.849624,6.0478735,6.204273,6.3590264,6.362258,6.520524,6.5482063,6.5074606,6.432322,6.358553,6.2879825,6.3657975,6.309912,6.27681,6.174582,6.2019763,6.2143426,6.229931,6.0975637,6.0407734,6.07999,6.108354,6.110444,6.0962157,6.1341715,6.0565515,5.9730225,5.827176,0.24624294,0.24852063,0.2382658,0.23074302,0.14215006,0.084197864,0.023149211,-0.028120311,-0.073032685,-0.14364173,-0.19756778,-0.26113972,-0.42780858,-0.54293936,-0.6487487,-0.7455838,-0.8459819,-0.9392419,-1.0119696,-1.1318029,-1.2343185,-1.3326726,-1.4399865,-1.5440717,-1.6472844,-1.7544237,-1.8532869,-1.9428027,-2.0125525,-2.0767434,-2.114698,-2.1504545,-2.2032506,-2.234971,-2.2664373,-2.252791,-2.2233899,-2.1311626,-2.0329425,-1.9622273,-1.8590124,-1.7746094,-1.708371,-1.6665206,-1.6395792,-1.6124597,-1.5925272,-1.6012911,-1.6058793,-1.581954,-1.5778921,-1.5471678,-1.5078313,-1.5041089,-1.4718933,-1.4471968,-1.4135017,-1.386147,-1.3787953,-1.3009409,-1.2534405,-1.2586833,-1.2634155,-1.2387218,-1.1835939,-1.1510589,-1.1560267,-1.2555876,-1.3669297,-1.431986,-1.4726579,-1.5166448,-1.5521418,-1.557043,-1.5868974,-1.5961729,-1.6126723,-1.6083059,-1.6137228,-1.6213409,-1.6150926,-1.607189,-1.5851232,-1.5526223,-1.5255003,-1.4941236,-1.4925175,-1.480207,-1.442214,-1.4356834,-1.3819377,-1.3592601,-1.3373859,-1.3239014,-1.29584,-1.2624099,-1.2157929,-1.1595372,-1.1426367,-1.0966479,-1.0628266,-1.0146554,-0.9916985,-0.97035706,-0.9468395,-0.9197682,-0.90455174,-0.86918354,-0.8236377,-0.80422354,-0.78721076,-0.7682016,-0.7473308,-0.71463215,-0.6884405,-0.6695226,-0.6425812,-0.6224545,-0.60213244,-0.5780193,-0.57338953,-0.56267744,-0.5517143,-0.54728764,-0.52707976,-0.5057312,-0.4819567,-0.4712355,-0.4578702,-0.4437648,-0.4336483,-0.4260382,-0.41416842,-0.37309638,-0.370097,-0.3562326,-0.34925565,-0.34645084,-0.32341066,-0.30828717,-0.30079988,-0.29837295,-0.28626928,-0.2756677,-0.26504338,-0.26288974,-0.2574318,-0.2409176,-0.21470086,-0.20915736,-0.20423892,-0.19829994,-0.19247903,-0.17324048,-0.16846336,-0.16070674,-0.1561364,-0.14622855,-0.14505303,-0.13647082,-0.13024071,-0.12463503,-0.123633586,-0.1226387,-0.12165122,-0.11216865,-0.103414506,-0.10257848,-0.10174694,-0.10091884,-0.10008998,-0.09026523,-0.089512445,-0.08876863,-0.07254843,-0.0719479,-0.07135856,-0.066837214,-0.06629778,-0.06572804,-0.0651038,-0.064399816,-0.063552454,-0.059322625,-0.0582112,-0.05710603,-0.056056146,-0.0547266,-0.053223275,-0.051603027,-0.049872786,-0.045425154,-0.043538574,-0.04146041,-0.038770933,-0.03372859,-0.030414402,-0.025519915,-0.021916362,-0.017852813,-0.012598314,-0.006902765,-0.001573002,0.0046185874,0.010483203,0.01685176,0.02848227,0.047778297,0.069952615,0.09002144,0.09606889,0.0976055,0.09971755,0.103073895,0.105458125,0.11113404,0.117544144,0.12198359,0.13366677,0.14331274,0.15430908,0.16724229,0.18139485,0.52808493,0.5825925,0.6359045,0.6991327,0.7540245,0.81177264,0.8563465,0.88556254,0.8822793,0.8505994,0.80163586,0.7562151,0.674742,0.5420123,0.35652885,0.20235148,0.06595384,-0.005735785,-0.036262624,-0.048664477,-0.053804945,-0.050423894,-0.048937272,-0.047401253,-0.04783923,-0.047728553,-0.041091543,-0.037525903,-0.039928447,-0.03568963,-0.03102237,-0.02616725,-0.021266881,-0.01640707,-0.011639165,-0.0069889976,-0.002478182,0.0018824483,0.006088431,0.010136045,0.014033746,0.017779049,0.021383164,0.02485247,0.028189901,0.03141049,0.03453201,0.03757199,0.0405379,0.043436844,0.046152975,0.048540864,0.05072279,0.052880526,0.054977,0.056740988,0.058301847,0.059956208,0.0675215,0.07495206,0.07756032,0.08041631,0.081883736,0.086034566,0.08668009,0.086398445,0.08802204,0.090433516,0.09249283,0.09044323,0.097311094,0.10000473,0.10548814,0.114891216,0.10276987,0.119122826,0.12709032,0.12085917,0.12822582,0.12324348,0.12457941,0.11994965,0.114730105,0.10660965,0.10473218,0.099484496,0.09642179,0.093939856,0.079190455,0.086890854,0.07415757,0.07758174,0.080354966,-0.0045718034,-0.0029570227,0.09650038,0.100908205,0.10210061,0.101616465,0.101257004,-0.0024886425,0.09568493,-9.434472e-05,-0.00086606864,0.0035856776,0.0022652058,0.0031924318,0.006282339,0.00596577,0.008585862,0.011953588,0.014940772,0.014114914,0.14963263,0.15985897,0.15697946,0.17663907,0.18526638,0.18767,0.15460433,0.16430902,0.15762323,0.1670863,0.16448018,0.17278628,0.1626483,0.15991122,0.1538454,0.15815575,0.1461937,0.15988325,0.15371126,0.15825312,0.1577752,0.16401024,0.16804385,0.18666649,0.16583964,0.18417862,0.19104998,0.1650736,0.14747241,0.00089880987,0.003917625,0.012548637,0.008145487,0.0029997544,0.003894763,0.006091103,0.0070088366,0.008176006,0.010615053,0.007547633,0.0059549194,0.0047002067,0.00026360317,-0.00084588653,-0.007270401,-0.012273062,-0.01702185,-0.016207246,-0.019946663,-0.028400877,-0.02756991,-0.02730387,-0.034331087,-0.039905112,-0.043664236,-0.05017962,-0.054275148,-0.057274405,-0.059903383,-0.060580242,-0.062371135,-0.064725816,-0.06714751,-0.069489166,-0.07102877,-0.07121367,-0.068723515,-0.06543799,-0.062456436,-0.059347793,-0.05626231,-0.05360349,-0.051687017,-0.050047684,-0.048813395,-0.04803684,-0.04849866,-0.049222283,-0.049664266,-0.04998521,-0.049677864,-0.048190452,-0.048030403,-0.047389224,-0.046224672,-0.04490732,-0.04417283,-0.044587176,-0.040877253,-0.03837616,-0.03901287,-0.039384276,-0.03828943,-0.0354718,-0.032965798,-0.033468388,-0.039535157,-0.04652732,-0.0513722,-0.054933786,-0.058270246,-0.06100904,-0.06271574,-0.064666614,-0.06634587,-0.06787652,-0.068791285,-0.06934552,-0.069986634,-0.06270747,-0.06322151,-0.06360091,-0.063708186,-0.063772656,-0.06392654,-0.063957766,-0.06382581,-0.063693546,-0.053042933,-0.053060595,-0.052918177,-0.05270824,-0.052463926,-0.052215584,-0.051928777,-0.05161208,-0.04132642,-0.041010585,-0.04071032,-0.040423784,-0.04013401,-0.039839357,-0.039546993,-0.03924564,-0.038943224,-0.038638227,-0.038337123,-0.03803788,-0.029718466,-0.0294834,-0.02924867,-0.029016323,-0.028784975,-0.02855456,-0.028324109,-0.028097946,-0.02787465,-0.027651895,-0.027430583,-0.027210873,-0.02699277,-0.026776312,-0.02656145,-0.01874303,-0.018592685,-0.013108588,-0.01300366,-0.012899333,-0.012795781,-0.012693083,-0.012591094,-0.012489862,-0.01238943,-0.012289798,-0.01219109,-0.012093149,-0.011995996,-0.011899766,-0.011804262,-0.01170923,-0.011614675,-0.01152068,-0.011427426,-0.011334596,-0.011242295,-0.011152113,-0.011063171,-0.010974556,-0.010886146,-0.01079883,-0.010711809,-0.010625225,-0.010539224,-0.010454177,-0.0103702,-0.010287199,-0.010204333,-0.010122252,-0.010040836,-0.009960071,-0.00987999,-0.009800557,-0.009721625,-0.0041796705,-0.004145947,-0.0041125235,-0.004079223,-0.004046086,-0.004013066,-0.003979968,-0.0039469297,-0.003913791,-0.0038810673,-0.0038482319,-0.0038161986,-0.003784816,-0.0037543424,-0.0037239918,-0.0036916132,-0.0036556204,-0.0036143507,-0.0035636206,-0.0035010315,-0.0034288957,-0.0033571478,-0.003289198,-0.0032018414,-0.0031024232,-0.0029949178,-0.0028798399,-0.0027519155,-0.0026189964,-0.002472285,-0.0022812183,-0.0020723569,-0.0018217282,-0.0015590398,-0.0012726701,-0.0009503227,-0.0006020641,-0.00017733662,0.00031233602,0.00087836955,0.0014073489,0.002075854,0.0031923002,0.005041689,0.0071291304,0.008948188,0.00935333,0.009298676,0.00927771,0.009346832,0.009300453,0.009517531,0.009755241,0.009780446,0.0103515675,0.010670954,0.011010893,0.011399813,0.011762325,0.03415857,0.035345104,0.035697725,0.035862908,0.034808446,0.033426747,0.031016706,0.028460838,0.025051353,0.021689873,0.018239792,0.014976764,0.011655115,0.011395827,0.008647979,0.0023095924,0.0062648114,0.005913942,0.005872326,0.0056722984,0.0063521843,0.0064355433,0.0063683,0.006282108,0.0060887,0.0060325963,0.0062675276,0.001948101,-0.01597138,-0.014727192,-0.013321406,-0.01183744,-0.010326533,-0.008819666,-0.007337978,-0.005893206,-0.0044931453,-0.003144356,-0.0018482336,-0.0006069499,0.0005825064,0.0017186841,0.002800372,0.0038246852,0.004792094,0.005705871,0.006570859,0.007386811,0.008153064,0.008881677,0.009564662,0.010210285,0.010818355,0.011393837,0.011951808,0.012483677,0.012982889,0.013454974,0.013862453,0.014877491,0.015415168,0.015881943,0.016166069,0.016563382,0.016881373,0.016383406,0.016458977,0.016709544,0.016789313,0.019286396,0.018992523,0.019089859,0.02199912,0.022712154,0.022088073,0.02162031,0.021448769,0.02096188,0.020190418,0.020152602,0.019525029,0.01933522,0.01817068,0.017101618,0.016514346,0.014774919,0.012217732,0.010985904,0.009539915,0.008349069,0.007469789,0.0076339943,0.007888697,-0.008807607,-0.008501504,0.009450618,0.010776466,0.01188982,0.012619277,0.012823526,-0.006853831,0.014179704,-0.006389442,-0.0063001853,-0.005646399,-0.0054114005,-0.0050482703,-0.0052475575,-0.0043500634,-0.004835367,-0.0035815234,-0.0028583903,-0.002147722,0.024907075,0.026205856,0.028216057,0.029584792,0.031195208,0.032745235,0.0337587,0.035792463,0.039129905,0.037145704,0.028594304,0.02920544,0.028307403,0.01856082,0.023432493,0.02361733,0.01872467,0.025645941,0.018792726,0.023346549,0.02018493,0.019520454,0.028233774,0.024031293,0.024185251,0.020058187,0.0209874,0.025499703,0.029182881,-0.004384963,-0.0004204195,-0.003998099,0.00059126294,-0.0019099107,0.0008295339,-0.0031875083,-0.003378791,0.0006019771,-0.002497742,0.002436848,-0.0018230705,-0.00096751703,0.00045615085,-0.0027449918,-0.0041662604,-0.00087635405,-0.0014854881,-0.002450583,-0.0055162637,-0.005558892,-0.0055846125,-0.0084914,-0.008175017,-0.009075557,-0.011022953,-0.011891512,-0.013547304,-0.013826666,-0.0145767145,-0.015032718,-0.01554541,-0.016231177,-0.01690943,-0.01756155,-0.018012423,-0.018106598,-0.017459344,-0.016552214,-0.015683085,-0.008027726,-0.0075098546,-0.007049511,-0.006667125,-0.006450696,-0.0062240656,-0.006094345,-0.006166754,-0.006287329,-0.006347184,0.0,0.0,0.0,0.0,0.0,0.0,0.0,0.0,0.0,0.0,0.0,0.0,0.0,0.0,0.0,0.0,0.0,0.0,0.0,0.0,0.0,0.0,0.0,0.0,0.0,0.0,0.0,0.0,0.0,0.0,0.0,0.0,0.0,0.0,0.0,0.0,0.0,0.0,0.0,0.0,0.0,0.0,0.0,0.0,0.0,0.0,0.0,0.0,0.0,0.0,0.0,0.0,0.0,0.0,0.0,0.0,0.0,0.0,0.0,0.0,0.0,0.0,0.0,0.0,0.0,0.0,0.0,0.0,0.0,0.0,0.0,0.0,0.0,0.0,0.0,0.0,0.0,0.0,0.0,0.0,0.0,0.0,0.0,0.0,0.0,0.0,0.0,0.0,0.0,0.0,0.0,0.0,0.0,0.0,0.0,0.0,0.0,0.0,0.0,0.0,0.0,0.0,0.0,0.0,0.0,0.0,0.0,0.0,0.0,0.0,0.0,0.0,0.0,0.0,0.0,0.0,0.0,0.0,0.0,0.0,0.0,0.0,0.0,0.0,0.0,0.0,0.0,0.0,0.0,0.0,0.0,0.0,0.0,0.0,0.0,0.0,0.0,0.0,0.0,0.0,0.0,0.0,0.0,0.0,0.0,0.0,0.0,0.0,0.0,0.0,0.0,0.0,0.0,0.0,0.0,0.0,0.0,0.0,0.0,0.0,0.0,0.0,0.0,0.0,0.0,0.0,0.0,0.0,0.0,0.0,0.0,0.0,0.0,0.0,0.0,0.0,0.0,0.0,0.0,0.0,0.0,0.0,0.0,0.0,0.0,0.0,0.0,0.0,0.0,0.0,0.0,0.0,0.0,0.0,0.0,0.0,0.0,0.0,0.0,0.0,0.0,0.0,0.0,0.0,0.0,0.0,0.0,0.0,0.0,0.0,0.0,0.0,0.0,0.0,0.0,0.0,0.0,0.0,0.0,0.0,0.0,0.0,0.0,0.0,0.0,0.0,0.0,0.0,0.0,0.0,0.0,0.0,0.0,0.0,0.0,0.0,0.0,0.0,0.0,0.0,0.0,0.0,0.0,0.0,0.0,0.0,0.0,0.0,0.0,0.0,0.0,0.0,0.0,0.0,0.0,0.0,0.0,0.0,0.0,0.0,0.0,0.0,0.0,0.0,0.0,0.0,0.0,0.0,0.0,0.0,0.0,0.0,0.0,0.0,0.0,0.0,0.0,0.0,0.0,0.0,0.0,0.0,0.0,0.0,0.0,0.0,0.0,0.0,0.0,0.0,0.0,0.0,0.0,0.0,0.0,0.0,0.0,0.0,0.0,0.0,0.0,0.0,0.0,0.0,0.0,0.0,0.0,0.0,0.0,0.0,0.0,0.0,0.0,0.0,0.0,0.0,0.0,0.0,0.0,0.0,0.0,0.0,0.0,0.0,0.0,0.0,0.0,0.0,0.0,0.0,0.0,0.0,0.0,0.0,0.0,0.0,0.0,0.0,0.0,0.0,0.0,0.0,0.0,0.0,0.0,0.0,0.0,0.0,0.0,0.0,0.0,0.0,0.0,0.0,0.0,0.0,0.0,0.0,0.0,0.0,0.0,0.0,0.0,0.0,0.0,0.0,0.0,0.0,0.0,0.0,0.0,0.0,0.0,0.0,0.0,0.0,0.0,0.0,0.0,0.0,0.0,0.0,0.0,0.0,0.0,0.0,0.0,0.0,0.0,0.0,0.0,0.0,0.0,0.0,0.0,0.0,0.0,0.0,0.0,0.0,0.0,0.0,0.0,0.0,0.0,0.0,0.0,0.0,0.0,0.0,0.0,0.0,0.0,0.0,0.0,0.0,0.0,0.0,0.0,0.0,0.0,0.0,0.0,0.0,0.0,0.0,0.0,0.0,0.0,0.0,0.0,0.0,0.0,0.0,0.0,0.0,0.0,0.0,0.0,0.0,0.0,0.0,0.0,0.0,0.0,0.0,0.0,0.0,0.0,0.0,0.0,0.0,0.0,0.0,0.0,0.0,0.0,0.0,0.0,0.0,0.0,0.0,0.0,0.0,0.0,0.0,0.0,0.0,0.0,0.0,0.0,0.0,0.0,0.0,0.0,0.0,0.0,0.0,0.0,0.0,0.0,0.0,0.0,0.0,0.0,0.0,0.0,0.0,0.0,0.0,0.0,0.0,0.0,0.0,0.0,0.0,0.0,0.0,0.0,0.0,0.0,0.0,0.0,0.0,0.0,0.0,0.0,0.0,0.0,0.0,0.0,0.0,0.0,0.0,0.0,0.0,0.0,0.0,0.0,0.0,0.0,0.0,0.0,0.0,0.0,0.0,0.0,0.0,0.0,0.0,0.0,0.0,0.0,0.0,0.0,0.0,0.0,0.0,0.0,0.0,0.0,0.0,0.0,0.0,0.0,0.0,0.0,0.0,0.0,0.0,0.0,0.0,0.0,0.0,0.0,0.0,0.0,0.0,0.0,0.0,0.0,0.0,0.0,0.0,0.0,0.0,0.0,0.0,0.0,0.0,0.0,0.0,0.0,0.0,0.0,0.0,0.0,0.0,0.0,0.0,0.0,0.0,0.0,0.0,0.0,0.0,0.0,0.0,0.0,0.0,0.0,0.0,0.0,0.0,0.0,0.0,0.0,0.0,0.0,0.0,0.0,0.0,0.0,0.0,0.0,0.0,0.0,0.0,0.0,0.0,0.0,0.0,0.0,0.0,0.0,0.0,0.0,0.0,0.0,0.0,0.0,0.0,0.0,0.0,0.0,0.0,0.0,0.0,0.0,0.0,0.0,0.0,0.0,0.0,0.0,0.0,0.0,0.0,0.0,0.0,0.0,0.0,0.0,0.0,0.0,0.0,0.0,0.0,0.0,0.0,0.0,0.0,0.0,0.0,0.0,0.0,0.0,0.0,0.0,0.0,0.0,0.0,0.0,0.0,0.0,0.0,0.0,0.0,0.0,0.0,0.0,0.0,0.0,0.0,0.0,0.0,0.0,0.0,0.0,0.0,0.0,0.0,0.0,0.0,0.0,0.0,0.0,0.0,0.0,0.0,0.0,0.0,0.0,0.0,0.0,0.0,0.0,0.0,0.0,0.0,0.0,0.0,0.0,0.0,0.0,0.0,0.0,0.0,0.0,0.0,0.0,0.0,0.0,0.0,0.0,0.0,0.0,0.0,0.0,0.0,0.0,0.0,0.0,0.0,0.0,0.0,0.0,0.0,0.0,0.0,0.0,0.0,0.0,0.0,0.0,0.0,0.0,0.0,0.0,0.0,0.0,0.0,0.0,0.0,0.0,0.0,0.0,0.0,0.0,0.0,0.0,0.0,0.0,0.0,0.0,0.0,0.0,0.0,0.0,0.0,0.0,0.0,0.0,0.0,0.0,0.0,0.0,0.0,0.0,0.0,0.0,0.0,0.0,0.0,0.0,0.0,0.0,0.0,0.0,0.0,0.0,0.0,0.0,0.0,0.0,0.0,0.0,0.0,0.0,0.0,0.0,0.0,0.0,0.0,0.0,0.0,0.0,0.0,0.0,0.0,0.0,0.0,0.0,0.0,0.0,0.0,0.0,0.0,0.0,0.0,0.0,0.0,0.0,0.0,0.0,0.0,0.0,0.0,0.0,0.0,0.0,0.0,0.0,0.0,0.0,0.0,0.0,0.0,0.0,0.0,0.0,0.0,0.0,0.0,0.0,0.0,0.0,0.0,0.0,0.0,0.0,0.0,0.0,0.0,0.0,0.0,0.0,0.0,0.0,0.0,0.0,0.0,0.0,0.0,0.0,0.0,0.0,0.0,0.0,0.0,0.0,0.0,0.0,0.0,0.0,0.0,0.0,0.0,0.0,0.0,0.0,0.0,0.0,0.0,0.0,0.0,0.0,0.0,0.0,0.0,0.0,0.0,0.0,0.0,0.0,0.0,0.0,0.0,0.0,0.0,0.0,0.0,0.0,0.0,0.0,0.0,0.0,0.0,0.0,0.0,0.0,0.0,0.0,0.0,0.0,0.0,0.0,0.0,0.0,0.0,0.0,0.0,0.0,0.0,0.0,0.0,0.0,0.0,0.0,0.0,0.0,0.0,0.0,0.0,0.0,0.0,0.0,0.0,0.0,0.0,0.0,0.0,0.0,0.0,0.0,0.0,0.0,0.0,0.0,0.0,0.0,0.0,0.0,0.0,0.0,0.0,0.0,0.0,0.0,0.0,0.0,0.0,0.0,0.0,0.0,0.0,0.0,0.0,0.0,0.0,0.0,0.0,0.0,0.0,0.0,0.0,0.0,0.0,0.0,0.0,0.0,0.0,0.0,0.0,0.0,0.0,0.0,0.0,0.0,0.0,0.0,0.0,0.0,0.0,0.0,0.0,0.0,0.0,0.0,0.0,0.0,0.0,0.0,0.0,0.0,0.0,0.0,0.0,0.0,0.0,0.0,0.0,0.0,0.0,0.0,0.0,0.0,0.0,0.0,0.0,0.0,0.0,0.0,0.0,0.0,0.0,0.0,0.0,0.0,0.0,0.0,0.0,0.0,0.0,0.0,0.0,0.0,0.0,0.0,0.0,0.0,0.0,0.0,0.0,0.0,0.0,0.0,0.0,0.0,0.0,0.0,0.0,0.0,0.0,0.0,0.0,0.0,0.0,0.0,0.0,0.0,0.0,0.0,0.0,0.0,0.0,0.0,0.0,0.0,0.0,0.0,0.0,0.0,0.0,0.0,0.0,0.0,0.0,0.0,0.0,0.0,0.0,0.0,0.0,0.0,0.0,0.0,0.0,0.0,0.0,0.0,0.0,0.0,0.0,0.0,0.0,0.0,0.0,0.0,0.0,0.0,0.0,0.0,0.0,0.0,0.0,0.0,0.0,0.0,0.0,0.0,0.0,0.0,0.0,0.0,0.0,0.0,0.0,0.0,0.0,0.0,0.0,0.0,0.0,0.0,0.0,0.0,0.0,0.0,0.0,0.0,0.0,0.0,0.0,0.0,0.0,0.0,0.0,0.0,0.0,0.0,0.0,0.0,0.0,0.0,0.0,0.0,0.0,0.0,0.0,0.0,0.0,0.0,0.0,0.0,0.0,0.0,0.0,0.0,0.0,0.0,0.0,0.0,0.0,0.0,0.0,0.0,0.0,0.0,0.0,0.0,0.0,0.0,0.0,0.0,0.0,0.0,0.0,0.0,0.0,0.0,0.0,0.0,0.0,0.0,0.0,0.0,0.0,0.0,0.0,0.0,0.0,0.0,0.0,0.0,0.0,0.0,0.0,0.0,0.0,0.0,0.0,0.0,0.0,0.0,0.0,0.0,0.0,0.0,0.0,0.0,0.0,0.0,0.0,0.0,0.0,0.0,0.0,0.0,0.0,0.0,0.0,0.0,0.0,0.0,0.0,0.0,0.0,0.0,0.0,0.0,0.0,0.0,0.0,0.0,0.0,0.0,0.0,0.0,0.0,0.0,0.0,0.0,0.0,0.0,0.0,0.0,0.0,0.0,0.0,0.0,0.0,0.0,0.0,0.0,0.0,0.0,0.0,0.0,0.0,0.0,0.0,0.0,0.0,0.0,0.0,0.0,0.0,0.0,0.0,0.0,0.0,0.0,0.0,0.0,0.0,0.0,0.0,0.0,0.0,0.0,0.0,0.0,0.0,0.0,0.0,0.0,0.0,0.0,0.0,0.0,0.0,0.0,0.0,0.0,0.0,0.0,0.0,0.0,0.0,0.0,0.0,0.0,0.0,0.0,0.0,0.0,0.0,0.0,0.0,0.0,0.0,0.0,0.0,0.0,0.0,0.0,0.0,0.0,0.0,0.0,0.0,0.0,0.0,0.0,0.0,0.0,0.0,0.0,0.0,0.0,0.0,0.0,0.0,0.0,0.0,0.0,0.0,0.0,0.0,0.0,0.0,0.0,0.0,0.0,0.0,0.0,0.0,0.0,0.0,0.0,0.0,0.0,0.0,0.0,0.0,0.0,0.0,0.0,0.0,0.0,0.0,0.0,0.0,0.0,0.0,0.0,0.0,0.0,0.0,0.0,0.0,0.0,0.0,0.0,0.0,0.0,0.0,0.0,0.0,0.0,0.0,0.0,0.0,0.0,0.0,0.0,0.0,0.0,0.0,0.0,0.0,0.0,0.0,0.0,0.0,0.0,0.0,0.0,0.0,0.0,0.0,0.0,0.0,0.0,0.0,0.0,0.0,0.0,0.0,0.0,0.0,0.0,0.0,0.0,0.0,0.0,0.0,0.0,0.0,0.0,0.0,0.0,0.0,0.0,0.0,0.0,0.0,0.0,0.0,0.0,0.0,0.0,0.0,0.0,0.0,0.0,0.0,0.0,0.0,0.0,0.0,0.0,0.0,0.0,0.0,0.0,0.0,0.0,0.0,0.0,0.0,0.0,0.0,0.0,0.0,0.0,0.0,0.0,0.0,0.0,0.0,0.0,0.0,0.0,0.0,0.0,0.0,0.0,0.0,0.0,0.0,0.0,0.0,0.0,0.0,0.0,0.0,0.0,0.0,0.0,0.0,0.0,0.0,0.0,0.0,0.0,0.0,0.0,0.0,0.0,0.0,0.0,0.0,0.0,0.0,0.0,0.0,0.0,0.0,0.0,0.0,0.0,0.0,0.0,0.0,0.0,0.0,0.0,0.0,0.0,0.0,0.0,0.0,0.0,0.0,0.0,0.0,0.0,0.0,0.0,0.0,0.0,0.0,0.0,0.0,0.0,0.0,0.0,0.0,0.0,0.0,0.0,0.0,0.0,0.0,0.0,0.0,0.0,0.0,0.0,0.0,0.0,0.0,0.0,0.0,0.0,0.0,0.0,0.0,0.0,0.0,0.0,0.0,0.0,0.0,0.0,0.0,0.0,0.0,0.0,0.0,0.0,0.0,0.0,0.0,0.0,0.0,0.0,0.0,0.0,0.0,0.0,0.0,0.0,0.0,0.0,0.0,0.0,0.0,0.0,0.0,0.0,0.0,0.0,0.0,0.0,0.0,0.0,0.0,0.0,0.0,0.0,0.0,0.0,0.0,0.0,0.0,0.0,0.0,0.0,0.0,0.0,0.0,0.0,0.0,0.0,0.0,0.0,0.0,0.0,0.0,0.0,0.0,0.0,0.0,0.0,0.0,0.0,0.0,0.0,0.0,0.0,0.0,0.0,0.0,0.0,0.0,0.0,0.0,0.0,0.0,0.0,0.0,0.0,0.0,0.0,0.0,0.0,0.0,0.0,0.0,0.0,0.0,0.0,0.0,0.0,0.0,0.0,0.0,0.0,0.0,0.0,0.0,0.0,0.0,0.0,0.0,0.0,0.0,0.0,0.0,0.0,0.0,0.0,0.0,0.0,0.0,0.0,0.0,0.0,0.0,0.0,0.0,0.0,0.0,0.0,0.0,0.0,0.0,0.0,0.0,0.0,0.0,0.0,0.0,0.0,0.0,0.0,0.0,0.0,0.0,0.0,0.0,0.0,0.0,0.0,0.0,0.0,0.0,0.0,0.0,0.0,0.0,0.0,0.0,0.0,0.0,0.0,0.0,0.0,0.0,0.0,0.0,0.0,0.0,0.0,0.0,0.0,0.0,0.0,0.0,0.0,0.0,0.0,0.0,0.0,0.0,0.0,0.0,0.0,0.0,0.0,0.0,0.0,0.0,0.0,0.0,0.0,0.0,0.0,0.0,0.0,0.0,0.0,0.0,0.0,0.0,0.0,0.0,0.0,0.0,0.0,0.0,0.0,0.0,0.0,0.0,0.0,0.0,0.0,0.0,0.0,0.0,0.0,0.0,0.0,0.0,0.0,0.0,0.0,0.0,0.0,0.0,0.0,0.0,0.0,0.0,0.0,0.0,0.0,0.0,0.0,0.0,0.0,0.0,0.0,0.0,0.0,0.0,0.0,0.0,0.0,0.0,0.0,0.0,0.0,0.0,0.0,0.0,0.0,0.0,0.0,0.0,0.0,0.0,0.0,0.0,0.0,0.0,0.0,0.0,0.0,0.0,0.0,0.0,0.0,0.0,0.0,0.0,0.0,0.0,0.0,0.0,0.0,0.0,0.0,0.0,0.0,0.0,0.0,0.0,0.0,0.0,0.0,0.0,0.0,0.0,0.0,0.0,0.0,0.0,0.0,0.0,0.0,0.0,0.0,0.0,0.0,0.0,0.0,0.0,0.0,0.0,0.0,0.0,0.0,0.0,0.0,0.0,0.0,0.0,0.0,0.0,0.0,0.0,0.0,0.0,0.0,0.0,0.0,0.0,0.0,0.0,0.0,0.0,0.0,0.0,0.0,0.0,0.0,0.0,0.0,0.0,0.0,0.0,0.0,0.0,0.0,0.0,0.0,0.0,0.0,0.0,0.0,0.0,0.0,0.0,0.0,0.0,0.0,0.0,0.0,0.0,0.0,0.0,0.0,0.0,0.0,0.0,0.0,0.0,0.0,0.0,0.0,0.0,0.0,0.0,0.0,0.0,0.0,0.0,0.0,0.0,0.0,0.0,0.0,0.0,0.0,0.0,0.0,0.0,0.0,0.0,0.0,0.0,0.0,0.0,0.0,0.0,0.0,0.0,0.0,0.0,0.0,0.0,0.0,0.0,0.0,0.0,0.0,0.0,0.0,0.0,0.0,0.0,0.0,0.0,0.0,0.0,0.0,0.0,0.0,0.0,0.0,0.0,0.0,0.0,0.0,0.0,0.0,0.0,0.0,0.0,0.0,0.0,0.0,0.0,0.0,0.0,0.0,0.0,0.0,0.0,0.0,0.0,0.0,0.0,0.0,0.0,0.0,0.0,0.0,0.0,0.0,0.0,0.0,0.0,0.0,0.0,0.0,0.0,0.0,0.0,0.0,0.0,0.0,0.0,0.0,0.0,0.0,0.0,0.0,0.0,0.0,0.0,0.0,0.0,0.0,0.0,0.0,0.0,0.0,0.0,0.0,0.0,0.0,0.0,0.0,0.0,0.0,0.0,0.0,0.0,0.0,0.0
Tax16,0.0,-0.9925516,-0.9107167,-0.82109463,-0.727282,-0.63175964,-0.5362602,-0.4420455,-0.35001075,-0.26157007,-0.17654768,-0.09534496,-0.01841213,0.05444775,0.12287337,0.19283198,0.2500826,0.3064197,0.35715652,0.41364837,0.48938596,0.5366838,0.57066685,0.59141815,0.6255143,0.6606153,0.69244164,0.7238408,0.73961645,0.75625706,0.81004816,0.8404325,0.9112451,0.94602233,0.9597795,1.0141653,1.0439619,1.1086358,1.0863023,1.1077768,1.1293015,1.1330801,1.1944253,1.2590766,1.236336,1.3152308,1.3871293,1.4093843,1.4401286,1.3584614,1.344364,1.3537754,1.3515221,1.3006861,1.3016193,1.2672834,1.2454761,1.1991388,1.1429214,1.071961,0.8847317,0.8137093,0.7350154,0.68713236,0.7056055,0.72248894,-0.75199145,-0.7298273,0.78677994,0.83091617,0.829957,0.8547968,0.8837029,-0.7282378,0.8799915,-0.7258308,-0.72289693,-0.7161961,-0.7048329,-0.69662726,-0.6843355,-0.6770874,-0.6685416,-0.6589728,-0.64763826,-0.6162183,1.050546,1.0415922,1.081422,1.0727295,1.0865875,1.0800053,1.1457423,1.0816598,1.0557027,0.9609281,0.91457516,0.8790884,0.86413354,0.78612316,0.7510824,0.7220321,0.70270604,0.67228365,0.65775627,0.6295033,0.6159706,0.6051773,0.5945009,0.511327,0.5337032,0.45268965,0.46010238,0.40030622,0.32798633,-0.9716849,-0.96721846,-0.9611111,-0.9542726,-0.96336246,-0.9627041,-0.9635894,-0.97421694,-0.98461807,-0.9830169,-0.9813649,-0.97799206,-0.99248457,-1.0058933,-0.99511796,-0.99566436,-1.007013,-1.0081663,-1.0160596,-1.0211512,-1.0262187,-1.0297934,-1.0374844,-1.0416896,-1.0505714,-1.0434483,-1.0375229,-1.0292817,-1.0308717,-1.0289859,-1.024522,-1.0198824,-1.0171556,-1.0146163,-1.0110581,-1.0058261,-0.9868189,-0.9718227,-0.9548128,-0.9388663,-0.92288864,-0.90684605,-0.8707202,-0.85796887,-0.84807694,-0.8377374,-0.8288195,-0.8144438,-0.79555446,-0.78879833,-0.7821527,-0.7739633,-0.7540526,-0.7464745,-0.71606654,-0.700692,-0.6917142,-0.6725045,-0.6667983,-0.6542397,-0.6439271,-0.6308801,-0.6252525,-0.6118949,-0.60099375,-0.59216505,-0.5876323,-0.5910696,-0.5954808,-0.5884651,-0.5875721,-0.58648425,-0.5846695,-0.5813767,-0.57843304,-0.5693607,-0.5658549,-0.5615427,-0.556795,-0.5521735,-0.5407806,-0.53614485,-0.5313216,-0.5261673,-0.52097017,-0.51584697,-0.5105877,-0.49420404,-0.488952,-0.4837975,-0.47854462,-0.4731965,-0.4678302,-0.45829493,-0.45296812,-0.4426755,-0.43076745,-0.42576635,-0.4208887,-0.41601235,-0.41112518,-0.40628117,-0.40150082,-0.3913421,-0.3867511,-0.38221952,-0.37778005,-0.3733572,-0.3689677,-0.36462578,-0.36036965,-0.35620868,-0.35206023,-0.34390032,-0.33999085,-0.33620012,-0.33232433,-0.328419,-0.32458115,-0.31559715,-0.31196102,-0.30838606,-0.30029386,-0.29683173,-0.29340622,-0.2900336,-0.28670293,-0.2833811,-0.27515778,-0.26667702,-0.26361468,-0.25621232,-0.25325835,-0.2467477,-0.24121845,-0.23845698,-0.23571377,-0.23299427,-0.2303245,-0.22769217,-0.22505517,-0.22242196,-0.21981591,-0.21724392,-0.20800547,-0.20554549,-0.20319355,-0.19779599,-0.19163801,-0.18943578,-0.18431059,-0.18219414,-0.17750509,-0.17277037,-0.16843055,-0.16650611,-0.16462784,-0.16273956,-0.16087632,-0.15903576,-0.15721765,-0.15298654,-0.1485796,-0.14690764,-0.14523877,-0.14358565,-0.14194381,-0.14034194,-0.13611968,-0.13458692,-0.124900855,-0.12351193,-0.1221433,-0.11803582,-0.11671395,-0.115385264,-0.11242161,-0.11112159,-0.108133234,-0.10693204,-0.1029026,-0.10181305,-0.09898431,-0.09789032,-0.09674023,-0.09555082,-0.089832135,-0.08695899,-0.08385142,-0.082569905,-0.07869814,-0.07734571,-0.07423032,-0.07280332,-0.07115317,-0.06939056,-0.067397505,-0.06532168,-0.06310303,-0.06067412,-0.058092263,-0.055068225,-0.05165803,-0.04779589,-0.044143356,-0.039660014,-0.03245835,-0.020709103,-0.007239304,0.0041430914,0.0068105306,0.006530647,0.0067212167,0.0075581702,0.007836871,0.009838935,0.012128676,0.013291809,0.017977767,0.021392876,0.025243439,0.029807068,0.033996932,0.24935725,0.2666229,0.28072357,0.29921958,0.31038544,0.32172358,0.32683158,0.32077944,0.30302298,0.28075558,0.25192538,0.22368948,0.1863552,0.13084976,0.06202619,-0.0011523025,-0.04288876,-0.06756132,-0.078568846,-0.08220038,-0.08315743,-0.082413584,-0.08113921,-0.07983474,-0.07865961,-0.07836547,-0.07653855,-0.074906714,-0.03422592,-0.031527564,-0.028757356,-0.026001276,-0.023307374,-0.02070208,-0.018198963,-0.01579381,-0.013538846,-0.01139082,-0.009347116,-0.007405044,-0.005557726,-0.0038023603,-0.002131424,-0.00057751546,0.00088615133,0.0022757924,0.0036003739,0.0048686676,0.0060864016,0.0072621442,0.008392278,0.009390925,0.010332989,0.011148318,0.0119539,0.012715219,0.015867662,0.016423376,0.018115306,0.019554066,0.020240804,0.020930294,0.021432506,0.022286821,0.023108387,0.02202038,0.021708766,0.022712538,0.02288146,0.024709849,0.027006079,0.027367674,0.031149907,0.03240841,0.03148511,0.030770537,0.030500436,0.025711896,0.027850803,0.027080975,0.025864454,0.02793779,0.026052177,0.023977146,0.02320191,0.018192671,0.012718786,0.009893483,0.009040042,0.007229116,0.0070596505,0.006916263,0.007019162,-0.025753053,-0.025250025,0.009948095,0.0104891155,0.012727734,0.012651937,0.009400285,-0.025119781,0.010908814,-0.02410423,-0.023842873,-0.023336554,-0.025070693,-0.025443565,-0.025050476,-0.023067739,-0.023422165,-0.02321303,-0.022644509,-0.022074685,0.016788548,0.015492391,0.018663451,0.017389297,0.014417091,0.014385933,0.013629795,0.019138917,0.014656257,0.007220633,0.010103236,0.0064703757,-0.001706098,0.008780243,0.007072979,0.01120327,0.009949136,0.00745181,0.010078145,0.00959087,0.008122687,0.0051767966,0.011044294,0.006817241,0.009822881,0.0063976916,0.009280512,0.0017477215,0.001551145,-0.027641283,-0.026695058,-0.026003113,-0.028581701,-0.026616396,-0.026575772,-0.02600092,-0.02622601,-0.025550034,-0.027813535,-0.027402014,-0.025859144,-0.026257979,-0.0254635,-0.027037133,-0.026246455,-0.027465155,-0.025758006,-0.026105992,-0.026105212,-0.026510175,-0.027883787,-0.027426291,-0.02701044,-0.02757165,-0.028342433,-0.02876214,-0.02888786,-0.028889786,-0.028961714,-0.028789386,-0.02878126,-0.028835643,-0.02887958,-0.028887205,-0.02881175,-0.028601041,-0.028140288,-0.027594704,-0.027072966,-0.026543345,-0.026016582,-0.025529386,-0.025093693,-0.024753543,-0.024396734,-0.024103526,-0.023920873,-0.023809649,-0.02358293,-0.023405392,-0.023161873,-0.022821276,-0.022593722,-0.022326397,-0.022020001,-0.021704622,-0.021439038,-0.021220503,-0.020707697,-0.020311132,-0.02014325,-0.019983832,-0.019706246,-0.019257136,-0.018910598,-0.018877942,-0.01912782,-0.019472454,-0.019664165,-0.019774273,-0.019867444,-0.019907918,-0.019866409,-0.019834738,-0.019778276,-0.019705959,-0.019589577,-0.019447839,-0.019308101,-0.019154359,-0.019005908,-0.018846875,-0.018671472,-0.018492956,-0.018316638,-0.018133488,-0.017944459,-0.01775532,-0.017569745,-0.017379425,-0.017184708,-0.016988955,-0.016793257,-0.016596626,-0.016400853,-0.016206738,-0.016017621,-0.01583361,-0.015649363,-0.0154643785,-0.015281038,-0.015100201,-0.0149197355,-0.014743862,-0.014570346,-0.014400609,-0.014231335,-0.014063258,-0.013897012,-0.0106364135,-0.010513388,-0.010390591,-0.010270478,-0.010153778,-0.010040946,-0.009925047,-0.009807972,-0.009693031,-0.009580405,-0.0094699105,-0.0093613565,-0.009253589,-0.009146799,-0.009041123,-0.00893713,-0.00883443,-0.008731872,-0.008628856,-0.008528767,-0.008430779,-0.008333357,-0.008237183,-0.008142296,-0.003749425,-0.0037064995,-0.0036638277,-0.0036215046,-0.0035799951,-0.0035390854,-0.0034980285,-0.003456974,-0.0034163357,-0.003376235,-0.0033362457,-0.003296594,-0.0032588686,-0.003222194,-0.0031856732,-0.0031490421,-0.0031134025,-0.0030776327,-0.0030416816,-0.0030059705,-0.002971044,-0.002937102,-0.0029040426,-0.0028707185,-0.0028378442,-0.0028053739,-0.0027733035,-0.0027419555,0.0,0.0,0.0,0.0,0.0,0.0,0.0,0.0,0.0,0.0,0.0,0.0,0.0,0.0,0.0,0.0,0.0,0.0,0.0,0.0,0.0,0.0,0.0,0.0,0.0,0.0,0.0,0.0,0.0,0.0,0.0,0.0,0.0,0.0,0.0,0.0,0.0,0.0,0.0,0.0,0.0,0.0,0.0,0.0,0.0,0.0,0.0,0.0,0.0,0.0,0.0,0.0,0.0,0.0,0.0,0.0,0.0,0.0,0.0,0.0,0.0,0.0,0.0,0.0,0.0,0.0,0.0,0.0,0.0,0.0,0.0,0.0,0.0,0.0,0.0,0.0,0.0,0.0,0.0,0.0,0.0,0.0,0.0,0.0,0.0,0.0,0.0,0.0,0.0,0.0,0.0,0.0,0.0,0.0,0.0,0.0,0.0,0.0,0.0,0.0,0.0,0.0,0.0,0.0,0.0,0.0,0.0,0.0,0.0,0.0,0.0,0.0,0.0,0.0,0.0,0.0,0.0,0.0,0.0,0.0,0.0,0.0,0.0,0.0,0.0,0.0,0.0,0.0,0.0,0.0,0.0,0.0,0.0,0.0,0.0,0.0,0.0,0.0,0.0,0.0,0.0,0.0,0.0,0.0,0.0,0.0,0.0,0.0,0.0,0.0,0.0,0.0,0.0,0.0,0.0,0.0,0.0,0.0,0.0,0.0,0.0,0.0,0.0,0.0,0.0,0.0,0.0,0.0,0.0,0.0,0.0,0.0,0.0,0.0,0.0,0.0,0.0,0.0,0.0,0.0,0.0,0.0,0.0,0.0,0.0,0.0,0.0,0.0,0.0,0.0,0.0,0.0,0.0,0.0,0.0,0.0,0.0,0.0,0.0,0.0,0.0,0.0,0.0,0.0,0.0,0.0,0.0,0.0,0.0,0.0,0.0,0.0,0.0,0.0,0.0,0.0,0.0,0.0,0.0,0.0,0.0,0.0,0.0,0.0,0.0,0.0,0.0,0.0,0.0,0.0,0.0,0.0,0.0,0.0,0.0,0.0,0.0,0.0,0.0,0.0,0.0,0.0,0.0,0.0,0.0,0.0,0.0,0.0,0.0,0.0,0.0,0.0,0.0,0.0,0.0,0.0,0.0,0.0,0.0,0.0,0.0,0.0,0.0,0.0,0.0,0.0,0.0,0.0,0.0,0.0,0.0,0.0,0.0,0.0,0.0,0.0,0.0,0.0,0.0,0.0,0.0,0.0,0.0,0.0,0.0,0.0,0.0,0.0,0.0,0.0,0.0,0.0,0.0,0.0,0.0,0.0,0.0,0.0,0.0,0.0,0.0,0.0,0.0,0.0,0.0,0.0,0.0,0.0,0.0,0.0,0.0,0.0,0.0,0.0,0.0,0.0,0.0,0.0,0.0,0.0,0.0,0.0,0.0,0.0,0.0,0.0,0.0,0.0,0.0,0.0,0.0,0.0,0.0,0.0,0.0,0.0,0.0,0.0,0.0,0.0,0.0,0.0,0.0,0.0,0.0,0.0,0.0,0.0,0.0,0.0,0.0,0.0,0.0,0.0,0.0,0.0,0.0,0.0,0.0,0.0,0.0,0.0,0.0,0.0,0.0,0.0,0.0,0.0,0.0,0.0,0.0,0.0,0.0,0.0,0.0,0.0,0.0,0.0,0.0,0.0,0.0,0.0,0.0,0.0,0.0,0.0,0.0,0.0,0.0,0.0,0.0,0.0,0.0,0.0,0.0,0.0,0.0,0.0,0.0,0.0,0.0,0.0,0.0,0.0,0.0,0.0,0.0,0.0,0.0,0.0,0.0,0.0,0.0,0.0,0.0,0.0,0.0,0.0,0.0,0.0,0.0,0.0,0.0,0.0,0.0,0.0,0.0,0.0,0.0,0.0,0.0,0.0,0.0,0.0,0.0,0.0,0.0,0.0,0.0,0.0,0.0,0.0,0.0,0.0,0.0,0.0,0.0,0.0,0.0,0.0,0.0,0.0,0.0,0.0,0.0,0.0,0.0,0.0,0.0,0.0,0.0,0.0,0.0,0.0,0.0,0.0,0.0,0.0,0.0,0.0,0.0,0.0,0.0,0.0,0.0,0.0,0.0,0.0,0.0,0.0,0.0,0.0,0.0,0.0,0.0,0.0,0.0,0.0,0.0,0.0,0.0,0.0,0.0,0.0,0.0,0.0,0.0,0.0,0.0,0.0,0.0,0.0,0.0,0.0,0.0,0.0,0.0,0.0,0.0,0.0,0.0,0.0,0.0,0.0,0.0,0.0,0.0,0.0,0.0,0.0,0.0,0.0,0.0,0.0,0.0,0.0,0.0,0.0,0.0,0.0,0.0,0.0,0.0,0.0,0.0,0.0,0.0,0.0,0.0,0.0,0.0,0.0,0.0,0.0,0.0,0.0,0.0,0.0,0.0,0.0,0.0,0.0,0.0,0.0,0.0,0.0,0.0,0.0,0.0,0.0,0.0,0.0,0.0,0.0,0.0,0.0,0.0,0.0,0.0,0.0,0.0,0.0,0.0,0.0,0.0,0.0,0.0,0.0,0.0,0.0,0.0,0.0,0.0,0.0,0.0,0.0,0.0,0.0,0.0,0.0,0.0,0.0,0.0,0.0,0.0,0.0,0.0,0.0,0.0,0.0,0.0,0.0,0.0,0.0,0.0,0.0,0.0,0.0,0.0,0.0,0.0,0.0,0.0,0.0,0.0,0.0,0.0,0.0,0.0,0.0,0.0,0.0,0.0,0.0,0.0,0.0,0.0,0.0,0.0,0.0,0.0,0.0,0.0,0.0,0.0,0.0,0.0,0.0,0.0,0.0,0.0,0.0,0.0,0.0,0.0,0.0,0.0,0.0,0.0,0.0,0.0,0.0,0.0,0.0,0.0,0.0,0.0,0.0,0.0,0.0,0.0,0.0,0.0,0.0,0.0,0.0,0.0,0.0,0.0,0.0,0.0,0.0,0.0,0.0,0.0,0.0,0.0,0.0,0.0,0.0,0.0,0.0,0.0,0.0,0.0,0.0,0.0,0.0,0.0,0.0,0.0,0.0,0.0,0.0,0.0,0.0,0.0,0.0,0.0,0.0,0.0,0.0,0.0,0.0,0.0,0.0,0.0,0.0,0.0,0.0,0.0,0.0,0.0,0.0,0.0,0.0,0.0,0.0,0.0,0.0,0.0,0.0,0.0,0.0,0.0,0.0,0.0,0.0,0.0,0.0,0.0,0.0,0.0,0.0,0.0,0.0,0.0,0.0,0.0,0.0,0.0,0.0,0.0,0.0,0.0,0.0,0.0,0.0,0.0,0.0,0.0,0.0,0.0,0.0,0.0,0.0,0.0,0.0,0.0,0.0,0.0,0.0,0.0,0.0,0.0,0.0,0.0,0.0,0.0,0.0,0.0,0.0,0.0,0.0,0.0,0.0,0.0,0.0,0.0,0.0,0.0,0.0,0.0,0.0,0.0,0.0,0.0,0.0,0.0,0.0,0.0,0.0,0.0,0.0,0.0,0.0,0.0,0.0,0.0,0.0,0.0,0.0,0.0,0.0,0.0,0.0,0.0,0.0,0.0,0.0,0.0,0.0,0.0,0.0,0.0,0.0,0.0,0.0,0.0,0.0,0.0,0.0,0.0,0.0,0.0,0.0,0.0,0.0,0.0,0.0,0.0,0.0,0.0,0.0,0.0,0.0,0.0,0.0,0.0,0.0,0.0,0.0,0.0,0.0,0.0,0.0,0.0,0.0,0.0,0.0,0.0,0.0,0.0,0.0,0.0,0.0,0.0,0.0,0.0,0.0,0.0,0.0,0.0,0.0,0.0,0.0,0.0,0.0,0.0,0.0,0.0,0.0,0.0,0.0,0.0,0.0,0.0,0.0,0.0,0.0,0.0,0.0,0.0,0.0,0.0,0.0,0.0,0.0,0.0,0.0,0.0,0.0,0.0,0.0,0.0,0.0,0.0,0.0,0.0,0.0,0.0,0.0,0.0,0.0,0.0,0.0,0.0,0.0,0.0,0.0,0.0,0.0,0.0,0.0,0.0,0.0,0.0,0.0,0.0,0.0,0.0,0.0,0.0,0.0,0.0,0.0,0.0,0.0,0.0,0.0,0.0,0.0,0.0,0.0,0.0,0.0,0.0,0.0,0.0,0.0,0.0,0.0,0.0,0.0,0.0,0.0,0.0,0.0,0.0,0.0,0.0,0.0,0.0,0.0,0.0,0.0,0.0,0.0,0.0,0.0,0.0,0.0,0.0,0.0,0.0,0.0,0.0,0.0,0.0,0.0,0.0,0.0,0.0,0.0,0.0,0.0,0.0,0.0,0.0,0.0,0.0,0.0,0.0,0.0,0.0,0.0,0.0,0.0,0.0,0.0,0.0,0.0,0.0,0.0,0.0,0.0,0.0,0.0,0.0,0.0,0.0,0.0,0.0,0.0,0.0,0.0,0.0,0.0,0.0,0.0,0.0,0.0,0.0,0.0,0.0,0.0,0.0,0.0,0.0,0.0,0.0,0.0,0.0,0.0,0.0,0.0,0.0,0.0,0.0,0.0,0.0,0.0,0.0,0.0,0.0,0.0,0.0,0.0,0.0,0.0,0.0,0.0,0.0,0.0,0.0,0.0,0.0,0.0,0.0,0.0,0.0,0.0,0.0,0.0,0.0,0.0,0.0,0.0,0.0,0.0,0.0,0.0,0.0,0.0,0.0,0.0,0.0,0.0,0.0,0.0,0.0,0.0,0.0,0.0,0.0,0.0,0.0,0.0,0.0,0.0,0.0,0.0,0.0,0.0,0.0,0.0,0.0,0.0,0.0,0.0,0.0,0.0,0.0,0.0,0.0,0.0,0.0,0.0,0.0,0.0,0.0,0.0,0.0,0.0,0.0,0.0,0.0,0.0,0.0,0.0,0.0,0.0,0.0,0.0,0.0,0.0,0.0,0.0,0.0,0.0,0.0,0.0,0.0,0.0,0.0,0.0,0.0,0.0,0.0,0.0,0.0,0.0,0.0,0.0,0.0,0.0,0.0,0.0,0.0,0.0,0.0,0.0,0.0,0.0,0.0,0.0,0.0,0.0,0.0,0.0,0.0,0.0,0.0,0.0,0.0,0.0,0.0,0.0,0.0,0.0,0.0,0.0,0.0,0.0,0.0,0.0,0.0,0.0,0.0,0.0,0.0,0.0,0.0,0.0,0.0,0.0,0.0,0.0,0.0,0.0,0.0,0.0,0.0,0.0,0.0,0.0,0.0,0.0,0.0,0.0,0.0,0.0,0.0,0.0,0.0,0.0,0.0,0.0,0.0,0.0,0.0,0.0,0.0,0.0,0.0,0.0,0.0,0.0,0.0,0.0,0.0,0.0,0.0,0.0,0.0,0.0,0.0,0.0,0.0,0.0,0.0,0.0,0.0,0.0,0.0,0.0,0.0,0.0,0.0,0.0,0.0,0.0,0.0,0.0,0.0,0.0,0.0,0.0,0.0,0.0,0.0,0.0,0.0,0.0,0.0,0.0,0.0,0.0,0.0,0.0,0.0,0.0,0.0,0.0,0.0,0.0,0.0,0.0,0.0,0.0,0.0,0.0,0.0,0.0,0.0,0.0,0.0,0.0,0.0,0.0,0.0,0.0,0.0,0.0,0.0,0.0,0.0,0.0,0.0,0.0,0.0,0.0,0.0,0.0,0.0,0.0,0.0,0.0,0.0,0.0,0.0,0.0,0.0,0.0,0.0,0.0,0.0,0.0,0.0,0.0,0.0,0.0,0.0,0.0,0.0,0.0,0.0,0.0,0.0,0.0,0.0,0.0,0.0,0.0,0.0,0.0,0.0,0.0,0.0,0.0,0.0,0.0,0.0,0.0,0.0,0.0,0.0,0.0,0.0,0.0,0.0,0.0,0.0,0.0,0.0,0.0,0.0,0.0,0.0,0.0,0.0,0.0,0.0,0.0,0.0,0.0,0.0,0.0,0.0,0.0,0.0,0.0,0.0,0.0,0.0,0.0,0.0,0.0,0.0,0.0,0.0,0.0,0.0,0.0,0.0,0.0,0.0,0.0,0.0,0.0,0.0,0.0,0.0,0.0,0.0,0.0,0.0,0.0,0.0,0.0,0.0,0.0,0.0,0.0,0.0,0.0,0.0,0.0,0.0,0.0,0.0,0.0,0.0,0.0,0.0,0.0,0.0,0.0,0.0,0.0,0.0,0.0,0.0,0.0,0.0,0.0,0.0,0.0,0.0,0.0,0.0,0.0,0.0,0.0,0.0,0.0,0.0,0.0,0.0,0.0,0.0,0.0,0.0,0.0,0.0,0.0,0.0,0.0,0.0,0.0,0.0,0.0,0.0,0.0,0.0,0.0,0.0,0.0,0.0,0.0,0.0,0.0,0.0,0.0,0.0,0.0,0.0,0.0,0.0,0.0,0.0,0.0,0.0,0.0,0.0,0.0,0.0,0.0,0.0,0.0,0.0,0.0,0.0,0.0,0.0,0.0,0.0,0.0,0.0,0.0,0.0,0.0,0.0,0.0,0.0,0.0,0.0,0.0,0.0,0.0,0.0,0.0,0.0,0.0,0.0,0.0,0.0,0.0,0.0,0.0,0.0,0.0,0.0,0.0,0.0,0.0,0.0,0.0,0.0,0.0,0.0,0.0,0.0,0.0,0.0,0.0,0.0,0.0,0.0,0.0,0.0,0.0,0.0,0.0,0.0,0.0,0.0,0.0,0.0,0.0,0.0,0.0,0.0,0.0,0.0,0.0,0.0,0.0,0.0,0.0,0.0,0.0,0.0,0.0,0.0,0.0,0.0,0.0,0.0,0.0,0.0,0.0,0.0,0.0,0.0,0.0,0.0,0.0,0.0,0.0,0.0,0.0,0.0,0.0,0.0,0.0,0.0,0.0,0.0,0.0,0.0,0.0,0.0,0.0,0.0,0.0,0.0,0.0,0.0,0.0,0.0,0.0,0.0,0.0,0.0,0.0,0.0,0.0,0.0,0.0,0.0,0.0,0.0,0.0,0.0,0.0,0.0,0.0,0.0,0.0,0.0,0.0,0.0,0.0,0.0,0.0,0.0,0.0,0.0,0.0,0.0,0.0,0.0,0.0,0.0,0.0,0.0,0.0,0.0,0.0,0.0,0.0,0.0,0.0,0.0,0.0,0.0,0.0,0.0,0.0,0.0,0.0,0.0,0.0,0.0,0.0,0.0,0.0,0.0,0.0,0.0,0.0,0.0,0.0,0.0,0.0,0.0,0.0,0.0,0.0,0.0,0.0,0.0,0.0,0.0,0.0,0.0,0.0,0.0,0.0,0.0,0.0,0.0,0.0,0.0,0.0,0.0,0.0,0.0,0.0,0.0,0.0,0.0,0.0,0.0,0.0,0.0,0.0,0.0,0.0,0.0,0.0,0.0,0.0,0.0,0.0,0.0,0.0,0.0,0.0,0.0,0.0,0.0,0.0,0.0,0.0,0.0,0.0,0.0,0.0,0.0,0.0,0.0,0.0,0.0,0.0,0.0,0.0,0.0,0.0,0.0,0.0,0.0,0.0,0.0,0.0,0.0,0.0,0.0,0.0,0.0,0.0,0.0,0.0,0.0,0.0,0.0,0.0,0.0,0.0,0.0,0.0,0.0,0.0,0.0,0.0,0.0,0.0,0.0,0.0,0.0,0.0,0.0,0.0,0.0,0.0,0.0,0.0,0.0,0.0,0.0,0.0,0.0,0.0,0.0,0.0,0.0,0.0,0.0,0.0,0.0,0.0,0.0,0.0,0.0,0.0,0.0,0.0,0.0,0.0,0.0,0.0,0.0,0.0,0.0,0.0,0.0,0.0,0.0,0.0,0.0,0.0,0.0,0.0,0.0,0.0,0.0,0.0,0.0,0.0,0.0,0.0,0.0,0.0,0.0,0.0,0.0,0.0,0.0,0.0,0.0,0.0,0.0,0.0,0.0,0.0,0.0,0.0,0.0,0.0,0.0,0.0,0.0,0.0,0.0,0.0,0.0,0.0,0.0,0.0,0.0,0.0,0.0,0.0,0.0,0.0,0.0,0.0,0.0,0.0,0.0,0.0,0.0,0.0,0.0,0.0,0.0,0.0,0.0,0.0,0.0,0.0,0.0,0.0,0.0,0.0,0.0,0.0,0.0,0.0,0.0,0.0,0.0,0.0,0.0,0.0,0.0,0.0,0.0,0.0,0.0,0.0,0.0,0.0,0.0,0.0,0.0,0.0,0.0,0.0,0.0,0.0,0.0,0.0,0.0,0.0,0.0,0.0,0.0,0.0,0.0,0.0,0.0,0.0,0.0,0.0,0.0,0.0,0.0,0.0,0.0,0.0,0.0,0.0,0.0,0.0,0.0,0.0,0.0,0.0,0.0,0.0,0.0,0.0,0.0,0.0,0.0,0.0,0.0,0.0,0.0,0.0,0.0,0.0,0.0,0.0,0.0,0.0,0.0,0.0,0.0,0.0,0.0,0.0,0.0,0.0,0.0,0.0,0.0,0.0,0.0,0.0,0.0,0.0,0.0,0.0,0.0,0.0,0.0,0.0,0.0,0.0,0.0,0.0,0.0,0.0,0.0,0.0,0.0,0.0,0.0,0.0,0.0,0.0,0.0,0.0,0.0,0.0,0.0,0.0,0.0,0.0,0.0,0.0,0.0,0.0,0.0,0.0,0.0,0.0,0.0,0.0,0.0,0.0,0.0,0.0,0.0,0.0,0.0,0.0,0.0,0.0,0.0,0.0,0.0,0.0,0.0,0.0,0.0,0.0,0.0,0.0,0.0,0.0,0.0,0.0,0.0,0.0,0.0,0.0,0.0,0.0,0.0,0.0,0.0,0.0,0.0,0.0,0.0,0.0,0.0,0.0,0.0,0.0,0.0,0.0,0.0,0.0,0.0,0.0,0.0,0.0,0.0,0.0,0.0,0.0,0.0,0.0,0.0,0.0,0.0,0.0,0.0,0.0,0.0,0.0,0.0,0.0,0.0,0.0,0.0,0.0,0.0,0.0,0.0,0.0,0.0,0.0,0.0,0.0,0.0,0.0,0.0,0.0,0.0,0.0,0.0,0.0,0.0,0.0,0.0,0.0,0.0,0.0,0.0,0.0,0.0,0.0,0.0,0.0,0.0,0.0,0.0,0.0,0.0,0.0,0.0,0.0,0.0,0.0,0.0,0.0,0.0,0.0,0.0,0.0,0.0,0.0,0.0,0.0,0.0,0.0,0.0,0.0,0.0,0.0,0.0,0.0,0.0,0.0,0.0,0.0,0.0,0.0,0.0,0.0,0.0,0.0,0.0,0.0,0.0,0.0,0.0,0.0,0.0,0.0,0.0,0.0,0.0,0.0,0.0,0.0,0.0,0.0,0.0,0.0,0.0,0.0,0.0,0.0,0.0,0.0,0.0,0.0,0.0,0.0,0.0,0.0,0.0,0.0,0.0,0.0,0.0,0.0,0.0,0.0,0.0,0.0,0.0,0.0,0.0,0.0,0.0,0.0,0.0,0.0,0.0,0.0,0.0,0.0,0.0,0.0,0.0,0.0,0.0,0.0,0.0,0.0,0.0,0.0,0.0,0.0,0.0,0.0,0.0,0.0,0.0,0.0,0.0,0.0,0.0,0.0,0.0,0.0,0.0,0.0,0.0,0.0,0.0,0.0,0.0,0.0,0.0,0.0,0.0,0.0,0.0,0.0,0.0,0.0,0.0,0.0,0.0,0.0,0.0,0.0,0.0,0.0,0.0,0.0,0.0,0.0,0.0,0.0,0.0,0.0,0.0,0.0,0.0,0.0,0.0,0.0,0.0,0.0,0.0,0.0,0.0,0.0,0.0,0.0,0.0,0.0,0.0,0.0,0.0,0.0,0.0,0.0,0.0,0.0,0.0,0.0,0.0,0.0,0.0,0.0,0.0,0.0,0.0,0.0,0.0,0.0,0.0,0.0,0.0,0.0,0.0,0.0,0.0,0.0,0.0,0.0,0.0,0.0,0.0,0.0,0.0,0.0,0.0,0.0,0.0,0.0,0.0,0.0,0.0,0.0,0.0,0.0,0.0,0.0,0.0,0.0,0.0,0.0,0.0,0.0,0.0,0.0,0.0
Tax17,0.0,-1.8222066,-1.4341143,-0.96099323,-0.4229495,0.14298145,0.7387753,1.3589199,2.0010314,2.66477,3.3483393,4.052591,4.7781544,5.527709,6.2946987,7.0206985,7.8228564,8.523482,9.219659,9.740922,10.432679,11.054418,11.687402,12.331186,13.160642,14.05224,14.943299,15.636334,16.50043,17.659794,18.719032,19.95128,21.512415,22.706177,23.712751,24.558958,25.753056,26.97342,27.748112,28.579323,29.84317,31.110142,33.284668,35.299393,36.628044,38.608437,41.055695,41.961716,43.42666,45.43078,46.81871,48.40623,50.67106,52.30273,54.01913,55.540543,57.23711,59.22843,59.832714,60.47025,59.97106,60.365353,61.0276,61.586433,64.24535,67.799934,49.753433,52.795948,79.796455,84.02397,87.519844,91.15517,94.42362,69.47103,103.45141,75.2351,78.86186,83.3867,87.275085,92.03515,96.866455,101.55399,106.08733,111.591515,119.398926,125.79721,184.48293,192.0997,200.40044,211.45955,221.1117,232.94873,243.18805,252.3213,255.73303,259.4485,265.73712,274.73788,281.95956,289.31482,298.53592,304.33878,313.0162,323.08588,330.0113,339.795,347.85336,359.2236,367.48434,376.90262,386.67126,396.92517,407.09802,411.2507,412.27774,291.89114,298.8965,308.48938,313.55167,317.42047,319.89432,320.2474,320.85324,321.0894,320.00357,320.18872,316.09293,305.9762,296.02765,290.07288,281.36188,275.34048,269.27216,259.65088,250.80544,237.97562,225.52081,211.71695,198.24146,182.2316,164.70682,147.11667,131.58865,117.95866,107.22583,99.335075,90.26771,78.58979,66.99054,56.001816,48.546104,46.855656,56.6568,68.888145,78.439316,88.46216,97.35813,103.54913,108.0951,108.55095,109.467445,108.48318,103.41129,98.38446,95.31403,91.64344,91.05315,94.50659,92.8392,93.289055,96.00584,99.05051,99.986664,96.90124,107.471725,112.94345,108.28097,105.531204,107.319824,115.33152,119.368546,115.430916,95.879616,73.905846,58.38659,46.322723,34.031853,23.482092,16.27824,8.069554,0.93623275,-5.4880533,-9.473866,-11.95506,-14.948341,-16.987936,-19.713266,-21.72021,-22.589994,-23.12301,-24.235817,-24.649946,-24.448996,-24.086493,-24.741808,-25.066748,-24.30526,-23.545046,-22.627087,-21.630114,-20.586912,-19.527672,-18.344423,-16.994587,-15.624103,-14.681889,-13.762922,-12.95287,-11.880041,-10.968173,-9.893192,-8.96711,-8.106758,-7.527437,-6.925481,-6.415658,-5.845961,-5.3977165,-4.959264,-4.4444466,-3.8949695,-3.4758053,-3.114957,-2.8299685,-2.5805452,-2.4159942,-2.161009,-1.9354142,-1.6887174,-1.5288224,-1.4035196,-1.2640254,-1.1813408,-1.0586126,-0.95284665,-0.8862344,-0.8212833,-0.7779128,-0.6701753,-0.57734865,-0.4970994,-0.45427683,-0.4124279,-0.38025084,-0.34376982,-0.28953588,-0.27360648,-0.24461618,-0.23509255,-0.20312884,-0.1901164,-0.18062249,-0.15918176,-0.1418914,-0.11973674,-0.10018378,-0.09093184,-0.08977411,-0.088698626,-0.08749486,-0.07965094,-0.068894334,-0.067824095,-0.060371608,-0.059410743,-0.05267375,-0.051730473,-0.050760366,-0.049786005,-0.048919115,-0.048082422,-0.047306735,-0.041814853,-0.026088705,-0.018259192,-0.01207984,-0.011793007,-0.0075252876,-0.00735658,-0.0071806055,-0.007041796,-0.006925112,-0.0068316143,-0.006726769,-0.0065392763,-0.006247254,-0.0058514746,-0.005308994,-0.004631288,-0.0038854838,-0.0032095602,-0.002625827,-0.0018259566,-0.00092734816,2.6636291e-05,0.0010359916,0.0021769782,0.0033702902,0.0047138385,0.006514605,0.008523005,0.011008274,0.013734279,0.016865123,0.020594254,0.024935083,0.030526461,0.03749061,0.046285216,0.056042597,0.06920505,0.09080729,0.1277982,0.17923777,0.24340187,0.30098704,0.3623503,0.43683302,0.5313617,0.64257634,0.79193425,0.9797618,1.2018582,1.5320212,1.9357858,2.4666572,3.1769724,4.1201944,6.933372,9.1981325,11.301422,14.921058,16.608835,19.717777,22.587305,25.522646,28.36655,29.78252,30.795425,29.889912,26.52124,20.00926,12.6332035,7.237341,3.43764,1.4852878,0.7937908,0.60069865,0.50857,0.5399414,0.609204,0.6459549,0.70533067,0.777578,0.9037732,0.9744441,-0.9750404,-0.80221057,-0.60814375,-0.40523335,-0.2014064,0.0029774918,0.20631449,0.408148,0.6080357,0.80583835,1.0019664,1.1962696,1.389438,1.5811259,1.7723668,1.963253,2.1525307,2.3415277,2.5301185,2.718021,2.904655,3.0917642,3.2777858,3.4171634,3.6079094,3.782697,3.9245527,3.9277608,4.1236577,4.320062,4.506154,4.9057345,5.122994,5.3108926,5.5073624,5.7814193,6.0122976,6.066152,6.3790097,6.553455,6.8089347,7.5064096,8.159829,8.510463,8.937407,9.530957,9.973123,10.330839,10.482897,10.957518,11.028217,11.373168,11.6749935,11.948089,12.212746,12.217179,12.406884,12.301209,12.344229,12.017287,12.178705,12.14092,12.386354,12.842772,13.354509,9.154048,9.87077,15.868784,16.867838,17.762836,18.40657,18.812578,13.201407,20.555038,14.639589,15.185859,16.099218,17.032648,18.047085,18.77604,19.595144,20.462639,21.524408,22.849792,24.171167,36.455376,38.30162,39.524353,41.096516,42.660076,44.9266,46.697365,48.51516,49.25948,49.99739,51.282585,53.716198,55.421562,56.83348,58.568474,60.10435,62.597347,65.813095,67.59663,70.29578,72.5455,76.31179,79.73745,82.520325,86.83902,90.998276,94.19071,96.818596,99.75467,70.604195,74.35146,78.51954,81.68259,84.18932,86.71571,88.88017,91.145294,93.233345,94.46429,96.41727,97.59393,96.23006,95.37707,94.77676,94.74958,94.33138,93.898926,92.846886,91.044395,88.35092,86.11229,82.73407,78.36973,72.34792,65.603424,58.58785,52.710163,48.7941,45.35012,43.306065,40.48732,35.853123,31.164417,26.58429,23.092741,22.608946,27.544394,34.094696,39.539124,45.14468,50.780228,55.41544,59.280025,60.94018,63.141346,63.96258,61.952274,60.23741,58.99452,57.519875,57.781918,59.59481,59.538918,60.712452,62.35161,64.77699,65.59534,64.54151,71.06047,75.46884,73.91028,73.150085,74.9668,80.48946,83.5804,81.99745,70.85936,57.45945,47.132664,39.141453,31.173544,24.491533,19.953966,14.73174,9.912118,5.4461637,2.4383492,0.34569597,-1.9422886,-3.6582806,-5.689634,-7.262031,-8.087523,-8.858482,-9.758534,-10.319955,-10.405314,-10.579967,-11.034626,-11.4696455,-11.574465,-11.300046,-11.036235,-10.768913,-10.179853,-9.832025,-9.251581,-8.674856,-8.034704,-7.409721,-6.887113,-6.4391847,-5.987622,-5.64326,-4.9095926,-4.4740624,-4.1568513,-3.837332,-3.5145657,-3.23651,-3.015535,-2.8454397,-2.6106539,-2.3670735,-2.1206388,-1.999488,-1.7664632,-1.585192,-1.4661663,-1.323527,-1.1696179,-0.9983152,-0.891693,-0.85378623,-0.739505,-0.67340416,-0.624893,-0.59344655,-0.575068,-0.5162458,-0.50050735,-0.4496483,-0.40079784,-0.34119123,-0.32420552,-0.28859606,-0.24536511,-0.21638338,-0.20331791,-0.20062219,-0.16345416,-0.15063612,-0.13957116,-0.12824176,-0.09612004,-0.094607115,-0.085403316,-0.07654342,-0.06591679,-0.064738564,-0.053491298,-0.043573227,-0.043078747,-0.042509817,-0.041822247,-0.04103794,-0.040401246,-0.03976284,-0.029879991,-0.029397883,-0.02885981,-0.028302878,-0.021137403,-0.020762661,-0.015305625,-0.015057326,-0.014761642,-0.014472365,-0.014170842,-0.013827961,-0.013478184,-0.013111314,-0.012799537,-0.012471847,-0.012220566,-0.01201465,-0.01185665,-0.011674687,-0.011319617,-0.010745202,-0.00995243,-0.00885061,-0.0074625094,-0.0059276675,-0.0045348257,-0.003330637,-0.0016664872,0.00021400722,0.0022212341,0.0043572388,0.0067847613,0.009339531,0.012233405,0.016128892,0.020505013,0.01508889,0.018590057,0.022641128,0.027498126,0.033192366,0.040558133,0.049784,0.061492976,0.07459402,0.092290275,0.12126386,0.17083755,0.23984762,0.32560423,0.40133885,0.47961873,0.57234263,0.68518174,0.81167084,0.9755402,0.8733877,1.0224161,1.2587235,1.5075092,1.8112516,2.1788313,2.5926588,4.035068,4.9005303,5.032664,5.9403386,6.628079,7.1383057,7.1784377,7.2330523,6.942023,6.259323,5.5708575,4.344338,3.3045225,2.2768555,1.5630437,1.2805336,1.1988035,1.1854242,1.2868308,1.3029475,1.3698606,1.4693261,1.532377,1.589424,1.6351919,1.7025721,1.7775841,1.8494774,-0.49551234,-0.4251448,-0.34598646,-0.26208395,-0.1770471,-0.093274646,-0.010338925,0.07139017,0.15174627,0.23058577,0.30809587,0.38433284,0.4596427,0.54341274,0.6003716,0.6712013,0.7409035,0.8097649,0.8781313,0.9456322,1.0124905,1.0793244,1.1458337,1.2119073,1.2779455,1.3439357,1.4101435,1.4752243,1.5120654,1.5646132,1.6158653,1.7221388,1.831325,1.9155079,1.97433,2.1100383,2.1442547,2.1625562,2.3174682,2.330906,2.4468687,2.578932,2.8056872,2.935877,3.1221633,3.3527212,3.4628766,3.5185006,3.5589132,3.6970956,3.7629979,3.8244698,3.9079933,4.0179763,4.0329714,4.191172,4.3699455,4.357186,4.3383155,4.3457723,4.2296157,4.303336,4.367953,4.541362,4.7840786,3.3479316,3.5190134,5.762036,6.2410603,6.698148,7.0151963,7.2142224,5.0717726,8.017032,5.729574,5.8605204,6.163153,6.4397306,6.7367997,7.055127,7.3843837,7.618194,8.094611,8.713027,9.358555,14.158951,14.949498,15.757655,16.481188,17.077688,18.050709,18.87406,19.388956,19.726131,19.798977,20.212166,21.3337,22.177732,22.724384,23.441648,24.599709,25.315321,26.553421,27.183807,28.166447,28.97838,29.959343,31.576883,32.748653,34.087894,35.79147,37.640266,38.378704,39.510006,27.875475,29.769938,31.894943,33.170227,34.404026,35.78229,36.7031,37.700832,38.678696,39.65522,40.798073,41.525726,41.41631,41.189594,41.627,41.9078,41.905224,42.505238,42.080055,41.60278,40.24765,39.16382,37.29335,35.00202,32.454865,29.52896,26.486282,23.86435,22.14188,20.5946,19.75249,18.267673,16.274712,14.023342,11.953309,10.31723,9.857019,11.984723,14.775164,17.484539,20.270655,23.145168,25.50565,27.977053,28.681095,29.704014,30.139349,29.71006,28.730265,28.52025,27.866228,27.969015,29.051697,29.240635,29.405779,30.510399,31.521385,32.158768,31.636173,34.887257,37.291542,36.850414,36.80869,38.25248,41.481873,43.764133,44.056534,38.30602,31.518215,26.054996,21.713284,17.488405,13.840771,11.267884,8.35704,5.8386974,3.4552026,1.8682313,0.7222449,-0.46861517,-1.375224,-2.3993487,-3.2451482,-3.7041128,-4.039805,-4.4989305,-4.651086,-4.6332583,-4.6901317,-4.980475,-5.256223,-5.1610374,-5.088926,-4.788066,-4.5909543,-4.4421144,-4.2528024,-3.9522367,-3.709834,-3.5404365,-3.3211014,-3.0975635,-2.9234338,-2.7437499,-2.5475457,-2.4376628,-2.251583,-2.09863,-1.9428784,-1.8906066,-1.7847503,-1.5194386,-1.384601,-1.2661923,-1.0956942,-0.96991557,-0.8360654,-0.7768365,-0.72907114,-0.64752406,-0.60869306,-0.5867687,-0.5466762,-0.52687967,-0.47558367,-0.43985647,-0.39777726,-0.37812933,-0.36403504,-0.32702535,-0.310079,-0.28568992,-0.28159964,-0.22510746,-0.19918126,-0.16830726,-0.15444323,-0.14128986,-0.13911217,-0.11694741,-0.10228949,-0.10111048,-0.09268142,-0.09159457,-0.09064838,-0.08133845,-0.06863521,-0.055410728,-0.054449223,-0.053622432,-0.0355588,-0.035012923,-0.034574132,-0.026828844,-0.026468763,-0.026041161,-0.017154887,-0.01688811,0.0,0.0,0.0,0.0,0.0,0.0,0.0,0.0,0.0,0.0,0.0,0.0,0.0,0.0,0.0,0.0,0.0,0.0,0.0,0.0,0.0,0.0,0.0,0.0,0.0,0.0,0.0,0.0,0.0,0.0,0.0,0.0,0.0,0.0,0.0,0.0,0.0,0.0,0.0,0.0,0.0,0.0,0.0,0.0,0.0,0.0,0.0,0.0,0.0,0.0,0.0,0.0,0.0,0.0,0.0,0.0,0.0,0.0,0.0,0.0,0.0,0.0,0.0,0.0,0.0,0.0,0.0,0.0,0.0,0.0,0.0,0.0,0.0,0.0,0.0,0.0,0.0,0.0,0.0,0.0,0.0,0.0,0.0,0.0,0.0,0.0,0.0,0.0,0.0,0.0,0.0,0.0,0.0,0.0,0.0,0.0,0.0,0.0,0.0,0.0,0.0,0.0,0.0,0.0,0.0,0.0,0.0,0.0,0.0,0.0,0.0,0.0,0.0,0.0,0.0,0.0,0.0,0.0,0.0,0.0,0.0,0.0,0.0,0.0,0.0,0.0,0.0,0.0,0.0,0.0,0.0,0.0,0.0,0.0,0.0,0.0,0.0,0.0,0.0,0.0,0.0,0.0,0.0,0.0,0.0,0.0,0.0,0.0,0.0,0.0,0.0,0.0,0.0,0.0,0.0,0.0,0.0,0.0,0.0,0.0,0.0,0.0,0.0,0.0,0.0,0.0,0.0,0.0,0.0,0.0,0.0,0.0,0.0,0.0,0.0,0.0,0.0,0.0,0.0,0.0,0.0,0.0,0.0,0.0,0.0,0.0,0.0,0.0,0.0,0.0,0.0,0.0,0.0,0.0,0.0,0.0,0.0,0.0,0.0,0.0,0.0,0.0,0.0,0.0,0.0,0.0,0.0,0.0,0.0,0.0,0.0,0.0,0.0,0.0,0.0,0.0,0.0,0.0,0.0,0.0,0.0,0.0,0.0,0.0,0.0,0.0,0.0,0.0,0.0,0.0,0.0,0.0,0.0,0.0,0.0,0.0,0.0,0.0,0.0,0.0,0.0,0.0,0.0,0.0,0.0,0.0,0.0,0.0,0.0,0.0,0.0,0.0,0.0,0.0,0.0,0.0,0.0,0.0,0.0,0.0,0.0,0.0,0.0,0.0,0.0,0.0,0.0,0.0,0.0,0.0,0.0,0.0,0.0,0.0,0.0,0.0,0.0,0.0,0.0,0.0,0.0,0.0,0.0,0.0,0.0,0.0,0.0,0.0,0.0,0.0,0.0,0.0,0.0,0.0,0.0,0.0,0.0,0.0,0.0,0.0,0.0,0.0,0.0,0.0,0.0,0.0,0.0,0.0,0.0,0.0,0.0,0.0,0.0,0.0,0.0,0.0,0.0,0.0,0.0,0.0,0.0,0.0,0.0,0.0,0.0,0.0,0.0,0.0,0.0,0.0,0.0,0.0,0.0,0.0,0.0,0.0,0.0,0.0,0.0,0.0,0.0,0.0,0.0,0.0,0.0,0.0,0.0,0.0,0.0,0.0,0.0,0.0,0.0,0.0,0.0,0.0,0.0,0.0,0.0,0.0,0.0,0.0,0.0,0.0,0.0,0.0,0.0,0.0,0.0,0.0,0.0,0.0,0.0,0.0,0.0,0.0,0.0,0.0,0.0,0.0,0.0,0.0,0.0,0.0,0.0,0.0,0.0,0.0,0.0,0.0,0.0,0.0,0.0,0.0,0.0,0.0,0.0,0.0,0.0,0.0,0.0,0.0,0.0,0.0,0.0,0.0,0.0,0.0,0.0,0.0,0.0,0.0,0.0,0.0,0.0,0.0,0.0,0.0,0.0,0.0,0.0,0.0,0.0,0.0,0.0,0.0,0.0,0.0,0.0,0.0,0.0,0.0,0.0,0.0,0.0,0.0,0.0,0.0,0.0,0.0,0.0,0.0,0.0,0.0,0.0,0.0,0.0,0.0,0.0,0.0,0.0,0.0,0.0,0.0,0.0,0.0,0.0,0.0,0.0,0.0,0.0,0.0,0.0,0.0,0.0,0.0,0.0,0.0,0.0,0.0,0.0,0.0,0.0,0.0,0.0,0.0,0.0,0.0,0.0,0.0,0.0,0.0,0.0,0.0,0.0,0.0,0.0,0.0,0.0,0.0,0.0,0.0,0.0,0.0,0.0,0.0,0.0,0.0,0.0,0.0,0.0,0.0,0.0,0.0,0.0,0.0,0.0,0.0,0.0,0.0,0.0,0.0,0.0,0.0,0.0,0.0,0.0,0.0,0.0,0.0,0.0,0.0,0.0,0.0,0.0,0.0,0.0,0.0,0.0,0.0,0.0,0.0,0.0,0.0,0.0,0.0,0.0,0.0,0.0,0.0,0.0,0.0,0.0,0.0,0.0,0.0,0.0,0.0,0.0,0.0,0.0,0.0,0.0,0.0,0.0,0.0,0.0,0.0,0.0,0.0,0.0,0.0,0.0,0.0,0.0,0.0,0.0,0.0,0.0,0.0,0.0,0.0,0.0,0.0,0.0,0.0,0.0,0.0,0.0,0.0,0.0,0.0,0.0,0.0,0.0,0.0,0.0,0.0,0.0,0.0,0.0,0.0,0.0,0.0,0.0,0.0,0.0,0.0,0.0,0.0,0.0,0.0,0.0,0.0,0.0,0.0,0.0,0.0,0.0,0.0,0.0,0.0,0.0,0.0,0.0,0.0,0.0,0.0,0.0,0.0,0.0,0.0,0.0,0.0,0.0,0.0,0.0,0.0,0.0,0.0,0.0,0.0,0.0,0.0,0.0,0.0,0.0,0.0,0.0,0.0,0.0,0.0,0.0,0.0,0.0,0.0,0.0,0.0,0.0,0.0,0.0,0.0,0.0,0.0,0.0,0.0,0.0,0.0,0.0,0.0,0.0,0.0,0.0,0.0,0.0,0.0,0.0,0.0,0.0,0.0,0.0,0.0,0.0,0.0,0.0,0.0,0.0,0.0,0.0,0.0,0.0,0.0,0.0,0.0,0.0,0.0,0.0,0.0,0.0,0.0,0.0,0.0,0.0,0.0,0.0,0.0,0.0,0.0,0.0,0.0,0.0,0.0,0.0,0.0,0.0,0.0,0.0,0.0,0.0,0.0,0.0,0.0,0.0,0.0,0.0,0.0,0.0,0.0,0.0,0.0,0.0,0.0,0.0,0.0,0.0,0.0,0.0,0.0,0.0,0.0,0.0,0.0,0.0,0.0,0.0,0.0,0.0,0.0,0.0,0.0,0.0,0.0,0.0,0.0,0.0,0.0,0.0,0.0,0.0,0.0,0.0,0.0,0.0,0.0,0.0,0.0,0.0,0.0,0.0,0.0,0.0,0.0,0.0,0.0,0.0,0.0,0.0,0.0,0.0,0.0,0.0,0.0,0.0,0.0,0.0,0.0,0.0,0.0,0.0,0.0,0.0,0.0,0.0,0.0,0.0,0.0,0.0,0.0,0.0,0.0,0.0,0.0,0.0,0.0,0.0,0.0,0.0,0.0,0.0,0.0,0.0,0.0,0.0,0.0,0.0,0.0,0.0,0.0,0.0,0.0,0.0,0.0,0.0,0.0,0.0,0.0,0.0,0.0,0.0,0.0,0.0,0.0,0.0,0.0,0.0,0.0,0.0,0.0,0.0,0.0,0.0,0.0,0.0,0.0,0.0,0.0,0.0,0.0,0.0,0.0,0.0,0.0,0.0,0.0,0.0,0.0,0.0,0.0,0.0,0.0,0.0,0.0,0.0,0.0,0.0,0.0,0.0,0.0,0.0,0.0,0.0,0.0,0.0,0.0,0.0,0.0,0.0,0.0,0.0,0.0,0.0,0.0,0.0,0.0,0.0,0.0,0.0,0.0,0.0,0.0,0.0,0.0,0.0,0.0,0.0,0.0,0.0,0.0,0.0,0.0,0.0,0.0,0.0,0.0,0.0,0.0,0.0,0.0,0.0,0.0,0.0,0.0,0.0,0.0,0.0,0.0,0.0,0.0,0.0,0.0,0.0,0.0,0.0,0.0,0.0,0.0,0.0,0.0,0.0,0.0,0.0,0.0,0.0,0.0,0.0,0.0,0.0,0.0,0.0,0.0,0.0,0.0,0.0,0.0,0.0,0.0,0.0,0.0,0.0,0.0,0.0,0.0,0.0,0.0,0.0,0.0,0.0,0.0,0.0,0.0,0.0,0.0,0.0,0.0,0.0,0.0,0.0,0.0,0.0,0.0,0.0,0.0,0.0,0.0,0.0,0.0,0.0,0.0,0.0,0.0,0.0,0.0,0.0,0.0,0.0,0.0,0.0,0.0,0.0,0.0,0.0,0.0,0.0,0.0,0.0,0.0,0.0,0.0,0.0,0.0,0.0,0.0,0.0,0.0,0.0,0.0,0.0,0.0,0.0,0.0,0.0,0.0,0.0,0.0,0.0,0.0,0.0,0.0,0.0,0.0,0.0,0.0,0.0,0.0,0.0,0.0,0.0,0.0,0.0,0.0,0.0,0.0,0.0,0.0,0.0,0.0,0.0,0.0,0.0,0.0,0.0,0.0,0.0,0.0,0.0,0.0,0.0,0.0,0.0,0.0,0.0,0.0,0.0,0.0,0.0,0.0,0.0,0.0,0.0,0.0,0.0,0.0,0.0,0.0,0.0,0.0,0.0,0.0,0.0,0.0,0.0,0.0,0.0,0.0,0.0,0.0,0.0,0.0,0.0,0.0,0.0,0.0,0.0,0.0,0.0,0.0,0.0,0.0,0.0,0.0,0.0,0.0,0.0,0.0,0.0,0.0,0.0,0.0,0.0,0.0,0.0,0.0,0.0,0.0,0.0,0.0,0.0,0.0,0.0,0.0,0.0,0.0,0.0,0.0,0.0,0.0,0.0,0.0,0.0,0.0,0.0,0.0,0.0,0.0,0.0,0.0,0.0,0.0,0.0,0.0,0.0,0.0,0.0,0.0,0.0,0.0,0.0,0.0,0.0,0.0,0.0,0.0,0.0,0.0,0.0,0.0,0.0,0.0,0.0,0.0,0.0,0.0,0.0,0.0,0.0,0.0,0.0,0.0,0.0,0.0,0.0,0.0,0.0,0.0,0.0,0.0,0.0,0.0,0.0,0.0,0.0,0.0,0.0,0.0,0.0,0.0,0.0,0.0,0.0,0.0,0.0,0.0,0.0,0.0,0.0,0.0,0.0,0.0,0.0,0.0,0.0,0.0,0.0,0.0,0.0,0.0,0.0,0.0,0.0,0.0,0.0,0.0,0.0,0.0,0.0,0.0,0.0,0.0,0.0,0.0,0.0,0.0,0.0,0.0,0.0,0.0,0.0,0.0,0.0,0.0,0.0,0.0,0.0,0.0,0.0,0.0,0.0,0.0,0.0,0.0,0.0,0.0,0.0,0.0,0.0,0.0,0.0,0.0,0.0,0.0,0.0,0.0,0.0,0.0,0.0,0.0,0.0,0.0,0.0,0.0,0.0,0.0,0.0,0.0,0.0,0.0,0.0,0.0,0.0,0.0,0.0,0.0,0.0,0.0,0.0,0.0,0.0,0.0,0.0,0.0,0.0,0.0,0.0,0.0,0.0,0.0,0.0,0.0,0.0,0.0,0.0,0.0,0.0,0.0,0.0,0.0,0.0,0.0,0.0,0.0,0.0,0.0,0.0,0.0,0.0,0.0,0.0,0.0,0.0,0.0,0.0,0.0,0.0,0.0,0.0,0.0,0.0,0.0,0.0,0.0,0.0,0.0,0.0,0.0,0.0,0.0,0.0,0.0,0.0,0.0,0.0,0.0,0.0,0.0,0.0,0.0,0.0,0.0,0.0,0.0,0.0,0.0,0.0,0.0,0.0,0.0,0.0,0.0,0.0,0.0,0.0,0.0,0.0,0.0,0.0,0.0,0.0,0.0,0.0,0.0,0.0,0.0,0.0,0.0,0.0,0.0,0.0,0.0,0.0,0.0,0.0,0.0,0.0,0.0,0.0,0.0,0.0,0.0,0.0,0.0,0.0,0.0,0.0,0.0,0.0,0.0,0.0,0.0,0.0,0.0,0.0,0.0,0.0,0.0,0.0,0.0,0.0,0.0,0.0,0.0,0.0,0.0,0.0,0.0,0.0,0.0,0.0,0.0,0.0,0.0,0.0,0.0,0.0,0.0,0.0,0.0,0.0,0.0,0.0,0.0,0.0,0.0,0.0,0.0,0.0,0.0,0.0,0.0,0.0,0.0,0.0,0.0,0.0,0.0,0.0,0.0,0.0,0.0,0.0,0.0,0.0,0.0,0.0,0.0,0.0,0.0,0.0,0.0,0.0,0.0,0.0,0.0,0.0,0.0,0.0,0.0,0.0,0.0,0.0,0.0,0.0,0.0,0.0,0.0,0.0,0.0,0.0,0.0,0.0,0.0,0.0,0.0,0.0,0.0,0.0,0.0,0.0,0.0,0.0,0.0,0.0,0.0,0.0,0.0,0.0,0.0,0.0,0.0,0.0,0.0,0.0,0.0,0.0,0.0,0.0,0.0,0.0,0.0,0.0,0.0,0.0,0.0,0.0,0.0,0.0,0.0,0.0,0.0,0.0,0.0,0.0,0.0,0.0,0.0,0.0,0.0,0.0,0.0,0.0,0.0,0.0,0.0,0.0,0.0,0.0,0.0,0.0,0.0,0.0,0.0,0.0,0.0,0.0,0.0,0.0,0.0,0.0,0.0,0.0,0.0,0.0,0.0,0.0,0.0,0.0,0.0,0.0,0.0,0.0,0.0,0.0,0.0,0.0,0.0,0.0,0.0,0.0,0.0,0.0,0.0,0.0,0.0,0.0,0.0,0.0,0.0,0.0,0.0,0.0,0.0,0.0,0.0,0.0,0.0,0.0,0.0,0.0,0.0,0.0,0.0,0.0,0.0,0.0,0.0,0.0,0.0,0.0,0.0,0.0,0.0,0.0,0.0,0.0,0.0,0.0,0.0,0.0,0.0,0.0,0.0,0.0,0.0,0.0,0.0,0.0,0.0,0.0,0.0,0.0,0.0,0.0,0.0,0.0,0.0,0.0,0.0,0.0,0.0,0.0,0.0,0.0,0.0,0.0,0.0,0.0,0.0,0.0,0.0,0.0,0.0,0.0,0.0,0.0,0.0,0.0,0.0,0.0,0.0,0.0,0.0,0.0,0.0,0.0,0.0,0.0,0.0,0.0,0.0,0.0,0.0,0.0,0.0,0.0,0.0,0.0,0.0,0.0,0.0,0.0,0.0,0.0,0.0,0.0,0.0,0.0,0.0,0.0,0.0,0.0,0.0,0.0,0.0,0.0,0.0,0.0,0.0,0.0,0.0,0.0,0.0,0.0,0.0,0.0,0.0,0.0,0.0,0.0,0.0,0.0,0.0,0.0,0.0,0.0,0.0,0.0,0.0,0.0,0.0,0.0,0.0,0.0,0.0,0.0,0.0,0.0,0.0,0.0,0.0,0.0,0.0,0.0,0.0,0.0,0.0,0.0,0.0,0.0,0.0,0.0,0.0,0.0,0.0,0.0,0.0,0.0,0.0,0.0,0.0,0.0,0.0,0.0,0.0,0.0,0.0,0.0,0.0,0.0,0.0,0.0,0.0,0.0,0.0,0.0,0.0,0.0,0.0,0.0,0.0,0.0,0.0,0.0,0.0,0.0,0.0,0.0,0.0,0.0,0.0,0.0,0.0,0.0,0.0,0.0,0.0,0.0,0.0,0.0,0.0,0.0,0.0,0.0,0.0,0.0,0.0,0.0,0.0,0.0,0.0,0.0,0.0,0.0,0.0,0.0,0.0,0.0,0.0,0.0,0.0,0.0,0.0,0.0,0.0,0.0,0.0,0.0,0.0,0.0,0.0,0.0,0.0,0.0,0.0,0.0,0.0,0.0,0.0,0.0,0.0,0.0,0.0,0.0,0.0,0.0,0.0,0.0,0.0,0.0,0.0,0.0,0.0,0.0,0.0,0.0,0.0,0.0,0.0,0.0,0.0,0.0,0.0,0.0,0.0,0.0,0.0,0.0,0.0,0.0,0.0,0.0,0.0,0.0,0.0,0.0,0.0,0.0,0.0,0.0,0.0,0.0,0.0,0.0,0.0,0.0,0.0,0.0,0.0,0.0,0.0,0.0,0.0,0.0,0.0,0.0,0.0,0.0,0.0,0.0,0.0,0.0,0.0,0.0,0.0,0.0,0.0,0.0,0.0,0.0,0.0,0.0,0.0,0.0,0.0,0.0,0.0,0.0,0.0,0.0,0.0,0.0,0.0,0.0,0.0,0.0,0.0,0.0,0.0,0.0,0.0,0.0,0.0,0.0,0.0,0.0,0.0,0.0,0.0,0.0,0.0,0.0,0.0,0.0,0.0,0.0,0.0,0.0,0.0,0.0,0.0,0.0,0.0,0.0,0.0,0.0,0.0,0.0,0.0,0.0,0.0,0.0,0.0,0.0,0.0,0.0,0.0,0.0,0.0,0.0,0.0
Tax18,0.0,-0.6449329,-0.55691403,-0.44643548,-0.32060897,-0.18468936,-0.04250796,0.10307528,0.25103527,0.39748016,0.5421083,0.6890247,0.82689846,0.9598927,1.0868336,1.2067817,1.3192248,1.4239448,1.5192559,1.6376148,1.72419,1.8032696,1.8921913,1.996458,2.0611117,2.1352084,2.2362425,2.3381326,2.3879533,2.4563823,2.5030255,2.5586412,2.6991112,2.7582574,2.8197126,2.892732,3.0212433,3.0447378,3.0257785,3.0619535,3.1843352,3.2005553,3.3049283,3.400266,3.4176676,3.5097778,3.6085448,3.6923614,3.6944048,3.7156985,3.7223527,3.6922746,3.7909083,3.723139,3.8276331,3.7139847,3.6491535,3.6295373,3.4462426,3.3206418,3.1832757,3.0388885,2.9576337,2.8692715,2.904166,2.9427433,1.8949505,1.9574691,3.1726513,3.182736,3.259914,3.2282314,3.145789,1.9933448,3.210671,2.0916123,2.0783806,2.140391,2.193032,2.2420292,2.261606,2.279426,2.2966366,2.3363807,2.3965354,2.4711618,3.838714,3.8504512,3.9502578,4.044561,4.150933,4.1791253,4.244272,4.255796,4.2865753,4.088742,4.088194,4.2105794,4.198514,4.1826086,4.070719,4.02914,4.055827,4.039569,3.9800618,3.9567666,3.9873097,3.9746344,3.920425,4.0649123,4.0366864,4.0922427,4.0329833,4.0515747,3.8880742,2.5278482,2.54226,2.543084,2.5382094,2.4934912,2.504135,2.432262,2.4335546,2.423701,2.3889384,2.39918,2.3613207,2.2871785,2.2259438,2.1296222,2.1202946,2.064525,2.0031722,1.9748783,1.8948873,1.8192737,1.6802021,1.5990746,1.4853356,1.3676544,1.2599885,1.1354598,1.0170451,0.92839795,0.85330904,0.7902857,0.7120869,0.624461,0.5349201,0.45447734,0.40085453,0.39385784,0.50027084,0.6267679,0.73502535,0.81419706,0.9114871,0.9999162,1.0477839,1.0406191,1.0429794,1.0322063,0.9963068,0.9724943,0.9322113,0.89695925,0.9160582,0.94744855,0.9584026,0.9652611,1.0022998,1.0517111,1.0724798,1.049081,1.1635661,1.2287683,1.2004569,1.177121,1.1784571,1.2901686,1.2610345,1.2294234,1.0462372,0.8439511,0.6988173,0.5583398,0.4515371,0.37154317,0.31944445,0.24637622,0.18517822,0.117565185,0.07705864,0.04572833,0.012591664,-0.0146218445,-0.04705364,-0.07542743,-0.09230211,-0.111386485,-0.13020574,-0.1433392,-0.14294952,-0.15103835,-0.16069502,-0.17195559,-0.17907351,-0.18020482,-0.17294843,-0.17083901,-0.17043874,-0.14729968,-0.14429232,-0.13205968,-0.13289177,-0.12898663,-0.11984928,-0.10149332,-0.09689058,-0.097381085,-0.09773409,-0.0887557,-0.08062134,-0.08087024,-0.07222268,-0.07221534,-0.06134735,-0.055066362,-0.054860804,-0.04876557,-0.04314152,-0.042962484,-0.043007687,-0.03565487,-0.02770476,-0.02757816,-0.019367475,-0.019269727,-0.0066706156,-0.0066416836,-0.006606554,-0.0065703914,-0.0065487185,-0.0065486794,0.0,0.0,0.0,0.0,0.0,0.0,0.0,0.0,0.0,0.0,0.0,0.0,0.0,0.0,0.0,0.0,0.0,0.0,0.0,0.0,0.0,0.0,0.0,0.0,0.0,0.0,0.0,0.0,0.0,0.0,0.0,0.0,0.0,0.0,0.0,0.0,0.0,0.0,0.0,0.0,0.0,0.0,0.0,0.0,0.0,0.0,0.0,0.0,0.0,0.0,0.0,0.0,0.0,0.0,0.0,0.0,0.0,0.0,0.0,0.0,0.0,0.0,0.0,0.0,0.0,0.0,0.0,0.0,0.0,0.0,0.0,0.0,0.0,0.0,0.0,0.0,0.0,0.0,0.0,0.0,0.0,0.0,0.0,0.0,0.0,0.0,0.0,0.0,0.0,0.0,0.0,0.0,0.0,0.0,0.0,0.0,0.0,0.0,0.0,0.0,0.0,0.0,0.0,0.0,0.0,0.0,0.0,0.0,0.0,0.0,0.0,0.0,0.0,0.0,0.0,0.0,0.0,0.0,0.0,0.0,0.0,0.0,0.0,0.0,0.0,0.0,0.0,0.0,0.0,0.0,0.0,0.0,0.0,0.0,0.0,0.0,0.0,0.0,0.0,0.0,0.0,0.0,0.0,0.0,0.0,0.0,0.0,0.0,0.0,0.0,0.0,0.0,0.0,0.0,0.0,0.0,0.0,0.0,0.0,0.0,0.0,0.0,0.0,0.0,0.0,0.0,0.0,0.0,0.0,0.0,0.0,0.0,0.0,0.0,0.0,0.0,0.0,0.0,0.0,0.0,0.0,0.0,0.0,0.0,0.0,0.0,0.0,0.0,0.0,0.0,0.0,0.0,0.0,0.0,0.0,0.0,0.0,0.0,0.0,0.0,0.0,0.0,0.0,0.0,0.0,0.0,0.0,0.0,0.0,0.0,0.0,0.0,0.0,0.0,0.0,0.0,0.0,0.0,0.0,0.0,0.0,0.0,0.0,0.0,0.0,0.0,0.0,0.0,0.0,0.0,0.0,0.0,0.0,0.0,0.0,0.0,0.0,0.0,0.0,0.0,0.0,0.0,0.0,0.0,0.0,0.0,0.0,0.0,0.0,0.0,0.0,0.0,0.0,0.0,0.0,0.0,0.0,0.0,0.0,0.0,0.0,0.0,0.0,0.0,0.0,0.0,0.0,0.0,0.0,0.0,0.0,0.0,0.0,0.0,0.0,0.0,0.0,0.0,0.0,0.0,0.0,0.0,0.0,0.0,0.0,0.0,0.0,0.0,0.0,0.0,0.0,0.0,0.0,0.0,0.0,0.0,0.0,0.0,0.0,0.0,0.0,0.0,0.0,0.0,0.0,0.0,0.0,0.0,0.0,0.0,0.0,0.0,0.0,0.0,0.0,0.0,0.0,0.0,0.0,0.0,0.0,0.0,0.0,0.0,0.0,0.0,0.0,0.0,0.0,0.0,0.0,0.0,0.0,0.0,0.0,0.0,0.0,0.0,0.0,0.0,0.0,0.0,0.0,0.0,0.0,0.0,0.0,0.0,0.0,0.0,0.0,0.0,0.0,0.0,0.0,0.0,0.0,0.0,0.0,0.0,0.0,0.0,0.0,0.0,0.0,0.0,0.0,0.0,0.0,0.0,0.0,0.0,0.0,0.0,0.0,0.0,0.0,0.0,0.0,0.0,0.0,0.0,0.0,0.0,0.0,0.0,0.0,0.0,0.0,0.0,0.0,0.0,0.0,0.0,0.0,0.0,0.0,0.0,0.0,0.0,0.0,0.0,0.0,0.0,0.0,0.0,0.0,0.0,0.0,0.0,0.0,0.0,0.0,0.0,0.0,0.0,0.0,0.0,0.0,0.0,0.0,0.0,0.0,0.0,0.0,0.0,0.0,0.0,0.0,0.0,0.0,0.0,0.0,0.0,0.0,0.0,0.0,0.0,0.0,0.0,0.0,0.0,0.0,0.0,0.0,0.0,0.0,0.0,0.0,0.0,0.0,0.0,0.0,0.0,0.0,0.0,0.0,0.0,0.0,0.0,0.0,0.0,0.0,0.0,0.0,0.0,0.0,0.0,0.0,0.0,0.0,0.0,0.0,0.0,0.0,0.0,0.0,0.0,0.0,0.0,0.0,0.0,0.0,0.0,0.0,0.0,0.0,0.0,0.0,0.0,0.0,0.0,0.0,0.0,0.0,0.0,0.0,0.0,0.0,0.0,0.0,0.0,0.0,0.0,0.0,0.0,0.0,0.0,0.0,0.0,0.0,0.0,0.0,0.0,0.0,0.0,0.0,0.0,0.0,0.0,0.0,0.0,0.0,0.0,0.0,0.0,0.0,0.0,0.0,0.0,0.0,0.0,0.0,0.0,0.0,0.0,0.0,0.0,0.0,0.0,0.0,0.0,0.0,0.0,0.0,0.0,0.0,0.0,0.0,0.0,0.0,0.0,0.0,0.0,0.0,0.0,0.0,0.0,0.0,0.0,0.0,0.0,0.0,0.0,0.0,0.0,0.0,0.0,0.0,0.0,0.0,0.0,0.0,0.0,0.0,0.0,0.0,0.0,0.0,0.0,0.0,0.0,0.0,0.0,0.0,0.0,0.0,0.0,0.0,0.0,0.0,0.0,0.0,0.0,0.0,0.0,0.0,0.0,0.0,0.0,0.0,0.0,0.0,0.0,0.0,0.0,0.0,0.0,0.0,0.0,0.0,0.0,0.0,0.0,0.0,0.0,0.0,0.0,0.0,0.0,0.0,0.0,0.0,0.0,0.0,0.0,0.0,0.0,0.0,0.0,0.0,0.0,0.0,0.0,0.0,0.0,0.0,0.0,0.0,0.0,0.0,0.0,0.0,0.0,0.0,0.0,0.0,0.0,0.0,0.0,0.0,0.0,0.0,0.0,0.0,0.0,0.0,0.0,0.0,0.0,0.0,0.0,0.0,0.0,0.0,0.0,0.0,0.0,0.0,0.0,0.0,0.0,0.0,0.0,0.0,0.0,0.0,0.0,0.0,0.0,0.0,0.0,0.0,0.0,0.0,0.0,0.0,0.0,0.0,0.0,0.0,0.0,0.0,0.0,0.0,0.0,0.0,0.0,0.0,0.0,0.0,0.0,0.0,0.0,0.0,0.0,0.0,0.0,0.0,0.0,0.0,0.0,0.0,0.0,0.0,0.0,0.0,0.0,0.0,0.0,0.0,0.0,0.0,0.0,0.0,0.0,0.0,0.0,0.0,0.0,0.0,0.0,0.0,0.0,0.0,0.0,0.0,0.0,0.0,0.0,0.0,0.0,0.0,0.0,0.0,0.0,0.0,0.0,0.0,0.0,0.0,0.0,0.0,0.0,0.0,0.0,0.0,0.0,0.0,0.0,0.0,0.0,0.0,0.0,0.0,0.0,0.0,0.0,0.0,0.0,0.0,0.0,0.0,0.0,0.0,0.0,0.0,0.0,0.0,0.0,0.0,0.0,0.0,0.0,0.0,0.0,0.0,0.0,0.0,0.0,0.0,0.0,0.0,0.0,0.0,0.0,0.0,0.0,0.0,0.0,0.0,0.0,0.0,0.0,0.0,0.0,0.0,0.0,0.0,0.0,0.0,0.0,0.0,0.0,0.0,0.0,0.0,0.0,0.0,0.0,0.0,0.0,0.0,0.0,0.0,0.0,0.0,0.0,0.0,0.0,0.0,0.0,0.0,0.0,0.0,0.0,0.0,0.0,0.0,0.0,0.0,0.0,0.0,0.0,0.0,0.0,0.0,0.0,0.0,0.0,0.0,0.0,0.0,0.0,0.0,0.0,0.0,0.0,0.0,0.0,0.0,0.0,0.0,0.0,0.0,0.0,0.0,0.0,0.0,0.0,0.0,0.0,0.0,0.0,0.0,0.0,0.0,0.0,0.0,0.0,0.0,0.0,0.0,0.0,0.0,0.0,0.0,0.0,0.0,0.0,0.0,0.0,0.0,0.0,0.0,0.0,0.0,0.0,0.0,0.0,0.0,0.0,0.0,0.0,0.0,0.0,0.0,0.0,0.0,0.0,0.0,0.0,0.0,0.0,0.0,0.0,0.0,0.0,0.0,0.0,0.0,0.0,0.0,0.0,0.0,0.0,0.0,0.0,0.0,0.0,0.0,0.0,0.0,0.0,0.0,0.0,0.0,0.0,0.0,0.0,0.0,0.0,0.0,0.0,0.0,0.0,0.0,0.0,0.0,0.0,0.0,0.0,0.0,0.0,0.0,0.0,0.0,0.0,0.0,0.0,0.0,0.0,0.0,0.0,0.0,0.0,0.0,0.0,0.0,0.0,0.0,0.0,0.0,0.0,0.0,0.0,0.0,0.0,0.0,0.0,0.0,0.0,0.0,0.0,0.0,0.0,0.0,0.0,0.0,0.0,0.0,0.0,0.0,0.0,0.0,0.0,0.0,0.0,0.0,0.0,0.0,0.0,0.0,0.0,0.0,0.0,0.0,0.0,0.0,0.0,0.0,0.0,0.0,0.0,0.0,0.0,0.0,0.0,0.0,0.0,0.0,0.0,0.0,0.0,0.0,0.0,0.0,0.0,0.0,0.0,0.0,0.0,0.0,0.0,0.0,0.0,0.0,0.0,0.0,0.0,0.0,0.0,0.0,0.0,0.0,0.0,0.0,0.0,0.0,0.0,0.0,0.0,0.0,0.0,0.0,0.0,0.0,0.0,0.0,0.0,0.0,0.0,0.0,0.0,0.0,0.0,0.0,0.0,0.0,0.0,0.0,0.0,0.0,0.0,0.0,0.0,0.0,0.0,0.0,0.0,0.0,0.0,0.0,0.0,0.0,0.0,0.0,0.0,0.0,0.0,0.0,0.0,0.0,0.0,0.0,0.0,0.0,0.0,0.0,0.0,0.0,0.0,0.0,0.0,0.0,0.0,0.0,0.0,0.0,0.0,0.0,0.0,0.0,0.0,0.0,0.0,0.0,0.0,0.0,0.0,0.0,0.0,0.0,0.0,0.0,0.0,0.0,0.0,0.0,0.0,0.0,0.0,0.0,0.0,0.0,0.0,0.0,0.0,0.0,0.0,0.0,0.0,0.0,0.0,0.0,0.0,0.0,0.0,0.0,0.0,0.0,0.0,0.0,0.0,0.0,0.0,0.0,0.0,0.0,0.0,0.0,0.0,0.0,0.0,0.0,0.0,0.0,0.0,0.0,0.0,0.0,0.0,0.0,0.0,0.0,0.0,0.0,0.0,0.0,0.0,0.0,0.0,0.0,0.0,0.0,0.0,0.0,0.0,0.0,0.0,0.0,0.0,0.0,0.0,0.0,0.0,0.0,0.0,0.0,0.0,0.0,0.0,0.0,0.0,0.0,0.0,0.0,0.0,0.0,0.0,0.0,0.0,0.0,0.0,0.0,0.0,0.0,0.0,0.0,0.0,0.0,0.0,0.0,0.0,0.0,0.0,0.0,0.0,0.0,0.0,0.0,0.0,0.0,0.0,0.0,0.0,0.0,0.0,0.0,0.0,0.0,0.0,0.0,0.0,0.0,0.0,0.0,0.0,0.0,0.0,0.0,0.0,0.0,0.0,0.0,0.0,0.0,0.0,0.0,0.0,0.0,0.0,0.0,0.0,0.0,0.0,0.0,0.0,0.0,0.0,0.0,0.0,0.0,0.0,0.0,0.0,0.0,0.0,0.0,0.0,0.0,0.0,0.0,0.0,0.0,0.0,0.0,0.0,0.0,0.0,0.0,0.0,0.0,0.0,0.0,0.0,0.0,0.0,0.0,0.0,0.0,0.0,0.0,0.0,0.0,0.0,0.0,0.0,0.0,0.0,0.0,0.0,0.0,0.0,0.0,0.0,0.0,0.0,0.0,0.0,0.0,0.0,0.0,0.0,0.0,0.0,0.0,0.0,0.0,0.0,0.0,0.0,0.0,0.0,0.0,0.0,0.0,0.0,0.0,0.0,0.0,0.0,0.0,0.0,0.0,0.0,0.0,0.0,0.0,0.0,0.0,0.0,0.0,0.0,0.0,0.0,0.0,0.0,0.0,0.0,0.0,0.0,0.0,0.0,0.0,0.0,0.0,0.0,0.0,0.0,0.0,0.0,0.0,0.0,0.0,0.0,0.0,0.0,0.0,0.0,0.0,0.0,0.0,0.0,0.0,0.0,0.0,0.0,0.0,0.0,0.0,0.0,0.0,0.0,0.0,0.0,0.0,0.0,0.0,0.0,0.0,0.0,0.0,0.0,0.0,0.0,0.0,0.0,0.0,0.0,0.0,0.0,0.0,0.0,0.0,0.0,0.0,0.0,0.0,0.0,0.0,0.0,0.0,0.0,0.0,0.0,0.0,0.0,0.0,0.0,0.0,0.0,0.0,0.0,0.0,0.0,0.0,0.0,0.0,0.0,0.0,0.0,0.0,0.0,0.0,0.0,0.0,0.0,0.0,0.0,0.0,0.0,0.0,0.0,0.0,0.0,0.0,0.0,0.0,0.0,0.0,0.0,0.0,0.0,0.0,0.0,0.0,0.0,0.0,0.0,0.0,0.0,0.0,0.0,0.0,0.0,0.0,0.0,0.0,0.0,0.0,0.0,0.0,0.0,0.0,0.0,0.0,0.0,0.0,0.0,0.0,0.0,0.0,0.0,0.0,0.0,0.0,0.0,0.0,0.0,0.0,0.0,0.0,0.0,0.0,0.0,0.0,0.0,0.0,0.0,0.0,0.0,0.0,0.0,0.0,0.0,0.0,0.0,0.0,0.0,0.0,0.0,0.0,0.0,0.0,0.0,0.0,0.0,0.0,0.0,0.0,0.0,0.0,0.0,0.0,0.0,0.0,0.0,0.0,0.0,0.0,0.0,0.0,0.0,0.0,0.0,0.0,0.0,0.0,0.0,0.0,0.0,0.0,0.0,0.0,0.0,0.0,0.0,0.0,0.0,0.0,0.0,0.0,0.0,0.0,0.0,0.0,0.0,0.0,0.0,0.0,0.0,0.0,0.0,0.0,0.0,0.0,0.0,0.0,0.0,0.0,0.0,0.0,0.0,0.0,0.0,0.0,0.0,0.0,0.0,0.0,0.0,0.0,0.0,0.0,0.0,0.0,0.0,0.0,0.0,0.0,0.0,0.0,0.0,0.0,0.0,0.0,0.0,0.0,0.0,0.0,0.0,0.0,0.0,0.0,0.0,0.0,0.0,0.0,0.0,0.0,0.0,0.0,0.0,0.0,0.0,0.0,0.0,0.0,0.0,0.0,0.0,0.0,0.0,0.0,0.0,0.0,0.0,0.0,0.0,0.0,0.0,0.0,0.0,0.0,0.0,0.0,0.0,0.0,0.0,0.0,0.0,0.0,0.0,0.0,0.0,0.0,0.0,0.0,0.0,0.0,0.0,0.0,0.0,0.0,0.0,0.0,0.0,0.0,0.0,0.0,0.0,0.0,0.0,0.0,0.0,0.0,0.0,0.0,0.0,0.0,0.0,0.0,0.0,0.0,0.0,0.0,0.0,0.0,0.0,0.0,0.0,0.0,0.0,0.0,0.0,0.0,0.0,0.0,0.0,0.0,0.0,0.0,0.0,0.0,0.0,0.0,0.0,0.0,0.0,0.0,0.0,0.0,0.0,0.0,0.0,0.0,0.0,0.0,0.0,0.0,0.0,0.0,0.0,0.0,0.0,0.0,0.0,0.0,0.0,0.0,0.0,0.0,0.0,0.0,0.0,0.0,0.0,0.0,0.0,0.0,0.0,0.0,0.0,0.0,0.0,0.0,0.0,0.0,0.0,0.0,0.0,0.0,0.0,0.0,0.0,0.0,0.0,0.0,0.0,0.0,0.0,0.0,0.0,0.0,0.0,0.0,0.0,0.0,0.0,0.0,0.0,0.0,0.0,0.0,0.0,0.0,0.0,0.0,0.0,0.0,0.0,0.0,0.0,0.0,0.0,0.0,0.0,0.0,0.0,0.0,0.0,0.0,0.0,0.0,0.0,0.0,0.0,0.0,0.0,0.0,0.0,0.0,0.0,0.0,0.0,0.0,0.0,0.0,0.0,0.0,0.0,0.0,0.0,0.0,0.0,0.0,0.0,0.0,0.0,0.0,0.0,0.0,0.0,0.0,0.0,0.0,0.0,0.0,0.0,0.0,0.0,0.0,0.0,0.0,0.0,0.0,0.0,0.0,0.0,0.0,0.0,0.0,0.0,0.0,0.0,0.0,0.0,0.0,0.0,0.0,0.0,0.0,0.0,0.0,0.0,0.0,0.0,0.0,0.0,0.0,0.0,0.0,0.0,0.0,0.0,0.0,0.0,0.0,0.0,0.0,0.0,0.0,0.0,0.0,0.0,0.0,0.0,0.0,0.0,0.0,0.0,0.0,0.0,0.0,0.0,0.0,0.0,0.0,0.0,0.0,0.0,0.0,0.0,0.0,0.0,0.0,0.0,0.0,0.0,0.0,0.0,0.0,0.0,0.0,0.0,0.0,0.0,0.0,0.0,0.0,0.0,0.0,0.0,0.0,0.0,0.0,0.0,0.0,0.0,0.0,0.0,0.0,0.0,0.0,0.0,0.0,0.0,0.0,0.0,0.0,0.0,0.0,0.0,0.0,0.0,0.0,0.0,0.0,0.0,0.0,0.0,0.0,0.0,0.0,0.0,0.0,0.0,0.0,0.0,0.0,0.0,0.0,0.0,0.0,0.0,0.0,0.0,0.0,0.0,0.0,0.0,0.0,0.0,0.0,0.0,0.0,0.0,0.0,0.0,0.0,0.0,0.0,0.0,0.0,0.0,0.0,0.0,0.0,0.0,0.0,0.0,0.0,0.0,0.0,0.0,0.0,0.0,0.0,0.0,0.0,0.0,0.0,0.0,0.0,0.0,0.0,0.0,0.0,0.0,0.0,0.0,0.0,0.0,0.0,0.0,0.0,0.0,0.0,0.0,0.0,0.0,0.0,0.0,0.0,0.0,0.0,0.0,0.0,0.0,0.0,0.0,0.0,0.0,0.0,0.0,0.0,0.0,0.0,0.0,0.0,0.0,0.0,0.0,0.0,0.0,0.0,0.0,0.0,0.0,0.0,0.0,0.0,0.0,0.0,0.0,0.0,0.0,0.0,0.0,0.0,0.0,0.0,0.0,0.0,0.0,0.0,0.0,0.0,0.0,0.0,0.0,0.0,0.0,0.0,0.0,0.0,0.0,0.0,0.0,0.0,0.0,0.0,0.0,0.0,0.0,0.0,0.0,0.0,0.0,0.0,0.0,0.0,0.0,0.0,0.0,0.0,0.0,0.0,0.0,0.0,0.0,0.0,0.0,0.0,0.0,0.0,0.0,0.0,0.0,0.0,0.0,0.0,0.0,0.0,0.0,0.0,0.0,0.0,0.0,0.0,0.0,0.0,0.0,0.0,0.0,0.0,0.0,0.0,0.0,0.0,0.0,0.0,0.0,0.0,0.0,0.0,0.0,0.0,0.0,0.0,0.0,0.0,0.0,0.0,0.0,0.0,0.0,0.0,0.0,0.0,0.0,0.0,0.0,0.0,0.0,0.0,0.0,0.0,0.0,0.0,0.0,0.0,0.0,0.0,0.0,0.0,0.0,0.0,0.0,0.0,0.0,0.0,0.0,0.0,0.0,0.0,0.0,0.0,0.0,0.0,0.0,0.0,0.0,0.0,0.0,0.0,0.0,0.0,0.0,0.0,0.0,0.0,0.0,0.0,0.0,0.0,0.0,0.0,0.0,0.0,0.0,0.0,0.0,0.0,0.0,0.0,0.0,0.0,0.0,0.0,0.0,0.0,0.0,0.0,0.0,0.0,0.0,0.0,0.0,0.0,0.0,0.0,0.0,0.0,0.0,0.0,0.0,0.0,0.0,0.0,0.0,0.0,0.0,0.0,0.0,0.0,0.0,0.0,0.0,0.0,0.0,0.0,0.0,0.0,0.0,0.0,0.0,0.0,0.0,0.0,0.0,0.0,0.0,0.0,0.0,0.0,0.0,0.0,0.0,0.0,0.0,0.0,0.0,0.0,0.0,0.0,0.0,0.0,0.0,0.0,0.0,0.0,0.0,0.0,0.0,0.0,0.0,0.0,0.0,0.0,0.0,0.0,0.0,0.0,0.0,0.0,0.0,0.0,0.0,0.0,0.0,0.0,0.0,0.0,0.0,0.0,0.0,0.0,0.0,0.0,0.0,0.0,0.0,0.0,0.0,0.0,0.0,0.0,0.0,0.0,0.0,0.0,0.0,0.0,0.0,0.0,0.0,0.0,0.0,0.0,0.0,0.0,0.0,0.0,0.0,0.0,0.0,0.0,0.0,0.0,0.0,0.0,0.0,0.0,0.0,0.0,0.0,0.0,0.0,0.0,0.0,0.0,0.0,0.0,0.0,0.0,0.0,0.0,0.0,0.0,0.0,0.0,0.0,0.0,0.0,0.0,0.0,0.0,0.0,0.0,0.0,0.0,0.0,0.0,0.0,0.0,0.0,0.0,0.0,0.0,0.0,0.0,0.0,0.0,0.0,0.0,0.0,0.0,0.0,0.0,0.0,0.0,0.0,0.0,0.0,0.0,0.0,0.0,0.0,0.0,0.0,0.0,0.0,0.0,0.0,0.0,0.0,0.0,0.0,0.0,0.0,0.0,0.0,0.0,0.0,0.0,0.0,0.0,0.0,0.0,0.0,0.0,0.0,0.0,0.0,0.0,0.0,0.0,0.0,0.0,0.0,0.0,0.0,0.0,0.0,0.0,0.0,0.0,0.0,0.0,0.0,0.0,0.0,0.0,0.0,0.0,0.0,0.0,0.0,0.0,0.0,0.0,0.0,0.0,0.0,0.0,0.0,0.0,0.0,0.0,0.0,0.0,0.0,0.0,0.0,0.0,0.0,0.0,0.0,0.0,0.0,0.0,0.0,0.0,0.0,0.0,0.0,0.0,0.0,0.0,0.0,0.0,0.0,0.0,0.0,0.0,0.0,0.0,0.0,0.0,0.0,0.0,0.0,0.0,0.0,0.0,0.0,0.0,0.0,0.0,0.0,0.0,0.0,0.0,0.0,0.0,0.0,0.0,0.0,0.0,0.0,0.0,0.0,0.0,0.0,0.0,0.0,0.0,0.0,0.0,0.0,0.0,0.0,0.0,0.0,0.0,0.0,0.0,0.0,0.0,0.0,0.0,0.0,0.0,0.0,0.0,0.0,0.0,0.0,0.0,0.0,0.0,0.0,0.0,0.0,0.0,0.0,0.0,0.0,0.0,0.0,0.0,0.0,0.0,0.0,0.0,0.0,0.0,0.0,0.0,0.0,0.0,0.0,0.0,0.0,0.0,0.0,0.0,0.0,0.0,0.0,0.0,0.0,0.0,0.0,0.0,0.0,0.0,0.0,0.0,0.0,0.0,0.0,0.0,0.0,0.0,0.0,0.0,0.0,0.0,0.0,0.0,0.0,0.0,0.0,0.0,0.0,0.0,0.0,0.0,0.0,0.0,0.0,0.0,0.0,0.0,0.0,0.0,0.0,0.0,0.0,0.0,0.0,0.0,0.0,0.0,0.0,0.0,0.0,0.0,0.0,0.0,0.0,0.0,0.0,0.0,0.0,0.0,0.0,0.0,0.0,0.0,0.0,0.0,0.0,0.0,0.0,0.0,0.0,0.0,0.0,0.0,0.0,0.0,0.0,0.0,0.0,0.0,0.0,0.0,0.0,0.0,0.0,0.0,0.0,0.0,0.0,0.0,0.0,0.0,0.0,0.0,0.0,0.0,0.0,0.0,0.0,0.0,0.0,0.0,0.0,0.0,0.0,0.0,0.0,0.0,0.0,0.0,0.0,0.0,0.0,0.0,0.0,0.0,0.0,0.0,0.0,0.0,0.0,0.0,0.0,0.0,0.0,0.0,0.0,0.0
Tax19,0.0,-0.98515725,-0.7814727,-0.50549734,-0.17891604,0.18305849,0.57006496,0.974732,1.3918873,1.8177419,2.2491016,2.6828346,3.1160386,3.5472121,3.9749353,4.39593,4.7554693,5.151442,5.4840155,5.814485,6.1132765,6.27262,6.4582253,6.7647214,7.005214,7.3722444,7.708286,7.890886,8.2832985,8.571809,8.848031,9.125126,9.543561,10.083553,10.628895,11.063685,11.473744,11.923896,12.236193,12.842896,13.671171,14.188818,14.797243,15.969524,17.10212,18.123142,19.384815,20.251015,21.078999,21.562664,22.223532,22.924814,24.005764,24.558203,25.783907,26.75625,27.654156,28.331575,28.613895,28.866516,28.517414,29.038742,29.151577,29.605034,30.960602,31.859137,15.009252,15.910714,36.00298,37.83709,39.67872,41.122063,42.112873,19.902391,44.86776,21.315279,21.885113,22.7194,23.364862,24.11661,24.903282,25.42267,26.03744,26.758057,27.821924,28.842367,62.778114,64.65824,67.30275,69.61465,72.309364,75.995514,79.29061,82.45923,84.1768,85.105774,86.42073,88.99886,91.116936,92.708694,95.12182,96.98376,98.86467,101.90253,104.76134,107.56933,109.89872,113.275246,116.64869,120.15424,123.31415,125.75049,128.18774,129.62555,130.10655,60.67361,61.953144,63.24025,63.71038,63.952686,64.01471,63.49597,62.93388,62.809982,62.073307,61.354733,60.403442,57.99549,55.884075,54.024208,51.8358,50.294994,48.83999,46.660534,44.305935,42.001556,39.39794,36.479446,33.777664,30.618034,27.070673,23.5985,20.593084,18.17557,16.112633,14.633372,12.835527,10.599439,8.41273,6.3184876,4.799802,4.4132023,6.2184973,8.5265,10.490955,12.504162,14.51661,15.993949,17.003838,17.19666,17.490023,17.411413,16.375385,15.360483,14.773347,14.082602,14.065572,14.749055,14.44033,14.591572,15.159988,15.800785,15.972299,15.381004,17.47451,18.793331,17.98635,17.423105,17.819347,19.560982,20.343872,19.461687,15.3795395,10.873878,7.799591,5.416699,3.0835207,1.063599,-0.27347705,-1.8580354,-3.2133737,-4.4605956,-5.232563,-5.7822275,-6.383668,-6.800892,-7.363654,-7.803714,-7.974995,-8.201164,-8.556048,-8.766948,-8.864955,-8.847033,-9.025359,-9.169236,-9.013681,-8.89318,-8.717121,-8.468956,-8.341543,-8.150073,-7.8141327,-7.398432,-7.1130824,-6.806424,-6.5758853,-6.341642,-6.035388,-5.810144,-5.5308657,-5.2523932,-5.073444,-4.75482,-4.560804,-4.284637,-4.0290203,-3.8440394,-3.7008846,-3.5248034,-3.2943904,-3.151055,-3.0319,-2.9242332,-2.7821994,-2.616233,-2.5127385,-2.4246204,-2.247846,-2.1244993,-1.9660835,-1.890934,-1.7779396,-1.725399,-1.6705364,-1.6034634,-1.5131246,-1.4547464,-1.313233,-1.252587,-1.1829437,-1.0980505,-1.0728478,-1.0349416,-0.960949,-0.92221004,-0.8913047,-0.86385864,-0.79227513,-0.74915165,-0.712533,-0.66998327,-0.64199334,-0.6042989,-0.57612026,-0.5585324,-0.54172105,-0.507039,-0.48630053,-0.46843302,-0.46421418,-0.45206383,-0.44325447,-0.42373738,-0.41994566,-0.3895828,-0.37003607,-0.35952616,-0.33579963,-0.30979893,-0.30250368,-0.2875429,-0.26851478,-0.26028612,-0.2429311,-0.2350164,-0.21524431,-0.21218956,-0.19532979,-0.18239878,-0.17614007,-0.152339,-0.13870917,-0.13746208,-0.13527322,-0.1318133,-0.121007025,-0.108908676,-0.09496878,-0.080827564,-0.06813235,-0.059003413,-0.047434337,-0.03791142,-0.027636128,-0.016641565,-0.0041690944,0.008880084,0.02353399,0.0431776,0.06490623,0.0915539,0.12015408,0.1356521,0.16885322,0.20621596,0.2532532,0.2954337,0.36097473,0.4283879,0.5167192,0.6624108,0.9079922,1.2210399,1.5620681,1.7843757,1.9751669,2.1947708,2.4595497,2.7371786,2.9282749,3.3421888,3.769054,4.430757,5.14971,6.027248,7.113511,8.436496,18.399763,23.582321,28.908718,36.631462,44.644028,54.911255,64.691864,72.625435,80.01762,84.91564,86.79643,85.96297,77.77195,63.897358,43.711372,25.542433,12.139766,4.7075324,1.5250449,0.32331377,0.054272152,0.114953555,0.29476476,0.4442643,0.637136,0.86329114,1.141286,1.3600634,-1.987598,-1.725091,-1.3801813,-1.0012817,-0.5996571,-0.18767792,0.22812638,0.63011485,1.0347636,1.42799,1.8109647,2.1847644,2.5456207,2.8737276,3.1977232,3.507045,3.79967,4.0829196,4.342217,4.5852985,4.812612,5.0255113,5.2100253,5.3878098,5.5135636,5.6349382,5.737195,5.824321,5.9372077,6.0056453,6.223372,6.502283,6.644405,6.8115172,7.002636,7.2345195,7.2952213,7.33434,7.573985,7.746634,7.936677,8.527047,9.190067,9.53339,9.965853,10.340894,10.46592,10.825404,11.06463,11.264234,11.344545,11.62188,11.815253,12.140391,12.366849,12.435025,12.645563,12.507702,12.449207,12.3114605,12.31529,12.242023,12.279164,12.804252,13.26157,5.1252694,5.429218,15.132855,15.753477,16.371529,16.851173,17.21061,6.7775984,17.89429,7.2576294,7.5232177,7.98603,8.232323,8.554615,8.979913,9.278516,9.538077,9.960163,10.521584,11.0915,26.526056,27.174803,27.796741,28.205599,28.907263,29.68301,30.605513,31.45226,31.925772,31.681568,32.30431,32.81496,33.521564,33.89085,34.38948,34.633953,35.526226,36.308784,37.218857,37.783813,38.67004,39.931034,40.93687,41.9654,44.05921,45.27776,46.601456,47.66437,48.15021,21.156261,22.094873,23.183676,23.69429,24.445646,24.557497,24.80917,24.710793,25.28102,24.992393,25.215397,25.049244,24.368567,23.772966,23.375727,22.814074,22.499437,22.056196,21.522058,20.660162,19.631641,18.823593,17.521952,16.25943,14.68573,12.806212,10.931864,9.455147,8.335291,7.365329,6.795055,6.024338,4.9599104,3.8384054,2.735181,1.9393144,1.7890437,2.9295619,4.44355,5.7447677,7.146795,8.603662,9.820014,10.777853,11.337817,11.917843,12.38864,12.319784,12.188596,12.257298,12.182865,12.370985,12.863177,12.744686,12.955534,13.353231,13.900044,14.235574,13.992409,15.743142,16.8812,16.484518,16.290829,16.769644,18.370739,19.168308,18.896593,15.962455,12.476071,9.807656,7.739597,5.687007,3.922577,2.7349331,1.3873777,0.19083107,-0.93718606,-1.6725116,-2.2022982,-2.7558296,-3.21583,-3.7466452,-4.206164,-4.4848576,-4.7422276,-4.9710956,-5.114742,-5.1598954,-5.1813097,-5.4456587,-5.551509,-5.4572144,-5.4173265,-5.3726463,-5.2772417,-5.167565,-5.004937,-4.7079687,-4.525767,-4.391844,-4.211223,-4.006415,-3.8103876,-3.6902013,-3.5808687,-3.3643124,-3.2099187,-3.1039677,-2.9202058,-2.847862,-2.7206154,-2.5352857,-2.4503489,-2.3304143,-2.1956265,-2.0625458,-1.9347426,-1.8371117,-1.7604443,-1.6966958,-1.6201509,-1.526199,-1.444622,-1.344682,-1.2557858,-1.1840897,-1.1248585,-1.0513464,-0.9995312,-0.9336192,-0.8688327,-0.8555666,-0.81745845,-0.75054854,-0.6950515,-0.6582133,-0.62705886,-0.60063833,-0.583573,-0.5550167,-0.53084964,-0.50656086,-0.46793342,-0.45170468,-0.43484044,-0.41416323,-0.3962215,-0.35910094,-0.32841963,-0.30524352,-0.29424152,-0.28638157,-0.27805987,-0.26932636,-0.23522794,-0.22817829,-0.22038889,-0.21844766,-0.20814951,-0.19380088,-0.18343222,-0.17438436,-0.16737571,-0.15553717,-0.13408528,-0.12635903,-0.12519279,-0.12382485,-0.0986047,-0.09745807,-0.08970927,-0.0844525,-0.07406849,-0.07307239,-0.065821886,-0.06505156,-0.058119535,-0.05765572,-0.051487703,-0.04639878,-0.041353274,-0.035977904,-0.033703692,-0.0307035,-0.027241915,-0.023987869,-0.021097323,-0.017049544,-0.0123947505,-0.007363742,-0.001972008,0.003434141,0.0075915703,0.012778311,0.019746663,0.027467545,0.030738903,0.039223194,0.048754595,0.059843916,0.07234155,0.0880894,0.10705201,0.13009453,0.15380006,0.1848259,0.2359203,0.32188255,0.43091053,0.5482999,0.62180126,0.68150026,0.7477363,0.8249619,0.9011867,1.0020097,1.11585,1.2219907,1.3898636,1.5540278,1.7391111,1.9502541,2.1810222,4.5577135,5.164966,5.67789,6.0449667,6.033542,6.0289645,5.9770083,5.4892373,4.951724,4.267203,3.5707788,2.9358218,2.1760852,1.404594,0.8670963,0.63569254,0.57586,0.5641278,0.5704565,0.57591105,0.57742506,0.59178805,0.61669916,0.613072,0.62122875,0.64385927,0.7040256,0.7143338,-0.1987598,-0.17271669,-0.14089346,-0.10584159,-0.06914188,-0.03175681,0.005613707,0.042624015,0.07903596,0.11463664,0.14934255,0.183011,0.2157551,0.24750671,0.27819708,0.30770892,0.33603296,0.3632098,0.38925362,0.41409355,0.43776488,0.46048012,0.49120238,0.51262414,0.53328145,0.5529921,0.5718685,0.6060382,0.616021,0.6308491,0.6436135,0.6990479,0.72794664,0.73549235,0.7215443,0.7151605,0.7540484,0.7003104,0.7112736,0.7393388,0.7499368,0.7790298,0.8402867,0.8291146,0.8596757,0.8830715,0.9357079,0.9392101,0.9621869,0.97842616,0.960534,0.9810743,0.9779296,1.0242654,1.0497727,1.0656521,1.0678554,1.1009649,1.0831659,1.0364652,1.052781,1.0237209,1.0431571,1.0958397,1.1641443,0.44643912,0.47127262,1.309343,1.3714161,1.4504983,1.4763837,1.5031697,0.5868312,1.665399,0.67982954,0.6807164,0.70228785,0.7402159,0.7734805,0.8029384,0.83734316,0.8547176,0.89402467,0.9531323,1.0045437,2.4322724,2.5786402,2.5560148,2.5316486,2.6607556,2.668041,2.7159843,2.7107127,2.6580942,2.5936592,2.6607184,2.6833816,2.829038,2.8464646,2.8830392,2.9145503,3.093246,3.1193724,3.1862447,3.2215462,3.1722794,3.3709042,3.4531074,3.5925605,3.7369132,4.0218077,3.9820924,3.938824,4.0415273,1.7857552,1.8614581,1.9141341,2.0082848,2.0184286,2.123241,2.1469214,2.0623972,2.1415124,2.1449523,2.0849442,2.154728,2.0919857,2.0725744,2.0011203,1.9525633,2.0317743,2.0129178,1.8917539,1.8165343,1.7795147,1.7293189,1.5980196,1.4525199,1.2855933,1.0937423,0.94224566,0.79962754,0.7125405,0.6407902,0.5921421,0.5289906,0.43034726,0.3188978,0.216494,0.14308025,0.12609556,0.22952741,0.36480895,0.4981167,0.6410955,0.7801113,0.92044115,1.0291877,1.0960268,1.1632838,1.2091954,1.2254319,1.2198253,1.239247,1.2141124,1.232841,1.3087683,1.32983,1.3507661,1.4267823,1.500193,1.5608466,1.5254052,1.738002,1.8210582,1.797234,1.8020368,1.8599008,2.0273678,2.1472886,2.0955765,1.8069409,1.4200706,1.1395929,0.9126635,0.6604617,0.4674742,0.32404846,0.17977837,0.052203447,-0.066988476,-0.14917485,-0.21100067,-0.27563187,-0.32436875,-0.37511662,-0.4109966,-0.4335618,-0.45906994,-0.47593188,-0.48487896,-0.5035743,-0.50955456,-0.5329488,-0.55680555,-0.55249447,-0.5650188,-0.55797184,-0.53853846,-0.5137055,-0.5056459,-0.48089176,-0.44860736,-0.43564144,-0.41877383,-0.39868677,-0.3777907,-0.3609718,-0.34965473,-0.33531234,-0.33331832,-0.2993887,-0.27035362,-0.25802088,-0.23599724,-0.22115068,-0.2005682,-0.19080973,-0.17108294,-0.16907576,-0.1611109,-0.14415985,-0.14322186,-0.12595406,-0.1154299,-0.11443123,-0.113481596,-0.11256124,-0.11165856,-0.09932665,-0.09043958,-0.07587415,-0.0754088,-0.07482905,-0.06710226,-0.059388004,-0.048709985,-0.041291524,-0.04094419,-0.04058115,-0.04024063,-0.034465823,-0.03416562,-0.033858184,-0.033593208,-0.03336011,-0.025146306,-0.018146358,-0.018029904,-0.017917559,-0.011714341,-0.0051897946,-0.0051401104,-0.0050958227,-0.005046028,-0.005002085,-0.00496504,-0.004930151,-0.004891725,-0.0048475326,-0.0047984505,-0.004756248,-0.0047138943,-0.0046715885,-0.0046292786,-0.0045829606,-0.004535076,-0.0044865003,-0.004442458,-0.0043994496,-0.0043590735,-0.0043123183,-0.00426592,-0.0042174263,-0.0041627064,-0.0041063116,-0.0040466078,-0.003993937,-0.003938162,-0.0038931365,-0.0038546673,-0.0038236598,-0.0037891425,-0.0037270018,-0.003627528,-0.0034871334,-0.0032850779,-0.0030194286,-0.0027134488,-0.002425856,-0.0021702358,-0.0018135539,-0.001403867,-0.0009615838,-0.0004881916,4.8438553e-05,0.00060942,0.0012390886,0.0020834776,0.0030170367,0.004161069,0.00538659,0.006758349,0.008348457,0.010132131,0.012372179,0.0,0.0,0.0,0.0,0.0,0.0,0.0,0.0,0.0,0.0,0.0,0.0,0.0,0.0,0.0,0.0,0.0,0.0,0.0,0.0,0.0,0.0,0.0,0.0,0.0,0.0,0.0,0.0,0.0,0.0,0.0,0.0,0.0,0.0,0.0,0.0,0.0,0.0,0.0,0.0,0.0,0.0,0.0,0.0,0.0,0.0,0.0,0.0,0.0,0.0,0.0,0.0,0.0,0.0,0.0,0.0,0.0,0.0,0.0,0.0,0.0,0.0,0.0,0.0,0.0,0.0,0.0,0.0,0.0,0.0,0.0,0.0,0.0,0.0,0.0,0.0,0.0,0.0,0.0,0.0,0.0,0.0,0.0,0.0,0.0,0.0,0.0,0.0,0.0,0.0,0.0,0.0,0.0,0.0,0.0,0.0,0.0,0.0,0.0,0.0,0.0,0.0,0.0,0.0,0.0,0.0,0.0,0.0,0.0,0.0,0.0,0.0,0.0,0.0,0.0,0.0,0.0,0.0,0.0,0.0,0.0,0.0,0.0,0.0,0.0,0.0,0.0,0.0,0.0,0.0,0.0,0.0,0.0,0.0,0.0,0.0,0.0,0.0,0.0,0.0,0.0,0.0,0.0,0.0,0.0,0.0,0.0,0.0,0.0,0.0,0.0,0.0,0.0,0.0,0.0,0.0,0.0,0.0,0.0,0.0,0.0,0.0,0.0,0.0,0.0,0.0,0.0,0.0,0.0,0.0,0.0,0.0,0.0,0.0,0.0,0.0,0.0,0.0,0.0,0.0,0.0,0.0,0.0,0.0,0.0,0.0,0.0,0.0,0.0,0.0,0.0,0.0,0.0,0.0,0.0,0.0,0.0,0.0,0.0,0.0,0.0,0.0,0.0,0.0,0.0,0.0,0.0,0.0,0.0,0.0,0.0,0.0,0.0,0.0,0.0,0.0,0.0,0.0,0.0,0.0,0.0,0.0,0.0,0.0,0.0,0.0,0.0,0.0,0.0,0.0,0.0,0.0,0.0,0.0,0.0,0.0,0.0,0.0,0.0,0.0,0.0,0.0,0.0,0.0,0.0,0.0,0.0,0.0,0.0,0.0,0.0,0.0,0.0,0.0,0.0,0.0,0.0,0.0,0.0,0.0,0.0,0.0,0.0,0.0,0.0,0.0,0.0,0.0,0.0,0.0,0.0,0.0,0.0,0.0,0.0,0.0,0.0,0.0,0.0,0.0,0.0,0.0,0.0,0.0,0.0,0.0,0.0,0.0,0.0,0.0,0.0,0.0,0.0,0.0,0.0,0.0,0.0,0.0,0.0,0.0,0.0,0.0,0.0,0.0,0.0,0.0,0.0,0.0,0.0,0.0,0.0,0.0,0.0,0.0,0.0,0.0,0.0,0.0,0.0,0.0,0.0,0.0,0.0,0.0,0.0,0.0,0.0,0.0,0.0,0.0,0.0,0.0,0.0,0.0,0.0,0.0,0.0,0.0,0.0,0.0,0.0,0.0,0.0,0.0,0.0,0.0,0.0,0.0,0.0,0.0,0.0,0.0,0.0,0.0,0.0,0.0,0.0,0.0,0.0,0.0,0.0,0.0,0.0,0.0,0.0,0.0,0.0,0.0,0.0,0.0,0.0,0.0,0.0,0.0,0.0,0.0,0.0,0.0,0.0,0.0,0.0,0.0,0.0,0.0,0.0,0.0,0.0,0.0,0.0,0.0,0.0,0.0,0.0,0.0,0.0,0.0,0.0,0.0,0.0,0.0,0.0,0.0,0.0,0.0,0.0,0.0,0.0,0.0,0.0,0.0,0.0,0.0,0.0,0.0,0.0,0.0,0.0,0.0,0.0,0.0,0.0,0.0,0.0,0.0,0.0,0.0,0.0,0.0,0.0,0.0,0.0,0.0,0.0,0.0,0.0,0.0,0.0,0.0,0.0,0.0,0.0,0.0,0.0,0.0,0.0,0.0,0.0,0.0,0.0,0.0,0.0,0.0,0.0,0.0,0.0,0.0,0.0,0.0,0.0,0.0,0.0,0.0,0.0,0.0,0.0,0.0,0.0,0.0,0.0,0.0,0.0,0.0,0.0,0.0,0.0,0.0,0.0,0.0,0.0,0.0,0.0,0.0,0.0,0.0,0.0,0.0,0.0,0.0,0.0,0.0,0.0,0.0,0.0,0.0,0.0,0.0,0.0,0.0,0.0,0.0,0.0,0.0,0.0,0.0,0.0,0.0,0.0,0.0,0.0,0.0,0.0,0.0,0.0,0.0,0.0,0.0,0.0,0.0,0.0,0.0,0.0,0.0,0.0,0.0,0.0,0.0,0.0,0.0,0.0,0.0,0.0,0.0,0.0,0.0,0.0,0.0,0.0,0.0,0.0,0.0,0.0,0.0,0.0,0.0,0.0,0.0,0.0,0.0,0.0,0.0,0.0,0.0,0.0,0.0,0.0,0.0,0.0,0.0,0.0,0.0,0.0,0.0,0.0,0.0,0.0,0.0,0.0,0.0,0.0,0.0,0.0,0.0,0.0,0.0,0.0,0.0,0.0,0.0,0.0,0.0,0.0,0.0,0.0,0.0,0.0,0.0,0.0,0.0,0.0,0.0,0.0,0.0,0.0,0.0,0.0,0.0,0.0,0.0,0.0,0.0,0.0,0.0,0.0,0.0,0.0,0.0,0.0,0.0,0.0,0.0,0.0,0.0,0.0,0.0,0.0,0.0,0.0,0.0,0.0,0.0,0.0,0.0,0.0,0.0,0.0,0.0,0.0,0.0,0.0,0.0,0.0,0.0,0.0,0.0,0.0,0.0,0.0,0.0,0.0,0.0,0.0,0.0,0.0,0.0,0.0,0.0,0.0,0.0,0.0,0.0,0.0,0.0,0.0,0.0,0.0,0.0,0.0,0.0,0.0,0.0,0.0,0.0,0.0,0.0,0.0,0.0,0.0,0.0,0.0,0.0,0.0,0.0,0.0,0.0,0.0,0.0,0.0,0.0,0.0,0.0,0.0,0.0,0.0,0.0,0.0,0.0,0.0,0.0,0.0,0.0,0.0,0.0,0.0,0.0,0.0,0.0,0.0,0.0,0.0,0.0,0.0,0.0,0.0,0.0,0.0,0.0,0.0,0.0,0.0,0.0,0.0,0.0,0.0,0.0,0.0,0.0,0.0,0.0,0.0,0.0,0.0,0.0,0.0,0.0,0.0,0.0,0.0,0.0,0.0,0.0,0.0,0.0,0.0,0.0,0.0,0.0,0.0,0.0,0.0,0.0,0.0,0.0,0.0,0.0,0.0,0.0,0.0,0.0,0.0,0.0,0.0,0.0,0.0,0.0,0.0,0.0,0.0,0.0,0.0,0.0,0.0,0.0,0.0,0.0,0.0,0.0,0.0,0.0,0.0,0.0,0.0,0.0,0.0,0.0,0.0,0.0,0.0,0.0,0.0,0.0,0.0,0.0,0.0,0.0,0.0,0.0,0.0,0.0,0.0,0.0,0.0,0.0,0.0,0.0,0.0,0.0,0.0,0.0,0.0,0.0,0.0,0.0,0.0,0.0,0.0,0.0,0.0,0.0,0.0,0.0,0.0,0.0,0.0,0.0,0.0,0.0,0.0,0.0,0.0,0.0,0.0,0.0,0.0,0.0,0.0,0.0,0.0,0.0,0.0,0.0,0.0,0.0,0.0,0.0,0.0,0.0,0.0,0.0,0.0,0.0,0.0,0.0,0.0,0.0,0.0,0.0,0.0,0.0,0.0,0.0,0.0,0.0,0.0,0.0,0.0,0.0,0.0,0.0,0.0,0.0,0.0,0.0,0.0,0.0,0.0,0.0,0.0,0.0,0.0,0.0,0.0,0.0,0.0,0.0,0.0,0.0,0.0,0.0,0.0,0.0,0.0,0.0,0.0,0.0,0.0,0.0,0.0,0.0,0.0,0.0,0.0,0.0,0.0,0.0,0.0,0.0,0.0,0.0,0.0,0.0,0.0,0.0,0.0,0.0,0.0,0.0,0.0,0.0,0.0,0.0,0.0,0.0,0.0,0.0,0.0,0.0,0.0,0.0,0.0,0.0,0.0,0.0,0.0,0.0,0.0,0.0,0.0,0.0,0.0,0.0,0.0,0.0,0.0,0.0,0.0,0.0,0.0,0.0,0.0,0.0,0.0,0.0,0.0,0.0,0.0,0.0,0.0,0.0,0.0,0.0,0.0,0.0,0.0,0.0,0.0,0.0,0.0,0.0,0.0,0.0,0.0,0.0,0.0,0.0,0.0,0.0,0.0,0.0,0.0,0.0,0.0,0.0,0.0,0.0,0.0,0.0,0.0,0.0,0.0,0.0,0.0,0.0,0.0,0.0,0.0,0.0,0.0,0.0,0.0,0.0,0.0,0.0,0.0,0.0,0.0,0.0,0.0,0.0,0.0,0.0,0.0,0.0,0.0,0.0,0.0,0.0,0.0,0.0,0.0,0.0,0.0,0.0,0.0,0.0,0.0,0.0,0.0,0.0,0.0,0.0,0.0,0.0,0.0,0.0,0.0,0.0,0.0,0.0,0.0,0.0,0.0,0.0,0.0,0.0,0.0,0.0,0.0,0.0,0.0,0.0,0.0,0.0,0.0,0.0,0.0,0.0,0.0,0.0,0.0,0.0,0.0,0.0,0.0,0.0,0.0,0.0,0.0,0.0,0.0,0.0,0.0,0.0,0.0,0.0,0.0,0.0,0.0,0.0,0.0,0.0,0.0,0.0,0.0,0.0,0.0,0.0,0.0,0.0,0.0,0.0,0.0,0.0,0.0,0.0,0.0,0.0,0.0,0.0,0.0,0.0,0.0,0.0,0.0,0.0,0.0,0.0,0.0,0.0,0.0,0.0,0.0,0.0,0.0,0.0,0.0,0.0,0.0,0.0,0.0,0.0,0.0,0.0,0.0,0.0,0.0,0.0,0.0,0.0,0.0,0.0,0.0,0.0,0.0,0.0,0.0,0.0,0.0,0.0,0.0,0.0,0.0,0.0,0.0,0.0,0.0,0.0,0.0,0.0,0.0,0.0,0.0,0.0,0.0,0.0,0.0,0.0,0.0,0.0,0.0,0.0,0.0,0.0,0.0,0.0,0.0,0.0,0.0,0.0,0.0,0.0,0.0,0.0,0.0,0.0,0.0,0.0,0.0,0.0,0.0,0.0,0.0,0.0,0.0,0.0,0.0,0.0,0.0,0.0,0.0,0.0,0.0,0.0,0.0,0.0,0.0,0.0,0.0,0.0,0.0,0.0,0.0,0.0,0.0,0.0,0.0,0.0,0.0,0.0,0.0,0.0,0.0,0.0,0.0,0.0,0.0,0.0,0.0,0.0,0.0,0.0,0.0,0.0,0.0,0.0,0.0,0.0,0.0,0.0,0.0,0.0,0.0,0.0,0.0,0.0,0.0,0.0,0.0,0.0,0.0,0.0,0.0,0.0,0.0,0.0,0.0,0.0,0.0,0.0,0.0,0.0,0.0,0.0,0.0,0.0,0.0,0.0,0.0,0.0,0.0,0.0,0.0,0.0,0.0,0.0,0.0,0.0,0.0,0.0,0.0,0.0,0.0,0.0,0.0,0.0,0.0,0.0,0.0,0.0,0.0,0.0,0.0,0.0,0.0,0.0,0.0,0.0,0.0,0.0,0.0,0.0,0.0,0.0,0.0,0.0,0.0,0.0,0.0,0.0,0.0,0.0,0.0,0.0,0.0,0.0,0.0,0.0,0.0,0.0,0.0,0.0,0.0,0.0,0.0,0.0,0.0,0.0,0.0,0.0,0.0,0.0,0.0,0.0,0.0,0.0,0.0,0.0,0.0,0.0,0.0,0.0,0.0,0.0,0.0,0.0,0.0,0.0,0.0,0.0,0.0,0.0,0.0,0.0,0.0,0.0,0.0,0.0,0.0,0.0,0.0,0.0,0.0,0.0,0.0,0.0,0.0,0.0,0.0,0.0,0.0,0.0,0.0,0.0,0.0,0.0,0.0,0.0,0.0,0.0,0.0,0.0,0.0,0.0,0.0,0.0,0.0,0.0,0.0,0.0,0.0,0.0,0.0,0.0,0.0,0.0,0.0,0.0,0.0,0.0,0.0,0.0,0.0,0.0,0.0,0.0,0.0,0.0,0.0,0.0,0.0,0.0,0.0,0.0,0.0,0.0,0.0,0.0,0.0,0.0,0.0,0.0,0.0,0.0,0.0,0.0,0.0,0.0,0.0,0.0,0.0,0.0,0.0,0.0,0.0,0.0,0.0,0.0,0.0,0.0,0.0,0.0,0.0,0.0,0.0,0.0,0.0,0.0,0.0,0.0,0.0,0.0,0.0,0.0,0.0,0.0,0.0,0.0,0.0,0.0,0.0,0.0,0.0,0.0,0.0,0.0,0.0,0.0,0.0,0.0,0.0,0.0,0.0,0.0,0.0,0.0,0.0,0.0,0.0,0.0,0.0,0.0,0.0,0.0,0.0,0.0,0.0,0.0,0.0,0.0,0.0,0.0,0.0,0.0,0.0,0.0,0.0,0.0,0.0,0.0,0.0,0.0,0.0,0.0,0.0,0.0,0.0,0.0,0.0,0.0,0.0,0.0,0.0,0.0,0.0,0.0,0.0,0.0,0.0,0.0,0.0,0.0,0.0,0.0,0.0,0.0,0.0,0.0,0.0,0.0,0.0,0.0,0.0,0.0,0.0,0.0,0.0,0.0,0.0,0.0,0.0,0.0,0.0,0.0,0.0,0.0,0.0,0.0,0.0,0.0,0.0,0.0,0.0,0.0,0.0,0.0,0.0,0.0,0.0,0.0,0.0,0.0,0.0,0.0,0.0,0.0,0.0,0.0,0.0,0.0,0.0,0.0,0.0,0.0,0.0,0.0,0.0,0.0,0.0,0.0,0.0,0.0,0.0,0.0,0.0,0.0,0.0,0.0,0.0,0.0,0.0,0.0,0.0,0.0,0.0,0.0,0.0,0.0,0.0,0.0,0.0,0.0,0.0,0.0,0.0,0.0,0.0,0.0,0.0,0.0,0.0,0.0,0.0,0.0,0.0,0.0,0.0,0.0,0.0,0.0,0.0,0.0,0.0,0.0,0.0,0.0,0.0,0.0,0.0,0.0,0.0,0.0,0.0,0.0,0.0,0.0,0.0,0.0,0.0,0.0,0.0,0.0,0.0,0.0,0.0,0.0,0.0,0.0,0.0,0.0,0.0,0.0,0.0,0.0,0.0,0.0,0.0,0.0,0.0,0.0,0.0,0.0,0.0,0.0,0.0,0.0,0.0,0.0,0.0,0.0,0.0,0.0,0.0,0.0,0.0,0.0,0.0,0.0,0.0,0.0,0.0,0.0,0.0,0.0,0.0,0.0,0.0,0.0,0.0,0.0,0.0,0.0,0.0,0.0,0.0,0.0,0.0,0.0,0.0,0.0,0.0,0.0,0.0,0.0,0.0,0.0,0.0,0.0,0.0,0.0,0.0,0.0,0.0,0.0,0.0,0.0,0.0,0.0,0.0,0.0,0.0,0.0,0.0,0.0,0.0,0.0,0.0,0.0,0.0,0.0,0.0,0.0,0.0,0.0,0.0,0.0,0.0,0.0,0.0,0.0,0.0,0.0,0.0,0.0,0.0,0.0,0.0,0.0,0.0,0.0,0.0,0.0,0.0,0.0,0.0,0.0,0.0,0.0,0.0,0.0,0.0,0.0,0.0,0.0,0.0,0.0,0.0,0.0,0.0,0.0,0.0,0.0,0.0,0.0,0.0,0.0,0.0,0.0,0.0,0.0,0.0,0.0,0.0,0.0,0.0,0.0,0.0,0.0,0.0,0.0,0.0,0.0,0.0,0.0,0.0,0.0,0.0,0.0,0.0,0.0,0.0,0.0,0.0,0.0,0.0,0.0,0.0,0.0,0.0,0.0,0.0,0.0,0.0,0.0,0.0,0.0,0.0,0.0,0.0,0.0,0.0,0.0,0.0,0.0,0.0,0.0,0.0,0.0,0.0,0.0,0.0,0.0,0.0,0.0,0.0,0.0,0.0,0.0,0.0,0.0,0.0,0.0,0.0,0.0,0.0,0.0,0.0,0.0,0.0,0.0,0.0,0.0,0.0,0.0,0.0,0.0,0.0,0.0,0.0,0.0,0.0,0.0,0.0,0.0,0.0,0.0,0.0,0.0,0.0,0.0,0.0,0.0,0.0,0.0,0.0,0.0,0.0,0.0,0.0,0.0,0.0,0.0,0.0,0.0,0.0,0.0,0.0,0.0,0.0,0.0,0.0,0.0,0.0,0.0,0.0,0.0
Tax20,0.0,-2.1355686,-1.5938109,-1.046667,-0.50113875,0.0412876,0.58227366,1.1253527,1.6752353,2.237299,2.8167038,3.418611,4.0478992,4.7100563,5.40628,6.186476,7.001168,7.702,8.477211,9.116508,10.020347,11.2435,12.116319,12.639181,13.253612,13.330231,14.366091,15.631292,17.051743,18.39348,19.532104,21.120607,23.022943,24.713535,25.71735,27.779993,29.580017,31.317837,32.12625,34.08753,36.652153,39.23645,41.843525,46.0654,48.60872,52.139904,56.742374,60.09875,63.09835,65.224304,67.01652,69.0815,73.377396,76.09022,78.470795,80.55185,82.25923,85.0882,85.34571,85.80748,83.89007,83.86945,83.28129,84.24452,87.20645,90.80407,59.121666,63.25377,106.81387,112.26012,118.07098,123.07079,127.34625,83.81621,137.53996,89.67821,93.32765,98.43556,101.68383,107.55566,110.93661,115.265656,118.15398,123.935356,130.19539,137.56723,218.67232,225.17,235.24548,243.74945,253.71,264.96854,274.27887,283.3457,283.85016,284.03928,283.74698,288.21088,292.74976,295.61478,296.991,300.74188,302.20087,306.27838,308.2664,310.28326,313.30533,318.34744,322.61227,325.05725,328.24307,331.53146,331.635,328.45068,322.2539,188.12233,190.5502,193.1257,192.49564,191.06894,188.10228,184.13622,180.00482,175.06816,171.46033,166.85643,159.92877,147.55592,136.96228,128.5925,119.08884,110.44767,103.4457,93.8509,84.29841,73.24338,62.939354,51.64682,40.597652,28.18034,16.11672,3.9518967,-6.2822285,-14.011873,-20.565891,-24.512615,-29.031351,-35.3709,-41.30805,-46.448376,-49.29228,-47.606873,-37.922318,-26.955719,-18.222815,-9.8515,-2.185821,3.5478506,7.4263268,8.569471,9.980549,10.309724,7.8537655,5.5522246,4.588359,3.2644997,3.6507628,6.4362197,6.0519986,6.7874775,8.69936,10.699469,11.167427,9.473135,15.095124,17.906076,15.083412,13.351208,13.855498,17.544756,18.754927,16.30779,6.636258,-3.7903442,-10.707194,-15.514644,-20.179918,-23.810253,-25.779264,-28.081814,-29.80614,-31.112518,-31.200584,-30.898357,-30.7657,-30.145138,-29.476938,-29.150894,-28.291283,-27.275097,-26.46938,-25.116922,-23.87169,-22.767849,-21.818018,-21.12028,-20.027897,-19.182913,-17.481512,-16.280243,-14.938216,-13.850873,-12.827229,-11.466956,-10.516145,-9.644007,-8.705788,-8.012404,-7.3882637,-6.7330875,-6.105501,-5.464872,-4.912099,-4.315601,-3.9707541,-3.5769818,-3.2693682,-2.947564,-2.6834974,-2.4471645,-2.2106736,-2.050653,-1.8093908,-1.7088004,-1.4832386,-1.3007916,-1.1219288,-0.9674444,-0.8986801,-0.8525608,-0.76995045,-0.70162433,-0.6238567,-0.54923654,-0.5059529,-0.4939589,-0.4251185,-0.37131113,-0.33378348,-0.3143855,-0.27914098,-0.23703595,-0.23151672,-0.20937781,-0.19802284,-0.16379143,-0.13213828,-0.11506439,-0.09994486,-0.073205076,-0.05388398,-0.04777657,-0.046567224,-0.04540997,-0.038234092,-0.037278265,-0.028067693,-0.02743312,-0.026822777,-0.026204588,-0.017757354,-0.012816815,-0.012509224,-0.012207488,-0.011912281,-0.011623383,-0.005902902,-0.005752067,0.0,0.0,0.0,0.0,0.0,0.0,0.0,0.0,0.0,0.0,0.0,0.0,0.0,0.0,0.0,0.0,0.0,0.0,0.0,0.0,0.0,0.0,0.0,0.0,0.0,0.0,0.0,0.0,0.0,0.0,0.0,0.0,0.0,0.0,0.0,0.0,0.0,0.0,0.0,0.0,0.0,0.0,0.0,0.0,0.0,0.0,0.0,0.0,0.0,0.0,0.0,0.0,0.0,0.0,0.0,0.0,0.0,0.0,0.0,0.0,0.0,0.0,0.0,0.0,0.0,0.0,0.0,0.0,0.0,0.0,0.0,0.0,0.0,0.0,0.0,0.0,0.0,0.0,0.0,0.0,0.0,0.0,0.0,0.0,0.0,0.0,0.0,0.0,0.0,0.0,0.0,0.0,0.0,0.0,0.0,0.0,0.0,0.0,0.0,0.0,0.0,0.0,0.0,0.0,0.0,0.0,0.0,0.0,0.0,0.0,0.0,0.0,0.0,0.0,0.0,0.0,0.0,0.0,0.0,0.0,0.0,0.0,0.0,0.0,0.0,0.0,0.0,0.0,0.0,0.0,0.0,0.0,0.0,0.0,0.0,0.0,0.0,0.0,0.0,0.0,0.0,0.0,0.0,0.0,0.0,0.0,0.0,0.0,0.0,0.0,0.0,0.0,0.0,0.0,0.0,0.0,0.0,0.0,0.0,0.0,0.0,0.0,0.0,0.0,0.0,0.0,0.0,0.0,0.0,0.0,0.0,0.0,0.0,0.0,0.0,0.0,0.0,0.0,0.0,0.0,0.0,0.0,0.0,0.0,0.0,0.0,0.0,0.0,0.0,0.0,0.0,0.0,0.0,0.0,0.0,0.0,0.0,0.0,0.0,0.0,0.0,0.0,0.0,0.0,0.0,0.0,0.0,0.0,0.0,0.0,0.0,0.0,0.0,0.0,0.0,0.0,0.0,0.0,0.0,0.0,0.0,0.0,0.0,0.0,0.0,0.0,0.0,0.0,0.0,0.0,0.0,0.0,0.0,0.0,0.0,0.0,0.0,0.0,0.0,0.0,0.0,0.0,0.0,0.0,0.0,0.0,0.0,0.0,0.0,0.0,0.0,0.0,0.0,0.0,0.0,0.0,0.0,0.0,0.0,0.0,0.0,0.0,0.0,0.0,0.0,0.0,0.0,0.0,0.0,0.0,0.0,0.0,0.0,0.0,0.0,0.0,0.0,0.0,0.0,0.0,0.0,0.0,0.0,0.0,0.0,0.0,0.0,0.0,0.0,0.0,0.0,0.0,0.0,0.0,0.0,0.0,0.0,0.0,0.0,0.0,0.0,0.0,0.0,0.0,0.0,0.0,0.0,0.0,0.0,0.0,0.0,0.0,0.0,0.0,0.0,0.0,0.0,0.0,0.0,0.0,0.0,0.0,0.0,0.0,0.0,0.0,0.0,0.0,0.0,0.0,0.0,0.0,0.0,0.0,0.0,0.0,0.0,0.0,0.0,0.0,0.0,0.0,0.0,0.0,0.0,0.0,0.0,0.0,0.0,0.0,0.0,0.0,0.0,0.0,0.0,0.0,0.0,0.0,0.0,0.0,0.0,0.0,0.0,0.0,0.0,0.0,0.0,0.0,0.0,0.0,0.0,0.0,0.0,0.0,0.0,0.0,0.0,0.0,0.0,0.0,0.0,0.0,0.0,0.0,0.0,0.0,0.0,0.0,0.0,0.0,0.0,0.0,0.0,0.0,0.0,0.0,0.0,0.0,0.0,0.0,0.0,0.0,0.0,0.0,0.0,0.0,0.0,0.0,0.0,0.0,0.0,0.0,0.0,0.0,0.0,0.0,0.0,0.0,0.0,0.0,0.0,0.0,0.0,0.0,0.0,0.0,0.0,0.0,0.0,0.0,0.0,0.0,0.0,0.0,0.0,0.0,0.0,0.0,0.0,0.0,0.0,0.0,0.0,0.0,0.0,0.0,0.0,0.0,0.0,0.0,0.0,0.0,0.0,0.0,0.0,0.0,0.0,0.0,0.0,0.0,0.0,0.0,0.0,0.0,0.0,0.0,0.0,0.0,0.0,0.0,0.0,0.0,0.0,0.0,0.0,0.0,0.0,0.0,0.0,0.0,0.0,0.0,0.0,0.0,0.0,0.0,0.0,0.0,0.0,0.0,0.0,0.0,0.0,0.0,0.0,0.0,0.0,0.0,0.0,0.0,0.0,0.0,0.0,0.0,0.0,0.0,0.0,0.0,0.0,0.0,0.0,0.0,0.0,0.0,0.0,0.0,0.0,0.0,0.0,0.0,0.0,0.0,0.0,0.0,0.0,0.0,0.0,0.0,0.0,0.0,0.0,0.0,0.0,0.0,0.0,0.0,0.0,0.0,0.0,0.0,0.0,0.0,0.0,0.0,0.0,0.0,0.0,0.0,0.0,0.0,0.0,0.0,0.0,0.0,0.0,0.0,0.0,0.0,0.0,0.0,0.0,0.0,0.0,0.0,0.0,0.0,0.0,0.0,0.0,0.0,0.0,0.0,0.0,0.0,0.0,0.0,0.0,0.0,0.0,0.0,0.0,0.0,0.0,0.0,0.0,0.0,0.0,0.0,0.0,0.0,0.0,0.0,0.0,0.0,0.0,0.0,0.0,0.0,0.0,0.0,0.0,0.0,0.0,0.0,0.0,0.0,0.0,0.0,0.0,0.0,0.0,0.0,0.0,0.0,0.0,0.0,0.0,0.0,0.0,0.0,0.0,0.0,0.0,0.0,0.0,0.0,0.0,0.0,0.0,0.0,0.0,0.0,0.0,0.0,0.0,0.0,0.0,0.0,0.0,0.0,0.0,0.0,0.0,0.0,0.0,0.0,0.0,0.0,0.0,0.0,0.0,0.0,0.0,0.0,0.0,0.0,0.0,0.0,0.0,0.0,0.0,0.0,0.0,0.0,0.0,0.0,0.0,0.0,0.0,0.0,0.0,0.0,0.0,0.0,0.0,0.0,0.0,0.0,0.0,0.0,0.0,0.0,0.0,0.0,0.0,0.0,0.0,0.0,0.0,0.0,0.0,0.0,0.0,0.0,0.0,0.0,0.0,0.0,0.0,0.0,0.0,0.0,0.0,0.0,0.0,0.0,0.0,0.0,0.0,0.0,0.0,0.0,0.0,0.0,0.0,0.0,0.0,0.0,0.0,0.0,0.0,0.0,0.0,0.0,0.0,0.0,0.0,0.0,0.0,0.0,0.0,0.0,0.0,0.0,0.0,0.0,0.0,0.0,0.0,0.0,0.0,0.0,0.0,0.0,0.0,0.0,0.0,0.0,0.0,0.0,0.0,0.0,0.0,0.0,0.0,0.0,0.0,0.0,0.0,0.0,0.0,0.0,0.0,0.0,0.0,0.0,0.0,0.0,0.0,0.0,0.0,0.0,0.0,0.0,0.0,0.0,0.0,0.0,0.0,0.0,0.0,0.0,0.0,0.0,0.0,0.0,0.0,0.0,0.0,0.0,0.0,0.0,0.0,0.0,0.0,0.0,0.0,0.0,0.0,0.0,0.0,0.0,0.0,0.0,0.0,0.0,0.0,0.0,0.0,0.0,0.0,0.0,0.0,0.0,0.0,0.0,0.0,0.0,0.0,0.0,0.0,0.0,0.0,0.0,0.0,0.0,0.0,0.0,0.0,0.0,0.0,0.0,0.0,0.0,0.0,0.0,0.0,0.0,0.0,0.0,0.0,0.0,0.0,0.0,0.0,0.0,0.0,0.0,0.0,0.0,0.0,0.0,0.0,0.0,0.0,0.0,0.0,0.0,0.0,0.0,0.0,0.0,0.0,0.0,0.0,0.0,0.0,0.0,0.0,0.0,0.0,0.0,0.0,0.0,0.0,0.0,0.0,0.0,0.0,0.0,0.0,0.0,0.0,0.0,0.0,0.0,0.0,0.0,0.0,0.0,0.0,0.0,0.0,0.0,0.0,0.0,0.0,0.0,0.0,0.0,0.0,0.0,0.0,0.0,0.0,0.0,0.0,0.0,0.0,0.0,0.0,0.0,0.0,0.0,0.0,0.0,0.0,0.0,0.0,0.0,0.0,0.0,0.0,0.0,0.0,0.0,0.0,0.0,0.0,0.0,0.0,0.0,0.0,0.0,0.0,0.0,0.0,0.0,0.0,0.0,0.0,0.0,0.0,0.0,0.0,0.0,0.0,0.0,0.0,0.0,0.0,0.0,0.0,0.0,0.0,0.0,0.0,0.0,0.0,0.0,0.0,0.0,0.0,0.0,0.0,0.0,0.0,0.0,0.0,0.0,0.0,0.0,0.0,0.0,0.0,0.0,0.0,0.0,0.0,0.0,0.0,0.0,0.0,0.0,0.0,0.0,0.0,0.0,0.0,0.0,0.0,0.0,0.0,0.0,0.0,0.0,0.0,0.0,0.0,0.0,0.0,0.0,0.0,0.0,0.0,0.0,0.0,0.0,0.0,0.0,0.0,0.0,0.0,0.0,0.0,0.0,0.0,0.0,0.0,0.0,0.0,0.0,0.0,0.0,0.0,0.0,0.0,0.0,0.0,0.0,0.0,0.0,0.0,0.0,0.0,0.0,0.0,0.0,0.0,0.0,0.0,0.0,0.0,0.0,0.0,0.0,0.0,0.0,0.0,0.0,0.0,0.0,0.0,0.0,0.0,0.0,0.0,0.0,0.0,0.0,0.0,0.0,0.0,0.0,0.0,0.0,0.0,0.0,0.0,0.0,0.0,0.0,0.0,0.0,0.0,0.0,0.0,0.0,0.0,0.0,0.0,0.0,0.0,0.0,0.0,0.0,0.0,0.0,0.0,0.0,0.0,0.0,0.0,0.0,0.0,0.0,0.0,0.0,0.0,0.0,0.0,0.0,0.0,0.0,0.0,0.0,0.0,0.0,0.0,0.0,0.0,0.0,0.0,0.0,0.0,0.0,0.0,0.0,0.0,0.0,0.0,0.0,0.0,0.0,0.0,0.0,0.0,0.0,0.0,0.0,0.0,0.0,0.0,0.0,0.0,0.0,0.0,0.0,0.0,0.0,0.0,0.0,0.0,0.0,0.0,0.0,0.0,0.0,0.0,0.0,0.0,0.0,0.0,0.0,0.0,0.0,0.0,0.0,0.0,0.0,0.0,0.0,0.0,0.0,0.0,0.0,0.0,0.0,0.0,0.0,0.0,0.0,0.0,0.0,0.0,0.0,0.0,0.0,0.0,0.0,0.0,0.0,0.0,0.0,0.0,0.0,0.0,0.0,0.0,0.0,0.0,0.0,0.0,0.0,0.0,0.0,0.0,0.0,0.0,0.0,0.0,0.0,0.0,0.0,0.0,0.0,0.0,0.0,0.0,0.0,0.0,0.0,0.0,0.0,0.0,0.0,0.0,0.0,0.0,0.0,0.0,0.0,0.0,0.0,0.0,0.0,0.0,0.0,0.0,0.0,0.0,0.0,0.0,0.0,0.0,0.0,0.0,0.0,0.0,0.0,0.0,0.0,0.0,0.0,0.0,0.0,0.0,0.0,0.0,0.0,0.0,0.0,0.0,0.0,0.0,0.0,0.0,0.0,0.0,0.0,0.0,0.0,0.0,0.0,0.0,0.0,0.0,0.0,0.0,0.0,0.0,0.0,0.0,0.0,0.0,0.0,0.0,0.0,0.0,0.0,0.0,0.0,0.0,0.0,0.0,0.0,0.0,0.0,0.0,0.0,0.0,0.0,0.0,0.0,0.0,0.0,0.0,0.0,0.0,0.0,0.0,0.0,0.0,0.0,0.0,0.0,0.0,0.0,0.0,0.0,0.0,0.0,0.0,0.0,0.0,0.0,0.0,0.0,0.0,0.0,0.0,0.0,0.0,0.0,0.0,0.0,0.0,0.0,0.0,0.0,0.0,0.0,0.0,0.0,0.0,0.0,0.0,0.0,0.0,0.0,0.0,0.0,0.0,0.0,0.0,0.0,0.0,0.0,0.0,0.0,0.0,0.0,0.0,0.0,0.0,0.0,0.0,0.0,0.0,0.0,0.0,0.0,0.0,0.0,0.0,0.0,0.0,0.0,0.0,0.0,0.0,0.0,0.0,0.0,0.0,0.0,0.0,0.0,0.0,0.0,0.0,0.0,0.0,0.0,0.0,0.0,0.0,0.0,0.0,0.0,0.0,0.0,0.0,0.0,0.0,0.0,0.0,0.0,0.0,0.0,0.0,0.0,0.0,0.0,0.0,0.0,0.0,0.0,0.0,0.0,0.0,0.0,0.0,0.0,0.0,0.0,0.0,0.0,0.0,0.0,0.0,0.0,0.0,0.0,0.0,0.0,0.0,0.0,0.0,0.0,0.0,0.0,0.0,0.0,0.0,0.0,0.0,0.0,0.0,0.0,0.0,0.0,0.0,0.0,0.0,0.0,0.0,0.0,0.0,0.0,0.0,0.0,0.0,0.0,0.0,0.0,0.0,0.0,0.0,0.0,0.0,0.0,0.0,0.0,0.0,0.0,0.0,0.0,0.0,0.0,0.0,0.0,0.0,0.0,0.0,0.0,0.0,0.0,0.0,0.0,0.0,0.0,0.0,0.0,0.0,0.0,0.0,0.0,0.0,0.0,0.0,0.0,0.0,0.0,0.0,0.0,0.0,0.0,0.0,0.0,0.0,0.0,0.0,0.0,0.0,0.0,0.0,0.0,0.0,0.0,0.0,0.0,0.0,0.0,0.0,0.0,0.0,0.0,0.0,0.0,0.0,0.0,0.0,0.0,0.0,0.0,0.0,0.0,0.0,0.0,0.0,0.0,0.0,0.0,0.0,0.0,0.0,0.0,0.0,0.0,0.0,0.0,0.0,0.0,0.0,0.0,0.0,0.0,0.0,0.0,0.0,0.0,0.0,0.0,0.0,0.0,0.0,0.0,0.0,0.0,0.0,0.0,0.0,0.0,0.0,0.0,0.0,0.0,0.0,0.0,0.0,0.0,0.0,0.0,0.0,0.0,0.0,0.0,0.0,0.0,0.0,0.0,0.0,0.0,0.0,0.0,0.0,0.0,0.0,0.0,0.0,0.0,0.0,0.0,0.0,0.0,0.0,0.0,0.0,0.0,0.0,0.0,0.0,0.0,0.0,0.0,0.0,0.0,0.0,0.0,0.0,0.0,0.0,0.0,0.0,0.0,0.0,0.0,0.0,0.0,0.0,0.0,0.0,0.0,0.0,0.0,0.0,0.0,0.0,0.0,0.0,0.0,0.0,0.0,0.0,0.0,0.0,0.0,0.0,0.0,0.0,0.0,0.0,0.0,0.0,0.0,0.0,0.0,0.0,0.0,0.0,0.0,0.0,0.0,0.0,0.0,0.0,0.0,0.0,0.0,0.0,0.0,0.0,0.0,0.0,0.0,0.0,0.0,0.0,0.0,0.0,0.0,0.0,0.0,0.0,0.0,0.0,0.0,0.0,0.0,0.0,0.0,0.0,0.0,0.0,0.0,0.0,0.0,0.0,0.0,0.0,0.0,0.0,0.0,0.0,0.0,0.0,0.0,0.0,0.0,0.0,0.0,0.0,0.0,0.0,0.0,0.0,0.0,0.0,0.0,0.0,0.0,0.0,0.0,0.0,0.0,0.0,0.0,0.0,0.0,0.0,0.0,0.0,0.0,0.0,0.0,0.0,0.0,0.0,0.0,0.0,0.0,0.0,0.0,0.0,0.0,0.0,0.0,0.0,0.0,0.0,0.0,0.0,0.0,0.0,0.0,0.0,0.0,0.0,0.0,0.0,0.0,0.0,0.0,0.0,0.0,0.0,0.0,0.0,0.0,0.0,0.0,0.0,0.0,0.0,0.0,0.0,0.0,0.0,0.0,0.0,0.0,0.0,0.0,0.0,0.0,0.0,0.0,0.0,0.0,0.0,0.0,0.0,0.0,0.0,0.0,0.0,0.0,0.0,0.0,0.0,0.0,0.0,0.0,0.0,0.0,0.0,0.0,0.0,0.0,0.0,0.0,0.0,0.0,0.0,0.0,0.0,0.0,0.0,0.0,0.0,0.0,0.0,0.0,0.0,0.0,0.0,0.0,0.0,0.0,0.0,0.0,0.0,0.0,0.0,0.0,0.0,0.0,0.0,0.0,0.0,0.0,0.0,0.0,0.0,0.0,0.0,0.0,0.0,0.0,0.0,0.0,0.0,0.0,0.0,0.0,0.0,0.0,0.0,0.0,0.0,0.0,0.0,0.0,0.0,0.0,0.0,0.0,0.0,0.0,0.0,0.0,0.0,0.0,0.0,0.0,0.0,0.0,0.0,0.0,0.0,0.0,0.0,0.0,0.0,0.0,0.0,0.0,0.0,0.0,0.0,0.0,0.0,0.0,0.0,0.0,0.0,0.0,0.0,0.0,0.0,0.0,0.0,0.0,0.0,0.0,0.0,0.0,0.0,0.0,0.0,0.0,0.0,0.0,0.0,0.0,0.0,0.0,0.0,0.0,0.0,0.0,0.0,0.0,0.0,0.0,0.0,0.0,0.0,0.0,0.0,0.0,0.0,0.0,0.0,0.0,0.0,0.0,0.0,0.0,0.0,0.0,0.0,0.0,0.0,0.0,0.0,0.0,0.0,0.0,0.0,0.0,0.0,0.0,0.0,0.0,0.0,0.0,0.0,0.0,0.0,0.0,0.0,0.0,0.0,0.0,0.0,0.0,0.0,0.0,0.0,0.0,0.0,0.0,0.0,0.0,0.0,0.0,0.0,0.0,0.0,0.0,0.0,0.0,0.0,0.0,0.0,0.0,0.0,0.0,0.0,0.0,0.0,0.0,0.0,0.0,0.0,0.0,0.0,0.0,0.0,0.0,0.0,0.0,0.0,0.0,0.0,0.0,0.0,0.0,0.0,0.0,0.0,0.0,0.0,0.0,0.0,0.0,0.0,0.0,0.0,0.0,0.0,0.0,0.0,0.0,0.0,0.0,0.0,0.0,0.0,0.0,0.0,0.0,0.0,0.0,0.0,0.0,0.0,0.0,0.0,0.0,0.0,0.0,0.0,0.0,0.0,0.0,0.0,0.0,0.0,0.0,0.0,0.0,0.0,0.0,0.0,0.0,0.0,0.0,0.0,0.0,0.0,0.0,0.0,0.0,0.0,0.0,0.0,0.0,0.0,0.0,0.0,0.0,0.0,0.0,0.0,0.0,0.0,0.0,0.0,0.0,0.0,0.0,0.0,0.0,0.0,0.0,0.0,0.0,0.0,0.0,0.0,0.0,0.0,0.0,0.0,0.0,0.0,0.0,0.0,0.0,0.0,0.0,0.0,0.0,0.0,0.0,0.0,0.0,0.0,0.0,0.0,0.0,0.0,0.0,0.0,0.0,0.0,0.0,0.0,0.0,0.0,0.0,0.0,0.0,0.0,0.0,0.0,0.0,0.0,0.0,0.0,0.0,0.0,0.0,0.0,0.0,0.0,0.0,0.0,0.0,0.0,0.0,0.0,0.0,0.0,0.0,0.0,0.0,0.0,0.0,0.0,0.0,0.0,0.0,0.0,0.0,0.0,0.0,0.0,0.0,0.0,0.0,0.0,0.0,0.0,0.0,0.0,0.0,0.0,0.0,0.0,0.0,0.0,0.0,0.0,0.0,0.0,0.0,0.0,0.0,0.0,0.0,0.0,0.0,0.0,0.0,0.0,0.0,0.0,0.0,0.0,0.0,0.0,0.0,0.0,0.0,0.0,0.0,0.0,0.0,0.0,0.0,0.0,0.0,0.0,0.0,0.0,0.0,0.0,0.0,0.0,0.0,0.0,0.0,0.0,0.0,0.0,0.0,0.0,0.0,0.0,0.0,0.0,0.0,0.0,0.0,0.0,0.0,0.0,0.0,0.0,0.0,0.0,0.0,0.0,0.0,0.0,0.0,0.0,0.0,0.0,0.0,0.0,0.0,0.0,0.0,0.0,0.0,0.0,0.0,0.0,0.0,0.0,0.0,0.0,0.0,0.0,0.0,0.0,0.0,0.0,0.0,0.0,0.0,0.0,0.0,0.0,0.0,0.0,0.0,0.0,0.0,0.0,0.0,0.0,0.0,0.0,0.0,0.0,0.0,0.0,0.0,0.0,0.0,0.0,0.0,0.0,0.0,0.0,0.0,0.0,0.0,0.0,0.0,0.0,0.0,0.0,0.0,0.0,0.0,0.0,0.0,0.0,0.0,0.0,0.0,0.0,0.0,0.0,0.0,0.0,0.0,0.0,0.0,0.0,0.0,0.0,0.0,0.0,0.0,0.0,0.0,0.0,0.0,0.0,0.0,0.0,0.0,0.0,0.0,0.0,0.0,0.0,0.0,0.0,0.0,0.0,0.0,0.0,0.0,0.0,0.0,0.0,0.0,0.0,0.0,0.0,0.0,0.0,0.0,0.0,0.0,0.0,0.0,0.0,0.0,0.0,0.0,0.0,0.0,0.0,0.0,0.0,0.0,0.0,0.0,0.0,0.0,0.0,0.0,0.0,0.0,0.0,0.0,0.0,0.0,0.0,0.0,0.0,0.0,0.0,0.0,0.0,0.0,0.0,0.0,0.0,0.0,0.0,0.0,0.0,0.0,0.0,0.0,0.0,0.0,0.0,0.0,0.0,0.0,0.0,0.0,0.0,0.0,0.0,0.0,0.0,0.0,0.0,0.0,0.0,0.0,0.0,0.0,0.0,0.0,0.0,0.0,0.0,0.0,0.0,0.0,0.0,0.0,0.0,0.0,0.0,0.0,0.0,0.0,0.0,0.0,0.0,0.0,0.0,0.0,0.0,0.0,0.0,0.0,0.0,0.0,0.0,0.0,0.0,0.0,0.0,0.0,0.0,0.0,0.0,0.0,0.0,0.0,0.0,0.0,0.0,0.0,0.0,0.0,0.0,0.0,0.0,0.0,0.0,0.0,0.0,0.0,0.0,0.0,0.0,0.0,0.0,0.0,0.0,0.0,0.0,0.0,0.0,0.0,0.0,0.0,0.0,0.0,0.0,0.0,0.0,0.0,0.0,0.0,0.0,0.0,0.0,0.0,0.0,0.0,0.0,0.0,0.0,0.0,0.0,0.0,0.0,0.0,0.0,0.0,0.0,0.0,0.0,0.0,0.0,0.0,0.0,0.0,0.0,0.0,0.0,0.0,0.0,0.0,0.0,0.0,0.0,0.0,0.0,0.0,0.0,0.0,0.0,0.0,0.0,0.0,0.0,0.0,0.0,0.0,0.0,0.0,0.0,0.0,0.0,0.0,0.0,0.0,0.0,0.0,0.0,0.0,0.0,0.0,0.0,0.0,0.0,0.0,0.0,0.0,0.0,0.0,0.0,0.0,0.0,0.0,0.0,0.0,0.0,0.0,0.0,0.0,0.0,0.0,0.0,0.0,0.0,0.0,0.0,0.0,0.0,0.0,0.0,0.0,0.0,0.0,0.0,0.0,0.0,0.0,0.0,0.0,0.0,0.0,0.0,0.0,0.0,0.0,0.0,0.0,0.0,0.0,0.0,0.0,0.0,0.0,0.0,0.0,0.0,0.0,0.0,0.0,0.0,0.0,0.0,0.0,0.0,0.0,0.0,0.0,0.0,0.0,0.0,0.0,0.0,0.0,0.0,0.0,0.0,0.0,0.0,0.0,0.0,0.0,0.0,0.0,0.0,0.0,0.0,0.0,0.0,0.0,0.0,0.0,0.0,0.0,0.0,0.0,0.0,0.0,0.0,0.0,0.0,0.0,0.0
Tax21,0.0,-2.745182,-2.0630865,-1.3766425,-0.6943281,-0.017197164,0.65683424,1.3297291,2.012836,2.7127159,3.4361167,4.1914496,4.986164,5.830059,6.7352104,7.706035,8.719989,9.702635,10.796561,11.848827,13.045853,14.233762,15.459832,16.653637,15.956009,16.727312,17.844925,19.365288,20.405466,21.497568,22.60756,23.53975,25.086292,26.852623,28.17676,29.505781,31.074383,32.841476,33.512905,34.935528,36.65854,37.764114,39.74232,42.401566,43.020714,43.71725,46.120476,47.72883,49.643864,51.00949,52.732815,53.641518,55.0831,56.77873,59.12263,58.905716,59.78277,61.132713,60.228207,59.98461,57.6824,56.98135,56.100475,55.881214,57.55712,59.17036,-0.31120443,0.4769466,66.414055,69.826256,73.329384,76.83415,78.96794,0.9461349,83.38685,1.4243753,1.9288511,3.094829,3.5699122,4.5740333,5.0822544,5.62996,5.9438043,6.7991815,8.078865,9.475115,114.377846,118.75179,126.325645,130.95334,136.36426,143.91763,150.2302,155.16338,157.43555,158.22505,160.36276,164.4938,166.97063,169.59418,171.99008,174.8706,179.0339,183.3424,187.15134,190.36128,193.65031,198.59343,202.85881,206.38141,209.77057,212.60333,215.9931,215.00723,212.24947,-24.019846,-22.859941,-21.565878,-21.313892,-22.165115,-23.380116,-24.648777,-26.224195,-27.377928,-28.835232,-30.422062,-31.901129,-35.600132,-38.817245,-41.303185,-43.73969,-45.80344,-47.537956,-49.81235,-52.257008,-54.787895,-57.08547,-59.585392,-61.987564,-64.479965,-67.047424,-69.277084,-70.97724,-71.72558,-72.30809,-72.1426,-72.1222,-72.126595,-72.350494,-72.17565,-71.60964,-70.27914,-67.42071,-64.26986,-61.38991,-58.491653,-55.854202,-53.506817,-51.509007,-49.94104,-48.487076,-47.21932,-46.517273,-45.833206,-44.947906,-44.185158,-43.038677,-41.58704,-40.602722,-39.52405,-38.24747,-37.010525,-36.005905,-35.348362,-33.552532,-32.16239,-31.712994,-31.214615,-30.27692,-28.786173,-27.739002,-27.279985,-28.224222,-29.297401,-29.68642,-29.78703,-29.831001,-29.759888,-29.394585,-29.119877,-28.60758,-28.184042,-27.666431,-26.962664,-26.307283,-25.589182,-24.919943,-24.234594,-23.528591,-22.86212,-22.156816,-21.4982,-20.816288,-20.158484,-19.550028,-18.89739,-18.215885,-17.571651,-16.964209,-16.346514,-15.751677,-15.151147,-14.567716,-14.086431,-13.604766,-13.101468,-12.63811,-12.193741,-11.742911,-11.242481,-10.795639,-10.416203,-10.040267,-9.6624565,-9.294538,-8.946825,-8.617417,-8.235501,-7.9174004,-7.584409,-7.296626,-6.9947166,-6.6574235,-6.3432465,-6.0447063,-5.7199755,-5.4091396,-5.059477,-4.6929092,-4.361806,-3.9809365,-3.6003156,-3.2772338,-2.9121425,-2.575038,-2.2220294,-1.8805856,-1.6340485,-1.3813677,-1.1753666,-0.94827706,-0.76639384,-0.5925758,-0.45879045,-0.35047328,-0.25280824,-0.16503029,-0.14133225,-0.09704517,-0.07061952,-0.035574082,-0.027517002,-0.022084637,-0.016737223,-0.016270531,-0.0134561965,-0.010733154,-0.00808006,-0.0078516295,-0.0076312497,-0.005028772,-0.0025326298,-0.0024621065,0.0,0.0,0.0,0.0,0.0,0.0,0.0,0.0,0.0,0.0,0.0,0.0,0.0,0.0,0.0,0.0,0.0,0.0,0.0,0.0,0.0,0.0,0.0,0.0,0.0,0.0,0.0,0.0,0.0,0.0,0.0,0.0,0.0,0.0,0.0,0.0,0.0,0.0,0.0,0.0,0.0,0.0,0.0,0.0,0.0,0.0,0.0,0.0,0.0,0.0,0.0,0.0,0.0,0.0,0.0,0.0,0.0,0.0,0.0,0.0,0.0,0.0,0.0,0.0,0.0,0.0,0.0,0.0,0.0,0.0,0.0,0.0,0.0,0.0,0.0,0.0,0.0,0.0,0.0,0.0,0.0,0.0,0.0,0.0,0.0,0.0,0.0,0.0,0.0,0.0,0.0,0.0,0.0,0.0,0.0,0.0,0.0,0.0,0.0,0.0,0.0,0.0,0.0,0.0,0.0,0.0,0.0,0.0,0.0,0.0,0.0,0.0,0.0,0.0,0.0,0.0,0.0,0.0,0.0,0.0,0.0,0.0,0.0,0.0,0.0,0.0,0.0,0.0,0.0,0.0,0.0,0.0,0.0,0.0,0.0,0.0,0.0,0.0,0.0,0.0,0.0,0.0,0.0,0.0,0.0,0.0,0.0,0.0,0.0,0.0,0.0,0.0,0.0,0.0,0.0,0.0,0.0,0.0,0.0,0.0,0.0,0.0,0.0,0.0,0.0,0.0,0.0,0.0,0.0,0.0,0.0,0.0,0.0,0.0,0.0,0.0,0.0,0.0,0.0,0.0,0.0,0.0,0.0,0.0,0.0,0.0,0.0,0.0,0.0,0.0,0.0,0.0,0.0,0.0,0.0,0.0,0.0,0.0,0.0,0.0,0.0,0.0,0.0,0.0,0.0,0.0,0.0,0.0,0.0,0.0,0.0,0.0,0.0,0.0,0.0,0.0,0.0,0.0,0.0,0.0,0.0,0.0,0.0,0.0,0.0,0.0,0.0,0.0,0.0,0.0,0.0,0.0,0.0,0.0,0.0,0.0,0.0,0.0,0.0,0.0,0.0,0.0,0.0,0.0,0.0,0.0,0.0,0.0,0.0,0.0,0.0,0.0,0.0,0.0,0.0,0.0,0.0,0.0,0.0,0.0,0.0,0.0,0.0,0.0,0.0,0.0,0.0,0.0,0.0,0.0,0.0,0.0,0.0,0.0,0.0,0.0,0.0,0.0,0.0,0.0,0.0,0.0,0.0,0.0,0.0,0.0,0.0,0.0,0.0,0.0,0.0,0.0,0.0,0.0,0.0,0.0,0.0,0.0,0.0,0.0,0.0,0.0,0.0,0.0,0.0,0.0,0.0,0.0,0.0,0.0,0.0,0.0,0.0,0.0,0.0,0.0,0.0,0.0,0.0,0.0,0.0,0.0,0.0,0.0,0.0,0.0,0.0,0.0,0.0,0.0,0.0,0.0,0.0,0.0,0.0,0.0,0.0,0.0,0.0,0.0,0.0,0.0,0.0,0.0,0.0,0.0,0.0,0.0,0.0,0.0,0.0,0.0,0.0,0.0,0.0,0.0,0.0,0.0,0.0,0.0,0.0,0.0,0.0,0.0,0.0,0.0,0.0,0.0,0.0,0.0,0.0,0.0,0.0,0.0,0.0,0.0,0.0,0.0,0.0,0.0,0.0,0.0,0.0,0.0,0.0,0.0,0.0,0.0,0.0,0.0,0.0,0.0,0.0,0.0,0.0,0.0,0.0,0.0,0.0,0.0,0.0,0.0,0.0,0.0,0.0,0.0,0.0,0.0,0.0,0.0,0.0,0.0,0.0,0.0,0.0,0.0,0.0,0.0,0.0,0.0,0.0,0.0,0.0,0.0,0.0,0.0,0.0,0.0,0.0,0.0,0.0,0.0,0.0,0.0,0.0,0.0,0.0,0.0,0.0,0.0,0.0,0.0,0.0,0.0,0.0,0.0,0.0,0.0,0.0,0.0,0.0,0.0,0.0,0.0,0.0,0.0,0.0,0.0,0.0,0.0,0.0,0.0,0.0,0.0,0.0,0.0,0.0,0.0,0.0,0.0,0.0,0.0,0.0,0.0,0.0,0.0,0.0,0.0,0.0,0.0,0.0,0.0,0.0,0.0,0.0,0.0,0.0,0.0,0.0,0.0,0.0,0.0,0.0,0.0,0.0,0.0,0.0,0.0,0.0,0.0,0.0,0.0,0.0,0.0,0.0,0.0,0.0,0.0,0.0,0.0,0.0,0.0,0.0,0.0,0.0,0.0,0.0,0.0,0.0,0.0,0.0,0.0,0.0,0.0,0.0,0.0,0.0,0.0,0.0,0.0,0.0,0.0,0.0,0.0,0.0,0.0,0.0,0.0,0.0,0.0,0.0,0.0,0.0,0.0,0.0,0.0,0.0,0.0,0.0,0.0,0.0,0.0,0.0,0.0,0.0,0.0,0.0,0.0,0.0,0.0,0.0,0.0,0.0,0.0,0.0,0.0,0.0,0.0,0.0,0.0,0.0,0.0,0.0,0.0,0.0,0.0,0.0,0.0,0.0,0.0,0.0,0.0,0.0,0.0,0.0,0.0,0.0,0.0,0.0,0.0,0.0,0.0,0.0,0.0,0.0,0.0,0.0,0.0,0.0,0.0,0.0,0.0,0.0,0.0,0.0,0.0,0.0,0.0,0.0,0.0,0.0,0.0,0.0,0.0,0.0,0.0,0.0,0.0,0.0,0.0,0.0,0.0,0.0,0.0,0.0,0.0,0.0,0.0,0.0,0.0,0.0,0.0,0.0,0.0,0.0,0.0,0.0,0.0,0.0,0.0,0.0,0.0,0.0,0.0,0.0,0.0,0.0,0.0,0.0,0.0,0.0,0.0,0.0,0.0,0.0,0.0,0.0,0.0,0.0,0.0,0.0,0.0,0.0,0.0,0.0,0.0,0.0,0.0,0.0,0.0,0.0,0.0,0.0,0.0,0.0,0.0,0.0,0.0,0.0,0.0,0.0,0.0,0.0,0.0,0.0,0.0,0.0,0.0,0.0,0.0,0.0,0.0,0.0,0.0,0.0,0.0,0.0,0.0,0.0,0.0,0.0,0.0,0.0,0.0,0.0,0.0,0.0,0.0,0.0,0.0,0.0,0.0,0.0,0.0,0.0,0.0,0.0,0.0,0.0,0.0,0.0,0.0,0.0,0.0,0.0,0.0,0.0,0.0,0.0,0.0,0.0,0.0,0.0,0.0,0.0,0.0,0.0,0.0,0.0,0.0,0.0,0.0,0.0,0.0,0.0,0.0,0.0,0.0,0.0,0.0,0.0,0.0,0.0,0.0,0.0,0.0,0.0,0.0,0.0,0.0,0.0,0.0,0.0,0.0,0.0,0.0,0.0,0.0,0.0,0.0,0.0,0.0,0.0,0.0,0.0,0.0,0.0,0.0,0.0,0.0,0.0,0.0,0.0,0.0,0.0,0.0,0.0,0.0,0.0,0.0,0.0,0.0,0.0,0.0,0.0,0.0,0.0,0.0,0.0,0.0,0.0,0.0,0.0,0.0,0.0,0.0,0.0,0.0,0.0,0.0,0.0,0.0,0.0,0.0,0.0,0.0,0.0,0.0,0.0,0.0,0.0,0.0,0.0,0.0,0.0,0.0,0.0,0.0,0.0,0.0,0.0,0.0,0.0,0.0,0.0,0.0,0.0,0.0,0.0,0.0,0.0,0.0,0.0,0.0,0.0,0.0,0.0,0.0,0.0,0.0,0.0,0.0,0.0,0.0,0.0,0.0,0.0,0.0,0.0,0.0,0.0,0.0,0.0,0.0,0.0,0.0,0.0,0.0,0.0,0.0,0.0,0.0,0.0,0.0,0.0,0.0,0.0,0.0,0.0,0.0,0.0,0.0,0.0,0.0,0.0,0.0,0.0,0.0,0.0,0.0,0.0,0.0,0.0,0.0,0.0,0.0,0.0,0.0,0.0,0.0,0.0,0.0,0.0,0.0,0.0,0.0,0.0,0.0,0.0,0.0,0.0,0.0,0.0,0.0,0.0,0.0,0.0,0.0,0.0,0.0,0.0,0.0,0.0,0.0,0.0,0.0,0.0,0.0,0.0,0.0,0.0,0.0,0.0,0.0,0.0,0.0,0.0,0.0,0.0,0.0,0.0,0.0,0.0,0.0,0.0,0.0,0.0,0.0,0.0,0.0,0.0,0.0,0.0,0.0,0.0,0.0,0.0,0.0,0.0,0.0,0.0,0.0,0.0,0.0,0.0,0.0,0.0,0.0,0.0,0.0,0.0,0.0,0.0,0.0,0.0,0.0,0.0,0.0,0.0,0.0,0.0,0.0,0.0,0.0,0.0,0.0,0.0,0.0,0.0,0.0,0.0,0.0,0.0,0.0,0.0,0.0,0.0,0.0,0.0,0.0,0.0,0.0,0.0,0.0,0.0,0.0,0.0,0.0,0.0,0.0,0.0,0.0,0.0,0.0,0.0,0.0,0.0,0.0,0.0,0.0,0.0,0.0,0.0,0.0,0.0,0.0,0.0,0.0,0.0,0.0,0.0,0.0,0.0,0.0,0.0,0.0,0.0,0.0,0.0,0.0,0.0,0.0,0.0,0.0,0.0,0.0,0.0,0.0,0.0,0.0,0.0,0.0,0.0,0.0,0.0,0.0,0.0,0.0,0.0,0.0,0.0,0.0,0.0,0.0,0.0,0.0,0.0,0.0,0.0,0.0,0.0,0.0,0.0,0.0,0.0,0.0,0.0,0.0,0.0,0.0,0.0,0.0,0.0,0.0,0.0,0.0,0.0,0.0,0.0,0.0,0.0,0.0,0.0,0.0,0.0,0.0,0.0,0.0,0.0,0.0,0.0,0.0,0.0,0.0,0.0,0.0,0.0,0.0,0.0,0.0,0.0,0.0,0.0,0.0,0.0,0.0,0.0,0.0,0.0,0.0,0.0,0.0,0.0,0.0,0.0,0.0,0.0,0.0,0.0,0.0,0.0,0.0,0.0,0.0,0.0,0.0,0.0,0.0,0.0,0.0,0.0,0.0,0.0,0.0,0.0,0.0,0.0,0.0,0.0,0.0,0.0,0.0,0.0,0.0,0.0,0.0,0.0,0.0,0.0,0.0,0.0,0.0,0.0,0.0,0.0,0.0,0.0,0.0,0.0,0.0,0.0,0.0,0.0,0.0,0.0,0.0,0.0,0.0,0.0,0.0,0.0,0.0,0.0,0.0,0.0,0.0,0.0,0.0,0.0,0.0,0.0,0.0,0.0,0.0,0.0,0.0,0.0,0.0,0.0,0.0,0.0,0.0,0.0,0.0,0.0,0.0,0.0,0.0,0.0,0.0,0.0,0.0,0.0,0.0,0.0,0.0,0.0,0.0,0.0,0.0,0.0,0.0,0.0,0.0,0.0,0.0,0.0,0.0,0.0,0.0,0.0,0.0,0.0,0.0,0.0,0.0,0.0,0.0,0.0,0.0,0.0,0.0,0.0,0.0,0.0,0.0,0.0,0.0,0.0,0.0,0.0,0.0,0.0,0.0,0.0,0.0,0.0,0.0,0.0,0.0,0.0,0.0,0.0,0.0,0.0,0.0,0.0,0.0,0.0,0.0,0.0,0.0,0.0,0.0,0.0,0.0,0.0,0.0,0.0,0.0,0.0,0.0,0.0,0.0,0.0,0.0,0.0,0.0,0.0,0.0,0.0,0.0,0.0,0.0,0.0,0.0,0.0,0.0,0.0,0.0,0.0,0.0,0.0,0.0,0.0,0.0,0.0,0.0,0.0,0.0,0.0,0.0,0.0,0.0,0.0,0.0,0.0,0.0,0.0,0.0,0.0,0.0,0.0,0.0,0.0,0.0,0.0,0.0,0.0,0.0,0.0,0.0,0.0,0.0,0.0,0.0,0.0,0.0,0.0,0.0,0.0,0.0,0.0,0.0,0.0,0.0,0.0,0.0,0.0,0.0,0.0,0.0,0.0,0.0,0.0,0.0,0.0,0.0,0.0,0.0,0.0,0.0,0.0,0.0,0.0,0.0,0.0,0.0,0.0,0.0,0.0,0.0,0.0,0.0,0.0,0.0,0.0,0.0,0.0,0.0,0.0,0.0,0.0,0.0,0.0,0.0,0.0,0.0,0.0,0.0,0.0,0.0,0.0,0.0,0.0,0.0,0.0,0.0,0.0,0.0,0.0,0.0,0.0,0.0,0.0,0.0,0.0,0.0,0.0,0.0,0.0,0.0,0.0,0.0,0.0,0.0,0.0,0.0,0.0,0.0,0.0,0.0,0.0,0.0,0.0,0.0,0.0,0.0,0.0,0.0,0.0,0.0,0.0,0.0,0.0,0.0,0.0,0.0,0.0,0.0,0.0,0.0,0.0,0.0,0.0,0.0,0.0,0.0,0.0,0.0,0.0,0.0,0.0,0.0,0.0,0.0,0.0,0.0,0.0,0.0,0.0,0.0,0.0,0.0,0.0,0.0,0.0,0.0,0.0,0.0,0.0,0.0,0.0,0.0,0.0,0.0,0.0,0.0,0.0,0.0,0.0,0.0,0.0,0.0,0.0,0.0,0.0,0.0,0.0,0.0,0.0,0.0,0.0,0.0,0.0,0.0,0.0,0.0,0.0,0.0,0.0,0.0,0.0,0.0,0.0,0.0,0.0,0.0,0.0,0.0,0.0,0.0,0.0,0.0,0.0,0.0,0.0,0.0,0.0,0.0,0.0,0.0,0.0,0.0,0.0,0.0,0.0,0.0,0.0,0.0,0.0,0.0,0.0,0.0,0.0,0.0,0.0,0.0,0.0,0.0,0.0,0.0,0.0,0.0,0.0,0.0,0.0,0.0,0.0,0.0,0.0,0.0,0.0,0.0,0.0,0.0,0.0,0.0,0.0,0.0,0.0,0.0,0.0,0.0,0.0,0.0,0.0,0.0,0.0,0.0,0.0,0.0,0.0,0.0,0.0,0.0,0.0,0.0,0.0,0.0,0.0,0.0,0.0,0.0,0.0,0.0,0.0,0.0,0.0,0.0,0.0,0.0,0.0,0.0,0.0,0.0,0.0,0.0,0.0,0.0,0.0,0.0,0.0,0.0,0.0,0.0,0.0,0.0,0.0,0.0,0.0,0.0,0.0,0.0,0.0,0.0,0.0,0.0,0.0,0.0,0.0,0.0,0.0,0.0,0.0,0.0,0.0,0.0,0.0,0.0,0.0,0.0,0.0,0.0,0.0,0.0,0.0,0.0,0.0,0.0,0.0,0.0,0.0,0.0,0.0,0.0,0.0,0.0,0.0,0.0,0.0,0.0,0.0,0.0,0.0,0.0,0.0,0.0,0.0,0.0,0.0,0.0,0.0,0.0,0.0,0.0,0.0,0.0,0.0,0.0,0.0,0.0,0.0,0.0,0.0,0.0,0.0,0.0,0.0,0.0,0.0,0.0,0.0,0.0,0.0,0.0,0.0,0.0,0.0,0.0,0.0,0.0,0.0,0.0,0.0,0.0,0.0,0.0,0.0,0.0,0.0,0.0,0.0,0.0,0.0,0.0,0.0,0.0,0.0,0.0,0.0,0.0,0.0,0.0,0.0,0.0,0.0,0.0,0.0,0.0,0.0,0.0,0.0,0.0,0.0,0.0,0.0,0.0,0.0,0.0,0.0,0.0,0.0,0.0,0.0,0.0,0.0,0.0,0.0,0.0,0.0,0.0,0.0,0.0,0.0,0.0,0.0,0.0,0.0,0.0,0.0,0.0,0.0,0.0,0.0,0.0,0.0,0.0,0.0,0.0,0.0,0.0,0.0,0.0,0.0,0.0,0.0,0.0,0.0,0.0,0.0,0.0,0.0,0.0,0.0,0.0,0.0,0.0,0.0,0.0,0.0,0.0,0.0,0.0,0.0,0.0,0.0,0.0,0.0,0.0,0.0,0.0,0.0,0.0,0.0,0.0,0.0,0.0,0.0,0.0,0.0,0.0,0.0,0.0,0.0,0.0,0.0,0.0,0.0,0.0,0.0,0.0,0.0,0.0,0.0,0.0,0.0,0.0,0.0,0.0,0.0,0.0,0.0,0.0,0.0,0.0,0.0,0.0,0.0,0.0,0.0,0.0,0.0,0.0,0.0,0.0,0.0,0.0,0.0,0.0,0.0,0.0,0.0,0.0,0.0,0.0,0.0,0.0,0.0,0.0,0.0,0.0,0.0,0.0,0.0,0.0,0.0,0.0,0.0,0.0,0.0,0.0,0.0,0.0,0.0,0.0,0.0,0.0,0.0,0.0,0.0,0.0,0.0,0.0,0.0,0.0,0.0,0.0,0.0,0.0,0.0,0.0,0.0,0.0,0.0,0.0,0.0,0.0,0.0,0.0,0.0,0.0,0.0,0.0,0.0,0.0,0.0,0.0,0.0,0.0,0.0,0.0,0.0,0.0,0.0,0.0,0.0,0.0,0.0,0.0,0.0,0.0,0.0,0.0,0.0,0.0,0.0,0.0,0.0,0.0,0.0,0.0,0.0,0.0,0.0,0.0,0.0,0.0,0.0,0.0,0.0,0.0,0.0,0.0,0.0,0.0,0.0,0.0,0.0,0.0,0.0,0.0,0.0,0.0,0.0,0.0,0.0,0.0,0.0,0.0,0.0,0.0,0.0,0.0,0.0,0.0,0.0,0.0,0.0,0.0,0.0,0.0,0.0,0.0,0.0,0.0,0.0,0.0,0.0,0.0,0.0,0.0,0.0,0.0,0.0,0.0,0.0,0.0,0.0,0.0,0.0,0.0,0.0,0.0,0.0,0.0,0.0,0.0,0.0,0.0,0.0,0.0,0.0,0.0,0.0,0.0,0.0,0.0,0.0,0.0,0.0,0.0,0.0,0.0,0.0,0.0,0.0,0.0,0.0,0.0,0.0,0.0,0.0,0.0,0.0,0.0,0.0,0.0,0.0,0.0,0.0,0.0,0.0,0.0,0.0,0.0,0.0,0.0,0.0,0.0,0.0,0.0,0.0,0.0,0.0,0.0,0.0,0.0,0.0,0.0,0.0,0.0,0.0,0.0,0.0,0.0,0.0,0.0,0.0,0.0,0.0,0.0,0.0,0.0,0.0,0.0,0.0,0.0,0.0,0.0,0.0,0.0,0.0,0.0,0.0,0.0,0.0,0.0,0.0,0.0,0.0,0.0,0.0,0.0,0.0,0.0,0.0,0.0,0.0,0.0,0.0,0.0,0.0,0.0,0.0,0.0,0.0,0.0,0.0,0.0,0.0,0.0,0.0,0.0,0.0,0.0,0.0,0.0,0.0,0.0,0.0,0.0,0.0,0.0,0.0,0.0,0.0,0.0,0.0,0.0,0.0,0.0,0.0,0.0,0.0,0.0,0.0,0.0,0.0,0.0,0.0,0.0,0.0,0.0,0.0,0.0,0.0,0.0,0.0,0.0,0.0,0.0,0.0,0.0,0.0,0.0,0.0,0.0,0.0,0.0,0.0,0.0,0.0,0.0,0.0,0.0,0.0,0.0,0.0,0.0,0.0,0.0,0.0,0.0,0.0,0.0,0.0,0.0,0.0,0.0,0.0,0.0,0.0,0.0,0.0,0.0,0.0,0.0,0.0,0.0,0.0,0.0,0.0,0.0,0.0,0.0,0.0,0.0,0.0,0.0,0.0,0.0,0.0,0.0,0.0,0.0,0.0,0.0,0.0,0.0,0.0,0.0,0.0,0.0,0.0,0.0,0.0,0.0,0.0,0.0,0.0,0.0,0.0,0.0,0.0,0.0,0.0,0.0,0.0,0.0,0.0,0.0,0.0,0.0,0.0,0.0,0.0,0.0,0.0,0.0,0.0,0.0,0.0,0.0,0.0,0.0,0.0,0.0,0.0,0.0,0.0,0.0,0.0,0.0,0.0,0.0,0.0,0.0,0.0,0.0,0.0,0.0,0.0,0.0,0.0,0.0,0.0,0.0,0.0,0.0,0.0,0.0,0.0,0.0,0.0,0.0,0.0,0.0,0.0,0.0,0.0,0.0,0.0,0.0,0.0,0.0,0.0,0.0,0.0,0.0,0.0,0.0,0.0,0.0,0.0,0.0,0.0,0.0,0.0,0.0,0.0,0.0,0.0,0.0,0.0,0.0,0.0,0.0,0.0,0.0,0.0,0.0,0.0,0.0,0.0,0.0,0.0,0.0,0.0,0.0,0.0,0.0,0.0,0.0,0.0,0.0,0.0,0.0,0.0,0.0,0.0,0.0,0.0,0.0,0.0,0.0,0.0,0.0,0.0,0.0,0.0,0.0,0.0,0.0,0.0,0.0,0.0,0.0,0.0,0.0,0.0,0.0,0.0,0.0,0.0,0.0,0.0,0.0,0.0,0.0,0.0,0.0,0.0,0.0,0.0,0.0,0.0,0.0,0.0,0.0,0.0,0.0,0.0,0.0,0.0,0.0,0.0,0.0,0.0,0.0,0.0,0.0,0.0,0.0,0.0,0.0,0.0,0.0,0.0,0.0,0.0,0.0,0.0,0.0,0.0,0.0,0.0,0.0,0.0,0.0,0.0,0.0,0.0,0.0,0.0,0.0,0.0,0.0,0.0,0.0,0.0,0.0,0.0,0.0,0.0,0.0,0.0,0.0,0.0,0.0,0.0,0.0,0.0,0.0,0.0,0.0,0.0,0.0,0.0,0.0,0.0,0.0,0.0,0.0,0.0,0.0,0.0,0.0,0.0,0.0,0.0,0.0,0.0,0.0,0.0,0.0,0.0,0.0,0.0,0.0,0.0,0.0,0.0,0.0,0.0,0.0,0.0,0.0,0.0,0.0,0.0,0.0,0.0,0.0,0.0,0.0,0.0,0.0,0.0,0.0,0.0,0.0,0.0,0.0,0.0,0.0,0.0,0.0,0.0,0.0,0.0,0.0,0.0,0.0,0.0,0.0,0.0,0.0,0.0,0.0,0.0,0.0,0.0,0.0,0.0,0.0,0.0,0.0,0.0,0.0,0.0,0.0,0.0,0.0,0.0,0.0,0.0,0.0,0.0,0.0,0.0,0.0,0.0,0.0,0.0,0.0,0.0,0.0,0.0,0.0,0.0,0.0,0.0,0.0,0.0,0.0,0.0,0.0,0.0,0.0,0.0,0.0,0.0,0.0,0.0,0.0,0.0,0.0,0.0,0.0,0.0,0.0,0.0,0.0,0.0,0.0,0.0,0.0,0.0,0.0,0.0,0.0,0.0,0.0,0.0,0.0,0.0,0.0,0.0,0.0,0.0,0.0,0.0,0.0,0.0,0.0,0.0,0.0,0.0,0.0,0.0,0.0,0.0,0.0,0.0,0.0,0.0,0.0,0.0,0.0,0.0,0.0,0.0,0.0,0.0,0.0,0.0,0.0,0.0,0.0,0.0,0.0,0.0,0.0,0.0,0.0,0.0,0.0,0.0,0.0,0.0,0.0,0.0,0.0,0.0,0.0,0.0,0.0,0.0,0.0,0.0,0.0,0.0,0.0,0.0,0.0,0.0,0.0,0.0,0.0,0.0,0.0,0.0,0.0,0.0,0.0,0.0,0.0,0.0,0.0,0.0,0.0,0.0,0.0,0.0,0.0,0.0,0.0,0.0,0.0,0.0,0.0,0.0,0.0,0.0,0.0,0.0,0.0,0.0,0.0,0.0,0.0,0.0,0.0,0.0,0.0,0.0,0.0,0.0,0.0,0.0,0.0,0.0,0.0,0.0,0.0,0.0,0.0
Tax22,0.0,-0.17903587,-0.16154584,-0.13836256,-0.11115603,-0.08127623,-0.049763117,-0.017419674,0.015107127,0.047332343,0.07882814,0.10925118,0.138249,0.16406935,0.18894169,0.21187526,0.232811,0.257702,0.27401656,0.28899023,0.302487,0.31386206,0.3238226,0.33352154,0.34778622,0.36110535,0.37484512,0.38684568,0.39742225,0.4064399,0.41999418,0.42873392,0.44546637,0.45778224,0.46421966,0.47344425,0.48424715,0.4947563,0.4895257,0.49952152,0.50593114,0.50779736,0.52955973,0.557154,0.56726676,0.59724367,0.60695994,0.60673153,0.5986601,0.59861887,0.6094216,0.60766715,0.6169586,0.6027301,0.6212011,0.5989129,0.59215736,0.5916565,0.584791,0.5646481,0.5243848,0.49460745,0.49825135,0.48604542,0.49119794,0.50150996,0.432146,0.44337472,0.53641856,0.54599464,0.5600967,0.5557802,0.5538663,0.46469203,0.55964833,0.50123185,0.5083819,0.51467174,0.52483183,0.5308961,0.54173785,0.55508447,0.5487572,0.5567009,0.56239766,0.58709896,0.69248694,0.69769186,0.7197323,0.70960134,0.73315984,0.75559664,0.7147573,0.7243109,0.7215253,0.73707783,0.7389209,0.7192136,0.7064098,0.6787164,0.68632597,0.655458,0.6600658,0.66045624,0.6526566,0.6637045,0.6710016,0.6481451,0.6446517,0.6523956,0.65929496,0.6421537,0.637672,0.6089555,0.58745384,0.49495983,0.5106437,0.48301077,0.48369756,0.4660021,0.46442795,0.44306913,0.44160503,0.42478898,0.41694677,0.4038584,0.37688124,0.37063932,0.33367637,0.32200047,0.30788332,0.29182044,0.27857223,0.27544218,0.24603786,0.21840003,0.20420143,0.18353052,0.16973399,0.16062604,0.14482072,0.1193099,0.1064202,0.09716877,0.08996784,0.08449259,0.06949457,0.056770332,0.045937676,0.037149444,0.03037855,0.03285324,0.05058106,0.06864023,0.0798138,0.08778801,0.098389946,0.10491929,0.10552926,0.09607561,0.09571185,0.093619175,0.09009889,0.08722898,0.08448484,0.08345426,0.08549092,0.089130975,0.079629034,0.077818684,0.07965069,0.082613796,0.08128545,0.0790609,0.0894475,0.09428604,0.08450049,0.07645849,0.079540506,0.08358012,0.08136291,0.07481878,0.062374026,0.048556663,0.038465165,0.031513415,0.024463518,0.016228965,0.01194689,0.0059806453,0.0012780919,-0.0026146155,-0.0046210634,-0.0061669378,-0.0077466564,-0.009414167,-0.011754394,-0.013866227,-0.015234448,-0.016607055,-0.017557878,-0.017687505,-0.017430795,-0.017005114,-0.01620781,-0.017796747,-0.016891517,-0.017642401,-0.018313676,-0.01332453,-0.0045549115,-0.0028176354,-0.0028482391,-0.0028475937,-0.0028674644,-0.0029091598,-0.0029493729,-0.002983007,-0.0030247339,-0.0030470537,0.0,0.0,0.0,0.0,0.0,0.0,0.0,0.0,0.0,0.0,0.0,0.0,0.0,0.0,0.0,0.0,0.0,0.0,0.0,0.0,0.0,0.0,0.0,0.0,0.0,0.0,0.0,0.0,0.0,0.0,0.0,0.0,0.0,0.0,0.0,0.0,0.0,0.0,0.0,0.0,0.0,0.0,0.0,0.0,0.0,0.0,0.0,0.0,0.0,0.0,0.0,0.0,0.0,0.0,0.0,0.0,0.0,0.0,0.0,0.0,0.0,0.0,0.0,0.0,0.0,0.0,0.0,0.0,0.0,0.0,0.0,0.0,0.0,0.0,0.0,0.0,0.0,0.0,0.0,0.0,0.0,0.0,0.0,0.0,0.0,0.0,0.0,0.0,0.0,0.0,0.0,0.0,0.0,0.0,0.0,0.0,0.0,0.0,0.0,0.0,0.0,0.0,0.0,0.0,0.0,0.0,0.0,0.0,0.0,0.0,0.0,0.0,0.0,0.0,0.0,0.0,0.0,0.0,0.0,0.0,0.0,0.0,0.0,0.0,0.0,0.0,0.0,0.0,0.0,0.0,0.0,0.0,0.0,0.0,0.0,0.0,0.0,0.0,0.0,0.0,0.0,0.0,0.0,0.0,0.0,0.0,0.0,0.0,0.0,0.0,0.0,0.0,0.0,0.0,0.0,0.0,0.0,0.0,0.0,0.0,0.0,0.0,0.0,0.0,0.0,0.0,0.0,0.0,0.0,0.0,0.0,0.0,0.0,0.0,0.0,0.0,0.0,0.0,0.0,0.0,0.0,0.0,0.0,0.0,0.0,0.0,0.0,0.0,0.0,0.0,0.0,0.0,0.0,0.0,0.0,0.0,0.0,0.0,0.0,0.0,0.0,0.0,0.0,0.0,0.0,0.0,0.0,0.0,0.0,0.0,0.0,0.0,0.0,0.0,0.0,0.0,0.0,0.0,0.0,0.0,0.0,0.0,0.0,0.0,0.0,0.0,0.0,0.0,0.0,0.0,0.0,0.0,0.0,0.0,0.0,0.0,0.0,0.0,0.0,0.0,0.0,0.0,0.0,0.0,0.0,0.0,0.0,0.0,0.0,0.0,0.0,0.0,0.0,0.0,0.0,0.0,0.0,0.0,0.0,0.0,0.0,0.0,0.0,0.0,0.0,0.0,0.0,0.0,0.0,0.0,0.0,0.0,0.0,0.0,0.0,0.0,0.0,0.0,0.0,0.0,0.0,0.0,0.0,0.0,0.0,0.0,0.0,0.0,0.0,0.0,0.0,0.0,0.0,0.0,0.0,0.0,0.0,0.0,0.0,0.0,0.0,0.0,0.0,0.0,0.0,0.0,0.0,0.0,0.0,0.0,0.0,0.0,0.0,0.0,0.0,0.0,0.0,0.0,0.0,0.0,0.0,0.0,0.0,0.0,0.0,0.0,0.0,0.0,0.0,0.0,0.0,0.0,0.0,0.0,0.0,0.0,0.0,0.0,0.0,0.0,0.0,0.0,0.0,0.0,0.0,0.0,0.0,0.0,0.0,0.0,0.0,0.0,0.0,0.0,0.0,0.0,0.0,0.0,0.0,0.0,0.0,0.0,0.0,0.0,0.0,0.0,0.0,0.0,0.0,0.0,0.0,0.0,0.0,0.0,0.0,0.0,0.0,0.0,0.0,0.0,0.0,0.0,0.0,0.0,0.0,0.0,0.0,0.0,0.0,0.0,0.0,0.0,0.0,0.0,0.0,0.0,0.0,0.0,0.0,0.0,0.0,0.0,0.0,0.0,0.0,0.0,0.0,0.0,0.0,0.0,0.0,0.0,0.0,0.0,0.0,0.0,0.0,0.0,0.0,0.0,0.0,0.0,0.0,0.0,0.0,0.0,0.0,0.0,0.0,0.0,0.0,0.0,0.0,0.0,0.0,0.0,0.0,0.0,0.0,0.0,0.0,0.0,0.0,0.0,0.0,0.0,0.0,0.0,0.0,0.0,0.0,0.0,0.0,0.0,0.0,0.0,0.0,0.0,0.0,0.0,0.0,0.0,0.0,0.0,0.0,0.0,0.0,0.0,0.0,0.0,0.0,0.0,0.0,0.0,0.0,0.0,0.0,0.0,0.0,0.0,0.0,0.0,0.0,0.0,0.0,0.0,0.0,0.0,0.0,0.0,0.0,0.0,0.0,0.0,0.0,0.0,0.0,0.0,0.0,0.0,0.0,0.0,0.0,0.0,0.0,0.0,0.0,0.0,0.0,0.0,0.0,0.0,0.0,0.0,0.0,0.0,0.0,0.0,0.0,0.0,0.0,0.0,0.0,0.0,0.0,0.0,0.0,0.0,0.0,0.0,0.0,0.0,0.0,0.0,0.0,0.0,0.0,0.0,0.0,0.0,0.0,0.0,0.0,0.0,0.0,0.0,0.0,0.0,0.0,0.0,0.0,0.0,0.0,0.0,0.0,0.0,0.0,0.0,0.0,0.0,0.0,0.0,0.0,0.0,0.0,0.0,0.0,0.0,0.0,0.0,0.0,0.0,0.0,0.0,0.0,0.0,0.0,0.0,0.0,0.0,0.0,0.0,0.0,0.0,0.0,0.0,0.0,0.0,0.0,0.0,0.0,0.0,0.0,0.0,0.0,0.0,0.0,0.0,0.0,0.0,0.0,0.0,0.0,0.0,0.0,0.0,0.0,0.0,0.0,0.0,0.0,0.0,0.0,0.0,0.0,0.0,0.0,0.0,0.0,0.0,0.0,0.0,0.0,0.0,0.0,0.0,0.0,0.0,0.0,0.0,0.0,0.0,0.0,0.0,0.0,0.0,0.0,0.0,0.0,0.0,0.0,0.0,0.0,0.0,0.0,0.0,0.0,0.0,0.0,0.0,0.0,0.0,0.0,0.0,0.0,0.0,0.0,0.0,0.0,0.0,0.0,0.0,0.0,0.0,0.0,0.0,0.0,0.0,0.0,0.0,0.0,0.0,0.0,0.0,0.0,0.0,0.0,0.0,0.0,0.0,0.0,0.0,0.0,0.0,0.0,0.0,0.0,0.0,0.0,0.0,0.0,0.0,0.0,0.0,0.0,0.0,0.0,0.0,0.0,0.0,0.0,0.0,0.0,0.0,0.0,0.0,0.0,0.0,0.0,0.0,0.0,0.0,0.0,0.0,0.0,0.0,0.0,0.0,0.0,0.0,0.0,0.0,0.0,0.0,0.0,0.0,0.0,0.0,0.0,0.0,0.0,0.0,0.0,0.0,0.0,0.0,0.0,0.0,0.0,0.0,0.0,0.0,0.0,0.0,0.0,0.0,0.0,0.0,0.0,0.0,0.0,0.0,0.0,0.0,0.0,0.0,0.0,0.0,0.0,0.0,0.0,0.0,0.0,0.0,0.0,0.0,0.0,0.0,0.0,0.0,0.0,0.0,0.0,0.0,0.0,0.0,0.0,0.0,0.0,0.0,0.0,0.0,0.0,0.0,0.0,0.0,0.0,0.0,0.0,0.0,0.0,0.0,0.0,0.0,0.0,0.0,0.0,0.0,0.0,0.0,0.0,0.0,0.0,0.0,0.0,0.0,0.0,0.0,0.0,0.0,0.0,0.0,0.0,0.0,0.0,0.0,0.0,0.0,0.0,0.0,0.0,0.0,0.0,0.0,0.0,0.0,0.0,0.0,0.0,0.0,0.0,0.0,0.0,0.0,0.0,0.0,0.0,0.0,0.0,0.0,0.0,0.0,0.0,0.0,0.0,0.0,0.0,0.0,0.0,0.0,0.0,0.0,0.0,0.0,0.0,0.0,0.0,0.0,0.0,0.0,0.0,0.0,0.0,0.0,0.0,0.0,0.0,0.0,0.0,0.0,0.0,0.0,0.0,0.0,0.0,0.0,0.0,0.0,0.0,0.0,0.0,0.0,0.0,0.0,0.0,0.0,0.0,0.0,0.0,0.0,0.0,0.0,0.0,0.0,0.0,0.0,0.0,0.0,0.0,0.0,0.0,0.0,0.0,0.0,0.0,0.0,0.0,0.0,0.0,0.0,0.0,0.0,0.0,0.0,0.0,0.0,0.0,0.0,0.0,0.0,0.0,0.0,0.0,0.0,0.0,0.0,0.0,0.0,0.0,0.0,0.0,0.0,0.0,0.0,0.0,0.0,0.0,0.0,0.0,0.0,0.0,0.0,0.0,0.0,0.0,0.0,0.0,0.0,0.0,0.0,0.0,0.0,0.0,0.0,0.0,0.0,0.0,0.0,0.0,0.0,0.0,0.0,0.0,0.0,0.0,0.0,0.0,0.0,0.0,0.0,0.0,0.0,0.0,0.0,0.0,0.0,0.0,0.0,0.0,0.0,0.0,0.0,0.0,0.0,0.0,0.0,0.0,0.0,0.0,0.0,0.0,0.0,0.0,0.0,0.0,0.0,0.0,0.0,0.0,0.0,0.0,0.0,0.0,0.0,0.0,0.0,0.0,0.0,0.0,0.0,0.0,0.0,0.0,0.0,0.0,0.0,0.0,0.0,0.0,0.0,0.0,0.0,0.0,0.0,0.0,0.0,0.0,0.0,0.0,0.0,0.0,0.0,0.0,0.0,0.0,0.0,0.0,0.0,0.0,0.0,0.0,0.0,0.0,0.0,0.0,0.0,0.0,0.0,0.0,0.0,0.0,0.0,0.0,0.0,0.0,0.0,0.0,0.0,0.0,0.0,0.0,0.0,0.0,0.0,0.0,0.0,0.0,0.0,0.0,0.0,0.0,0.0,0.0,0.0,0.0,0.0,0.0,0.0,0.0,0.0,0.0,0.0,0.0,0.0,0.0,0.0,0.0,0.0,0.0,0.0,0.0,0.0,0.0,0.0,0.0,0.0,0.0,0.0,0.0,0.0,0.0,0.0,0.0,0.0,0.0,0.0,0.0,0.0,0.0,0.0,0.0,0.0,0.0,0.0,0.0,0.0,0.0,0.0,0.0,0.0,0.0,0.0,0.0,0.0,0.0,0.0,0.0,0.0,0.0,0.0,0.0,0.0,0.0,0.0,0.0,0.0,0.0,0.0,0.0,0.0,0.0,0.0,0.0,0.0,0.0,0.0,0.0,0.0,0.0,0.0,0.0,0.0,0.0,0.0,0.0,0.0,0.0,0.0,0.0,0.0,0.0,0.0,0.0,0.0,0.0,0.0,0.0,0.0,0.0,0.0,0.0,0.0,0.0,0.0,0.0,0.0,0.0,0.0,0.0,0.0,0.0,0.0,0.0,0.0,0.0,0.0,0.0,0.0,0.0,0.0,0.0,0.0,0.0,0.0,0.0,0.0,0.0,0.0,0.0,0.0,0.0,0.0,0.0,0.0,0.0,0.0,0.0,0.0,0.0,0.0,0.0,0.0,0.0,0.0,0.0,0.0,0.0,0.0,0.0,0.0,0.0,0.0,0.0,0.0,0.0,0.0,0.0,0.0,0.0,0.0,0.0,0.0,0.0,0.0,0.0,0.0,0.0,0.0,0.0,0.0,0.0,0.0,0.0,0.0,0.0,0.0,0.0,0.0,0.0,0.0,0.0,0.0,0.0,0.0,0.0,0.0,0.0,0.0,0.0,0.0,0.0,0.0,0.0,0.0,0.0,0.0,0.0,0.0,0.0,0.0,0.0,0.0,0.0,0.0,0.0,0.0,0.0,0.0,0.0,0.0,0.0,0.0,0.0,0.0,0.0,0.0,0.0,0.0,0.0,0.0,0.0,0.0,0.0,0.0,0.0,0.0,0.0,0.0,0.0,0.0,0.0,0.0,0.0,0.0,0.0,0.0,0.0,0.0,0.0,0.0,0.0,0.0,0.0,0.0,0.0,0.0,0.0,0.0,0.0,0.0,0.0,0.0,0.0,0.0,0.0,0.0,0.0,0.0,0.0,0.0,0.0,0.0,0.0,0.0,0.0,0.0,0.0,0.0,0.0,0.0,0.0,0.0,0.0,0.0,0.0,0.0,0.0,0.0,0.0,0.0,0.0,0.0,0.0,0.0,0.0,0.0,0.0,0.0,0.0,0.0,0.0,0.0,0.0,0.0,0.0,0.0,0.0,0.0,0.0,0.0,0.0,0.0,0.0,0.0,0.0,0.0,0.0,0.0,0.0,0.0,0.0,0.0,0.0,0.0,0.0,0.0,0.0,0.0,0.0,0.0,0.0,0.0,0.0,0.0,0.0,0.0,0.0,0.0,0.0,0.0,0.0,0.0,0.0,0.0,0.0,0.0,0.0,0.0,0.0,0.0,0.0,0.0,0.0,0.0,0.0,0.0,0.0,0.0,0.0,0.0,0.0,0.0,0.0,0.0,0.0,0.0,0.0,0.0,0.0,0.0,0.0,0.0,0.0,0.0,0.0,0.0,0.0,0.0,0.0,0.0,0.0,0.0,0.0,0.0,0.0,0.0,0.0,0.0,0.0,0.0,0.0,0.0,0.0,0.0,0.0,0.0,0.0,0.0,0.0,0.0,0.0,0.0,0.0,0.0,0.0,0.0,0.0,0.0,0.0,0.0,0.0,0.0,0.0,0.0,0.0,0.0,0.0,0.0,0.0,0.0,0.0,0.0,0.0,0.0,0.0,0.0,0.0,0.0,0.0,0.0,0.0,0.0,0.0,0.0,0.0,0.0,0.0,0.0,0.0,0.0,0.0,0.0,0.0,0.0,0.0,0.0,0.0,0.0,0.0,0.0,0.0,0.0,0.0,0.0,0.0,0.0,0.0,0.0,0.0,0.0,0.0,0.0,0.0,0.0,0.0,0.0,0.0,0.0,0.0,0.0,0.0,0.0,0.0,0.0,0.0,0.0,0.0,0.0,0.0,0.0,0.0,0.0,0.0,0.0,0.0,0.0,0.0,0.0,0.0,0.0,0.0,0.0,0.0,0.0,0.0,0.0,0.0,0.0,0.0,0.0,0.0,0.0,0.0,0.0,0.0,0.0,0.0,0.0,0.0,0.0,0.0,0.0,0.0,0.0,0.0,0.0,0.0,0.0,0.0,0.0,0.0,0.0,0.0,0.0,0.0,0.0,0.0,0.0,0.0,0.0,0.0,0.0,0.0,0.0,0.0,0.0,0.0,0.0,0.0,0.0,0.0,0.0,0.0,0.0,0.0,0.0,0.0,0.0,0.0,0.0,0.0,0.0,0.0,0.0,0.0,0.0,0.0,0.0,0.0,0.0,0.0,0.0,0.0,0.0,0.0,0.0,0.0,0.0,0.0,0.0,0.0,0.0,0.0,0.0,0.0,0.0,0.0,0.0,0.0,0.0,0.0,0.0,0.0,0.0,0.0,0.0,0.0,0.0,0.0,0.0,0.0,0.0,0.0,0.0,0.0,0.0,0.0,0.0,0.0,0.0,0.0,0.0,0.0,0.0,0.0,0.0,0.0,0.0,0.0,0.0,0.0,0.0,0.0,0.0,0.0,0.0,0.0,0.0,0.0,0.0,0.0,0.0,0.0,0.0,0.0,0.0,0.0,0.0,0.0,0.0,0.0,0.0,0.0,0.0,0.0,0.0,0.0,0.0,0.0,0.0,0.0,0.0,0.0,0.0,0.0,0.0,0.0,0.0,0.0,0.0,0.0,0.0,0.0,0.0,0.0,0.0,0.0,0.0,0.0,0.0,0.0,0.0,0.0,0.0,0.0,0.0,0.0,0.0,0.0,0.0,0.0,0.0,0.0,0.0,0.0,0.0,0.0,0.0,0.0,0.0,0.0,0.0,0.0,0.0,0.0,0.0,0.0,0.0,0.0,0.0,0.0,0.0,0.0,0.0,0.0,0.0,0.0,0.0,0.0,0.0,0.0,0.0,0.0,0.0,0.0,0.0,0.0,0.0,0.0,0.0,0.0,0.0,0.0,0.0,0.0,0.0,0.0,0.0,0.0,0.0,0.0,0.0,0.0,0.0,0.0,0.0,0.0,0.0,0.0,0.0,0.0,0.0,0.0,0.0,0.0,0.0,0.0,0.0,0.0,0.0,0.0,0.0,0.0,0.0,0.0,0.0,0.0,0.0,0.0,0.0,0.0,0.0,0.0,0.0,0.0,0.0,0.0,0.0,0.0,0.0,0.0,0.0,0.0,0.0,0.0,0.0,0.0,0.0,0.0,0.0,0.0,0.0,0.0,0.0,0.0,0.0,0.0,0.0,0.0,0.0,0.0,0.0,0.0,0.0,0.0,0.0,0.0,0.0,0.0,0.0,0.0,0.0,0.0,0.0,0.0,0.0,0.0,0.0,0.0,0.0,0.0,0.0,0.0,0.0,0.0,0.0,0.0,0.0,0.0,0.0,0.0,0.0,0.0,0.0,0.0,0.0,0.0,0.0,0.0,0.0,0.0,0.0,0.0,0.0,0.0,0.0,0.0,0.0,0.0,0.0,0.0,0.0,0.0,0.0,0.0,0.0,0.0,0.0,0.0,0.0,0.0,0.0,0.0,0.0,0.0,0.0,0.0,0.0,0.0,0.0,0.0,0.0,0.0,0.0,0.0,0.0,0.0,0.0,0.0,0.0,0.0,0.0,0.0,0.0,0.0,0.0,0.0,0.0,0.0,0.0,0.0,0.0,0.0,0.0,0.0,0.0,0.0,0.0,0.0,0.0,0.0,0.0,0.0,0.0,0.0,0.0,0.0,0.0,0.0,0.0,0.0,0.0,0.0,0.0,0.0,0.0,0.0,0.0,0.0,0.0,0.0,0.0,0.0,0.0,0.0,0.0,0.0,0.0,0.0,0.0,0.0,0.0,0.0,0.0,0.0,0.0,0.0,0.0,0.0,0.0,0.0,0.0,0.0,0.0,0.0,0.0,0.0,0.0,0.0,0.0,0.0,0.0,0.0,0.0,0.0,0.0,0.0,0.0,0.0,0.0,0.0,0.0,0.0,0.0,0.0,0.0,0.0,0.0,0.0,0.0,0.0,0.0,0.0,0.0,0.0,0.0,0.0,0.0,0.0,0.0,0.0,0.0,0.0,0.0,0.0,0.0,0.0,0.0,0.0,0.0,0.0,0.0,0.0,0.0,0.0,0.0,0.0,0.0,0.0,0.0,0.0,0.0,0.0,0.0,0.0,0.0,0.0,0.0,0.0,0.0,0.0,0.0,0.0,0.0,0.0,0.0,0.0,0.0,0.0,0.0,0.0,0.0,0.0,0.0,0.0,0.0,0.0,0.0,0.0,0.0,0.0,0.0,0.0,0.0,0.0,0.0,0.0,0.0,0.0,0.0,0.0,0.0,0.0,0.0,0.0,0.0,0.0,0.0,0.0,0.0,0.0,0.0,0.0,0.0,0.0,0.0,0.0,0.0,0.0,0.0,0.0,0.0,0.0,0.0,0.0,0.0,0.0,0.0,0.0,0.0,0.0,0.0,0.0,0.0,0.0,0.0,0.0,0.0,0.0,0.0,0.0,0.0,0.0,0.0,0.0,0.0,0.0,0.0,0.0,0.0,0.0,0.0,0.0,0.0,0.0,0.0,0.0,0.0,0.0,0.0,0.0,0.0,0.0,0.0,0.0,0.0,0.0,0.0,0.0,0.0,0.0,0.0,0.0,0.0,0.0,0.0,0.0,0.0,0.0,0.0,0.0,0.0,0.0,0.0,0.0,0.0,0.0,0.0,0.0,0.0,0.0,0.0,0.0,0.0,0.0,0.0,0.0,0.0,0.0,0.0,0.0,0.0,0.0,0.0,0.0,0.0,0.0,0.0,0.0,0.0,0.0,0.0,0.0,0.0,0.0,0.0,0.0,0.0,0.0,0.0,0.0,0.0,0.0,0.0,0.0,0.0,0.0,0.0,0.0,0.0,0.0,0.0,0.0,0.0,0.0,0.0,0.0,0.0,0.0,0.0,0.0,0.0,0.0,0.0,0.0,0.0,0.0,0.0,0.0,0.0,0.0,0.0,0.0,0.0,0.0,0.0,0.0,0.0,0.0,0.0,0.0,0.0,0.0,0.0,0.0,0.0,0.0,0.0,0.0,0.0,0.0,0.0,0.0,0.0,0.0,0.0,0.0,0.0,0.0,0.0,0.0,0.0,0.0,0.0,0.0,0.0,0.0,0.0,0.0,0.0,0.0,0.0,0.0,0.0,0.0,0.0,0.0,0.0,0.0,0.0,0.0,0.0,0.0,0.0,0.0,0.0,0.0,0.0,0.0,0.0,0.0,0.0,0.0,0.0,0.0,0.0,0.0,0.0,0.0,0.0,0.0,0.0,0.0,0.0,0.0,0.0,0.0,0.0,0.0,0.0,0.0,0.0,0.0,0.0,0.0,0.0,0.0,0.0,0.0,0.0,0.0,0.0,0.0,0.0,0.0,0.0,0.0,0.0,0.0,0.0,0.0,0.0,0.0,0.0,0.0,0.0,0.0,0.0,0.0,0.0,0.0,0.0,0.0,0.0,0.0,0.0,0.0,0.0,0.0,0.0,0.0,0.0,0.0,0.0,0.0,0.0,0.0,0.0,0.0,0.0,0.0,0.0,0.0,0.0,0.0,0.0,0.0,0.0,0.0,0.0,0.0,0.0,0.0,0.0,0.0,0.0,0.0,0.0,0.0,0.0,0.0,0.0,0.0,0.0,0.0,0.0,0.0,0.0,0.0,0.0,0.0,0.0,0.0,0.0,0.0,0.0,0.0,0.0,0.0,0.0,0.0,0.0,0.0,0.0,0.0,0.0,0.0,0.0,0.0,0.0,0.0,0.0,0.0,0.0,0.0,0.0,0.0,0.0,0.0,0.0,0.0,0.0,0.0,0.0,0.0,0.0,0.0,0.0,0.0,0.0,0.0,0.0,0.0,0.0,0.0,0.0,0.0,0.0,0.0,0.0,0.0,0.0,0.0,0.0,0.0,0.0,0.0,0.0,0.0,0.0,0.0,0.0,0.0,0.0,0.0,0.0,0.0,0.0,0.0,0.0,0.0,0.0,0.0,0.0,0.0,0.0,0.0,0.0,0.0,0.0,0.0,0.0,0.0,0.0,0.0,0.0,0.0,0.0,0.0,0.0,0.0,0.0,0.0,0.0,0.0,0.0,0.0,0.0,0.0,0.0,0.0,0.0,0.0,0.0,0.0,0.0,0.0,0.0,0.0,0.0,0.0,0.0,0.0,0.0,0.0,0.0,0.0,0.0,0.0,0.0,0.0,0.0,0.0,0.0,0.0,0.0,0.0,0.0,0.0,0.0,0.0,0.0,0.0,0.0,0.0,0.0,0.0,0.0,0.0,0.0,0.0,0.0,0.0,0.0,0.0,0.0,0.0,0.0,0.0,0.0,0.0,0.0,0.0,0.0,0.0,0.0,0.0,0.0,0.0,0.0,0.0,0.0,0.0,0.0,0.0,0.0,0.0,0.0,0.0,0.0,0.0,0.0,0.0,0.0,0.0,0.0,0.0,0.0,0.0,0.0,0.0,0.0,0.0,0.0,0.0,0.0,0.0,0.0,0.0,0.0,0.0,0.0,0.0,0.0,0.0,0.0,0.0,0.0,0.0,0.0,0.0,0.0,0.0,0.0,0.0,0.0,0.0,0.0,0.0,0.0,0.0,0.0,0.0,0.0,0.0,0.0,0.0,0.0,0.0,0.0,0.0,0.0,0.0,0.0,0.0,0.0,0.0,0.0,0.0,0.0,0.0,0.0,0.0,0.0,0.0,0.0,0.0,0.0,0.0,0.0,0.0,0.0,0.0,0.0,0.0,0.0,0.0,0.0,0.0,0.0,0.0,0.0,0.0,0.0,0.0,0.0,0.0,0.0,0.0,0.0,0.0,0.0,0.0,0.0,0.0,0.0,0.0,0.0,0.0,0.0,0.0,0.0,0.0,0.0,0.0,0.0,0.0,0.0,0.0,0.0,0.0,0.0,0.0,0.0,0.0,0.0,0.0,0.0,0.0,0.0,0.0,0.0,0.0,0.0,0.0,0.0,0.0,0.0,0.0,0.0,0.0,0.0,0.0,0.0,0.0,0.0,0.0,0.0,0.0,0.0,0.0
Tax23,0.0,-1.6785625,-1.4274975,-1.1711632,-0.91567487,-0.6644404,-0.41916314,-0.17560892,0.053592566,0.2764875,0.49344403,0.70510966,0.9117767,1.1127717,1.3090223,1.5007561,1.6890045,1.9134009,2.1201236,2.3580606,2.5799484,2.846783,3.054536,3.3009796,3.5748503,3.8635244,3.9984388,4.2301106,4.290768,4.4923105,4.6327806,4.9468665,5.4336805,5.7601314,5.9239297,6.198872,6.527017,6.772104,6.8569098,6.8917236,6.2212653,6.2731576,6.5770464,7.125772,7.4259515,7.9967494,8.481593,8.574548,8.692126,8.942797,9.195583,9.062955,9.277163,9.385428,9.436307,9.243409,9.040215,8.902373,8.343788,8.038343,7.2939672,6.920282,6.5693307,6.209151,6.303355,6.4376884,3.343601,3.6201909,7.2127647,7.5349007,7.7552094,7.9326296,7.901771,4.3675222,8.3702755,4.5511,4.680527,5.0045075,5.182018,5.5359793,5.627185,5.679221,5.7478404,5.976214,6.267462,6.629484,11.62441,11.993318,12.288031,12.716042,13.174828,13.611641,14.039001,14.287482,13.839116,13.555373,13.13336,13.179692,13.093894,12.995241,12.402138,12.479839,12.473693,12.407133,12.324615,12.353416,11.976893,11.92396,12.005016,11.864828,11.903191,11.731812,11.524674,11.123849,10.582267,3.8983495,3.9917462,4.1102858,3.862249,3.710364,3.3833914,3.2017684,2.9073772,2.6615686,2.2733822,1.9500213,1.50127,0.8528498,0.45599434,-0.07656312,-0.5133035,-0.9214959,-1.27942,-1.6792544,-2.159806,-2.675871,-2.9931834,-3.574746,-3.860786,-4.2777214,-4.8088293,-5.17525,-5.5112696,-5.789887,-5.9490075,-5.9992957,-6.0331836,-6.1646075,-6.3201833,-6.348818,-6.309157,-6.1020613,-5.5033355,-4.8812695,-4.450728,-4.007356,-3.67285,-3.409463,-3.1566696,-3.0660446,-2.9141688,-2.8498287,-2.9163625,-2.9237971,-2.9330854,-2.9095962,-2.8477967,-2.6727657,-2.6077607,-2.4940894,-2.3590374,-2.223795,-2.1617477,-2.1545508,-1.9277115,-1.7788368,-1.8111192,-1.8206416,-1.7609951,-1.604328,-1.5143946,-1.5633378,-1.7602142,-1.9902443,-2.1363938,-2.153647,-2.1758735,-2.131866,-2.095938,-2.065255,-2.0724494,-2.0251737,-1.9150712,-1.9108615,-1.8487991,-1.7387067,-1.7269568,-1.6366719,-1.495735,-1.4082751,-1.3530358,-1.26427,-1.1736898,-1.0975248,-0.9736473,-0.9126712,-0.88434976,-0.8327944,-0.77819985,-0.7417718,-0.69824153,-0.6311546,-0.60877854,-0.51640123,-0.4692089,-0.43624687,-0.40638468,-0.39891952,-0.3624116,-0.29738235,-0.28079307,-0.266503,-0.24146537,-0.20612095,-0.19170883,-0.18059374,-0.17677511,-0.16474073,-0.15430054,-0.13590638,-0.10645437,-0.09298627,-0.08274953,-0.0810473,-0.06291023,-0.054231044,-0.053052958,-0.051911026,-0.050799314,-0.037411354,-0.03163514,-0.02220909,-0.021740563,-0.014251901,-0.013949645,-0.013647446,-0.013355279,-0.0060262354,-0.005896217,-0.0057689147,-0.0056428793,-0.0055210805,-0.0054027885,-0.0052851634,-0.0051693115,-0.005059435,-0.004954425,-0.004851726,-0.0047507277,-0.0046535293,-0.004558803,-0.0044589993,-0.0043584136,-0.004261222,-0.004168636,-0.00407532,-0.003986624,-0.0039027617,-0.0038214698,0.0,0.0,0.0,0.0,0.0,0.0,0.0,0.0,0.0,0.0,0.0,0.0,0.0,0.0,0.0,0.0,0.0,0.0,0.0,0.0,0.0,0.0,0.0,0.0,0.0,0.0,0.0,0.0,0.0,0.0,0.0,0.0,0.0,0.0,0.0,0.0,0.0,0.0,0.0,0.0,0.0,0.0,0.0,0.0,0.0,0.0,0.0,0.0,0.0,0.0,0.0,0.0,0.0,0.0,0.0,0.0,0.0,0.0,0.0,0.0,0.0,0.0,0.0,0.0,0.0,0.0,0.0,0.0,0.0,0.0,0.0,0.0,0.0,0.0,0.0,0.0,0.0,0.0,0.0,0.0,0.0,0.0,0.0,0.0,0.0,0.0,0.0,0.0,0.0,0.0,0.0,0.0,0.0,0.0,0.0,0.0,0.0,0.0,0.0,0.0,0.0,0.0,0.0,0.0,0.0,0.0,0.0,0.0,0.0,0.0,0.0,0.0,0.0,0.0,0.0,0.0,0.0,0.0,0.0,0.0,0.0,0.0,0.0,0.0,0.0,0.0,0.0,0.0,0.0,0.0,0.0,0.0,0.0,0.0,0.0,0.0,0.0,0.0,0.0,0.0,0.0,0.0,0.0,0.0,0.0,0.0,0.0,0.0,0.0,0.0,0.0,0.0,0.0,0.0,0.0,0.0,0.0,0.0,0.0,0.0,0.0,0.0,0.0,0.0,0.0,0.0,0.0,0.0,0.0,0.0,0.0,0.0,0.0,0.0,0.0,0.0,0.0,0.0,0.0,0.0,0.0,0.0,0.0,0.0,0.0,0.0,0.0,0.0,0.0,0.0,0.0,0.0,0.0,0.0,0.0,0.0,0.0,0.0,0.0,0.0,0.0,0.0,0.0,0.0,0.0,0.0,0.0,0.0,0.0,0.0,0.0,0.0,0.0,0.0,0.0,0.0,0.0,0.0,0.0,0.0,0.0,0.0,0.0,0.0,0.0,0.0,0.0,0.0,0.0,0.0,0.0,0.0,0.0,0.0,0.0,0.0,0.0,0.0,0.0,0.0,0.0,0.0,0.0,0.0,0.0,0.0,0.0,0.0,0.0,0.0,0.0,0.0,0.0,0.0,0.0,0.0,0.0,0.0,0.0,0.0,0.0,0.0,0.0,0.0,0.0,0.0,0.0,0.0,0.0,0.0,0.0,0.0,0.0,0.0,0.0,0.0,0.0,0.0,0.0,0.0,0.0,0.0,0.0,0.0,0.0,0.0,0.0,0.0,0.0,0.0,0.0,0.0,0.0,0.0,0.0,0.0,0.0,0.0,0.0,0.0,0.0,0.0,0.0,0.0,0.0,0.0,0.0,0.0,0.0,0.0,0.0,0.0,0.0,0.0,0.0,0.0,0.0,0.0,0.0,0.0,0.0,0.0,0.0,0.0,0.0,0.0,0.0,0.0,0.0,0.0,0.0,0.0,0.0,0.0,0.0,0.0,0.0,0.0,0.0,0.0,0.0,0.0,0.0,0.0,0.0,0.0,0.0,0.0,0.0,0.0,0.0,0.0,0.0,0.0,0.0,0.0,0.0,0.0,0.0,0.0,0.0,0.0,0.0,0.0,0.0,0.0,0.0,0.0,0.0,0.0,0.0,0.0,0.0,0.0,0.0,0.0,0.0,0.0,0.0,0.0,0.0,0.0,0.0,0.0,0.0,0.0,0.0,0.0,0.0,0.0,0.0,0.0,0.0,0.0,0.0,0.0,0.0,0.0,0.0,0.0,0.0,0.0,0.0,0.0,0.0,0.0,0.0,0.0,0.0,0.0,0.0,0.0,0.0,0.0,0.0,0.0,0.0,0.0,0.0,0.0,0.0,0.0,0.0,0.0,0.0,0.0,0.0,0.0,0.0,0.0,0.0,0.0,0.0,0.0,0.0,0.0,0.0,0.0,0.0,0.0,0.0,0.0,0.0,0.0,0.0,0.0,0.0,0.0,0.0,0.0,0.0,0.0,0.0,0.0,0.0,0.0,0.0,0.0,0.0,0.0,0.0,0.0,0.0,0.0,0.0,0.0,0.0,0.0,0.0,0.0,0.0,0.0,0.0,0.0,0.0,0.0,0.0,0.0,0.0,0.0,0.0,0.0,0.0,0.0,0.0,0.0,0.0,0.0,0.0,0.0,0.0,0.0,0.0,0.0,0.0,0.0,0.0,0.0,0.0,0.0,0.0,0.0,0.0,0.0,0.0,0.0,0.0,0.0,0.0,0.0,0.0,0.0,0.0,0.0,0.0,0.0,0.0,0.0,0.0,0.0,0.0,0.0,0.0,0.0,0.0,0.0,0.0,0.0,0.0,0.0,0.0,0.0,0.0,0.0,0.0,0.0,0.0,0.0,0.0,0.0,0.0,0.0,0.0,0.0,0.0,0.0,0.0,0.0,0.0,0.0,0.0,0.0,0.0,0.0,0.0,0.0,0.0,0.0,0.0,0.0,0.0,0.0,0.0,0.0,0.0,0.0,0.0,0.0,0.0,0.0,0.0,0.0,0.0,0.0,0.0,0.0,0.0,0.0,0.0,0.0,0.0,0.0,0.0,0.0,0.0,0.0,0.0,0.0,0.0,0.0,0.0,0.0,0.0,0.0,0.0,0.0,0.0,0.0,0.0,0.0,0.0,0.0,0.0,0.0,0.0,0.0,0.0,0.0,0.0,0.0,0.0,0.0,0.0,0.0,0.0,0.0,0.0,0.0,0.0,0.0,0.0,0.0,0.0,0.0,0.0,0.0,0.0,0.0,0.0,0.0,0.0,0.0,0.0,0.0,0.0,0.0,0.0,0.0,0.0,0.0,0.0,0.0,0.0,0.0,0.0,0.0,0.0,0.0,0.0,0.0,0.0,0.0,0.0,0.0,0.0,0.0,0.0,0.0,0.0,0.0,0.0,0.0,0.0,0.0,0.0,0.0,0.0,0.0,0.0,0.0,0.0,0.0,0.0,0.0,0.0,0.0,0.0,0.0,0.0,0.0,0.0,0.0,0.0,0.0,0.0,0.0,0.0,0.0,0.0,0.0,0.0,0.0,0.0,0.0,0.0,0.0,0.0,0.0,0.0,0.0,0.0,0.0,0.0,0.0,0.0,0.0,0.0,0.0,0.0,0.0,0.0,0.0,0.0,0.0,0.0,0.0,0.0,0.0,0.0,0.0,0.0,0.0,0.0,0.0,0.0,0.0,0.0,0.0,0.0,0.0,0.0,0.0,0.0,0.0,0.0,0.0,0.0,0.0,0.0,0.0,0.0,0.0,0.0,0.0,0.0,0.0,0.0,0.0,0.0,0.0,0.0,0.0,0.0,0.0,0.0,0.0,0.0,0.0,0.0,0.0,0.0,0.0,0.0,0.0,0.0,0.0,0.0,0.0,0.0,0.0,0.0,0.0,0.0,0.0,0.0,0.0,0.0,0.0,0.0,0.0,0.0,0.0,0.0,0.0,0.0,0.0,0.0,0.0,0.0,0.0,0.0,0.0,0.0,0.0,0.0,0.0,0.0,0.0,0.0,0.0,0.0,0.0,0.0,0.0,0.0,0.0,0.0,0.0,0.0,0.0,0.0,0.0,0.0,0.0,0.0,0.0,0.0,0.0,0.0,0.0,0.0,0.0,0.0,0.0,0.0,0.0,0.0,0.0,0.0,0.0,0.0,0.0,0.0,0.0,0.0,0.0,0.0,0.0,0.0,0.0,0.0,0.0,0.0,0.0,0.0,0.0,0.0,0.0,0.0,0.0,0.0,0.0,0.0,0.0,0.0,0.0,0.0,0.0,0.0,0.0,0.0,0.0,0.0,0.0,0.0,0.0,0.0,0.0,0.0,0.0,0.0,0.0,0.0,0.0,0.0,0.0,0.0,0.0,0.0,0.0,0.0,0.0,0.0,0.0,0.0,0.0,0.0,0.0,0.0,0.0,0.0,0.0,0.0,0.0,0.0,0.0,0.0,0.0,0.0,0.0,0.0,0.0,0.0,0.0,0.0,0.0,0.0,0.0,0.0,0.0,0.0,0.0,0.0,0.0,0.0,0.0,0.0,0.0,0.0,0.0,0.0,0.0,0.0,0.0,0.0,0.0,0.0,0.0,0.0,0.0,0.0,0.0,0.0,0.0,0.0,0.0,0.0,0.0,0.0,0.0,0.0,0.0,0.0,0.0,0.0,0.0,0.0,0.0,0.0,0.0,0.0,0.0,0.0,0.0,0.0,0.0,0.0,0.0,0.0,0.0,0.0,0.0,0.0,0.0,0.0,0.0,0.0,0.0,0.0,0.0,0.0,0.0,0.0,0.0,0.0,0.0,0.0,0.0,0.0,0.0,0.0,0.0,0.0,0.0,0.0,0.0,0.0,0.0,0.0,0.0,0.0,0.0,0.0,0.0,0.0,0.0,0.0,0.0,0.0,0.0,0.0,0.0,0.0,0.0,0.0,0.0,0.0,0.0,0.0,0.0,0.0,0.0,0.0,0.0,0.0,0.0,0.0,0.0,0.0,0.0,0.0,0.0,0.0,0.0,0.0,0.0,0.0,0.0,0.0,0.0,0.0,0.0,0.0,0.0,0.0,0.0,0.0,0.0,0.0,0.0,0.0,0.0,0.0,0.0,0.0,0.0,0.0,0.0,0.0,0.0,0.0,0.0,0.0,0.0,0.0,0.0,0.0,0.0,0.0,0.0,0.0,0.0,0.0,0.0,0.0,0.0,0.0,0.0,0.0,0.0,0.0,0.0,0.0,0.0,0.0,0.0,0.0,0.0,0.0,0.0,0.0,0.0,0.0,0.0,0.0,0.0,0.0,0.0,0.0,0.0,0.0,0.0,0.0,0.0,0.0,0.0,0.0,0.0,0.0,0.0,0.0,0.0,0.0,0.0,0.0,0.0,0.0,0.0,0.0,0.0,0.0,0.0,0.0,0.0,0.0,0.0,0.0,0.0,0.0,0.0,0.0,0.0,0.0,0.0,0.0,0.0,0.0,0.0,0.0,0.0,0.0,0.0,0.0,0.0,0.0,0.0,0.0,0.0,0.0,0.0,0.0,0.0,0.0,0.0,0.0,0.0,0.0,0.0,0.0,0.0,0.0,0.0,0.0,0.0,0.0,0.0,0.0,0.0,0.0,0.0,0.0,0.0,0.0,0.0,0.0,0.0,0.0,0.0,0.0,0.0,0.0,0.0,0.0,0.0,0.0,0.0,0.0,0.0,0.0,0.0,0.0,0.0,0.0,0.0,0.0,0.0,0.0,0.0,0.0,0.0,0.0,0.0,0.0,0.0,0.0,0.0,0.0,0.0,0.0,0.0,0.0,0.0,0.0,0.0,0.0,0.0,0.0,0.0,0.0,0.0,0.0,0.0,0.0,0.0,0.0,0.0,0.0,0.0,0.0,0.0,0.0,0.0,0.0,0.0,0.0,0.0,0.0,0.0,0.0,0.0,0.0,0.0,0.0,0.0,0.0,0.0,0.0,0.0,0.0,0.0,0.0,0.0,0.0,0.0,0.0,0.0,0.0,0.0,0.0,0.0,0.0,0.0,0.0,0.0,0.0,0.0,0.0,0.0,0.0,0.0,0.0,0.0,0.0,0.0,0.0,0.0,0.0,0.0,0.0,0.0,0.0,0.0,0.0,0.0,0.0,0.0,0.0,0.0,0.0,0.0,0.0,0.0,0.0,0.0,0.0,0.0,0.0,0.0,0.0,0.0,0.0,0.0,0.0,0.0,0.0,0.0,0.0,0.0,0.0,0.0,0.0,0.0,0.0,0.0,0.0,0.0,0.0,0.0,0.0,0.0,0.0,0.0,0.0,0.0,0.0,0.0,0.0,0.0,0.0,0.0,0.0,0.0,0.0,0.0,0.0,0.0,0.0,0.0,0.0,0.0,0.0,0.0,0.0,0.0,0.0,0.0,0.0,0.0,0.0,0.0,0.0,0.0,0.0,0.0,0.0,0.0,0.0,0.0,0.0,0.0,0.0,0.0,0.0,0.0,0.0,0.0,0.0,0.0,0.0,0.0,0.0,0.0,0.0,0.0,0.0,0.0,0.0,0.0,0.0,0.0,0.0,0.0,0.0,0.0,0.0,0.0,0.0,0.0,0.0,0.0,0.0,0.0,0.0,0.0,0.0,0.0,0.0,0.0,0.0,0.0,0.0,0.0,0.0,0.0,0.0,0.0,0.0,0.0,0.0,0.0,0.0,0.0,0.0,0.0,0.0,0.0,0.0,0.0,0.0,0.0,0.0,0.0,0.0,0.0,0.0,0.0,0.0,0.0,0.0,0.0,0.0,0.0,0.0,0.0,0.0,0.0,0.0,0.0,0.0,0.0,0.0,0.0,0.0,0.0,0.0,0.0,0.0,0.0,0.0,0.0,0.0,0.0,0.0,0.0,0.0,0.0,0.0,0.0,0.0,0.0,0.0,0.0,0.0,0.0,0.0,0.0,0.0,0.0,0.0,0.0,0.0,0.0,0.0,0.0,0.0,0.0,0.0,0.0,0.0,0.0,0.0,0.0,0.0,0.0,0.0,0.0,0.0,0.0,0.0,0.0,0.0,0.0,0.0,0.0,0.0,0.0,0.0,0.0,0.0,0.0,0.0,0.0,0.0,0.0,0.0,0.0,0.0,0.0,0.0,0.0,0.0,0.0,0.0,0.0,0.0,0.0,0.0,0.0,0.0,0.0,0.0,0.0,0.0,0.0,0.0,0.0,0.0,0.0,0.0,0.0,0.0,0.0,0.0,0.0,0.0,0.0,0.0,0.0,0.0,0.0,0.0,0.0,0.0,0.0,0.0,0.0,0.0,0.0,0.0,0.0,0.0,0.0,0.0,0.0,0.0,0.0,0.0,0.0,0.0,0.0,0.0,0.0,0.0,0.0,0.0,0.0,0.0,0.0,0.0,0.0,0.0,0.0,0.0,0.0,0.0,0.0,0.0,0.0,0.0,0.0,0.0,0.0,0.0,0.0,0.0,0.0,0.0,0.0,0.0,0.0,0.0,0.0,0.0,0.0,0.0,0.0,0.0,0.0,0.0,0.0,0.0,0.0,0.0,0.0,0.0,0.0,0.0,0.0,0.0,0.0,0.0,0.0,0.0,0.0,0.0,0.0,0.0,0.0,0.0,0.0,0.0,0.0,0.0,0.0,0.0,0.0,0.0,0.0,0.0,0.0,0.0,0.0,0.0,0.0,0.0,0.0,0.0,0.0,0.0,0.0,0.0,0.0,0.0,0.0,0.0,0.0,0.0,0.0,0.0,0.0,0.0,0.0,0.0,0.0,0.0,0.0,0.0,0.0,0.0,0.0,0.0,0.0,0.0,0.0,0.0,0.0,0.0,0.0,0.0,0.0,0.0,0.0,0.0,0.0,0.0,0.0,0.0,0.0,0.0,0.0,0.0,0.0,0.0,0.0,0.0,0.0,0.0,0.0,0.0,0.0,0.0,0.0,0.0,0.0,0.0,0.0,0.0,0.0,0.0,0.0,0.0,0.0,0.0,0.0,0.0,0.0,0.0,0.0,0.0,0.0,0.0,0.0,0.0,0.0,0.0,0.0,0.0,0.0,0.0,0.0,0.0,0.0,0.0,0.0,0.0,0.0,0.0,0.0,0.0,0.0,0.0,0.0,0.0,0.0,0.0,0.0,0.0,0.0,0.0,0.0,0.0,0.0,0.0,0.0,0.0,0.0,0.0,0.0,0.0,0.0,0.0,0.0,0.0,0.0,0.0,0.0,0.0,0.0,0.0,0.0,0.0,0.0,0.0,0.0,0.0,0.0,0.0,0.0,0.0,0.0,0.0,0.0,0.0,0.0,0.0,0.0,0.0,0.0,0.0,0.0,0.0,0.0,0.0,0.0,0.0,0.0,0.0,0.0,0.0,0.0,0.0,0.0,0.0,0.0,0.0,0.0,0.0,0.0,0.0,0.0,0.0,0.0,0.0,0.0,0.0,0.0,0.0,0.0,0.0,0.0,0.0,0.0,0.0,0.0,0.0,0.0,0.0,0.0,0.0,0.0,0.0,0.0,0.0,0.0,0.0,0.0,0.0,0.0,0.0,0.0,0.0,0.0,0.0,0.0,0.0,0.0,0.0,0.0,0.0,0.0,0.0,0.0,0.0,0.0,0.0,0.0,0.0,0.0,0.0,0.0,0.0,0.0,0.0,0.0,0.0,0.0,0.0,0.0,0.0,0.0,0.0,0.0,0.0,0.0,0.0,0.0,0.0,0.0,0.0,0.0,0.0,0.0,0.0,0.0,0.0,0.0,0.0,0.0,0.0,0.0,0.0,0.0,0.0,0.0,0.0,0.0,0.0,0.0,0.0,0.0,0.0,0.0,0.0,0.0,0.0,0.0,0.0,0.0,0.0,0.0,0.0,0.0,0.0,0.0,0.0,0.0,0.0,0.0,0.0,0.0,0.0,0.0,0.0,0.0,0.0,0.0,0.0,0.0,0.0,0.0,0.0,0.0,0.0,0.0,0.0,0.0,0.0,0.0,0.0,0.0,0.0,0.0,0.0,0.0,0.0,0.0,0.0,0.0,0.0,0.0,0.0,0.0,0.0,0.0,0.0,0.0,0.0,0.0,0.0,0.0,0.0,0.0,0.0,0.0,0.0,0.0,0.0,0.0,0.0,0.0,0.0,0.0,0.0,0.0,0.0,0.0,0.0,0.0,0.0,0.0,0.0,0.0,0.0,0.0,0.0,0.0,0.0,0.0,0.0,0.0,0.0,0.0,0.0,0.0,0.0,0.0,0.0,0.0,0.0,0.0,0.0,0.0,0.0,0.0,0.0,0.0,0.0,0.0,0.0,0.0,0.0,0.0,0.0,0.0,0.0,0.0,0.0,0.0,0.0,0.0,0.0,0.0,0.0,0.0,0.0,0.0,0.0,0.0,0.0,0.0,0.0,0.0,0.0,0.0,0.0,0.0,0.0,0.0,0.0,0.0,0.0,0.0,0.0,0.0,0.0,0.0,0.0,0.0,0.0,0.0,0.0,0.0,0.0,0.0,0.0,0.0,0.0,0.0,0.0,0.0,0.0,0.0,0.0,0.0,0.0,0.0,0.0,0.0,0.0,0.0,0.0,0.0,0.0,0.0,0.0,0.0,0.0,0.0,0.0,0.0,0.0,0.0,0.0,0.0,0.0,0.0,0.0,0.0,0.0,0.0,0.0,0.0,0.0,0.0,0.0,0.0,0.0,0.0,0.0,0.0,0.0,0.0,0.0,0.0,0.0,0.0,0.0,0.0,0.0,0.0,0.0,0.0,0.0,0.0,0.0,0.0,0.0,0.0,0.0,0.0,0.0,0.0,0.0,0.0,0.0,0.0,0.0,0.0,0.0,0.0,0.0,0.0,0.0,0.0,0.0,0.0,0.0,0.0,0.0,0.0,0.0,0.0,0.0,0.0,0.0,0.0,0.0,0.0,0.0,0.0,0.0,0.0,0.0,0.0,0.0,0.0,0.0,0.0,0.0,0.0,0.0,0.0,0.0,0.0,0.0,0.0,0.0,0.0,0.0,0.0,0.0,0.0,0.0,0.0,0.0,0.0,0.0,0.0,0.0,0.0,0.0,0.0,0.0,0.0,0.0,0.0,0.0,0.0,0.0,0.0,0.0,0.0,0.0,0.0,0.0,0.0,0.0,0.0,0.0,0.0,0.0,0.0,0.0,0.0,0.0,0.0,0.0,0.0,0.0,0.0,0.0,0.0,0.0,0.0,0.0,0.0,0.0,0.0,0.0,0.0,0.0,0.0,0.0,0.0,0.0,0.0,0.0,0.0,0.0,0.0,0.0,0.0,0.0,0.0,0.0,0.0,0.0,0.0,0.0,0.0,0.0,0.0,0.0,0.0,0.0,0.0,0.0,0.0,0.0,0.0,0.0,0.0,0.0,0.0,0.0,0.0,0.0,0.0,0.0,0.0,0.0,0.0,0.0,0.0,0.0,0.0,0.0,0.0,0.0,0.0,0.0,0.0,0.0,0.0,0.0,0.0,0.0,0.0,0.0,0.0,0.0,0.0,0.0,0.0,0.0,0.0,0.0,0.0,0.0,0.0,0.0,0.0,0.0,0.0,0.0,0.0,0.0,0.0,0.0,0.0,0.0,0.0,0.0,0.0,0.0,0.0,0.0,0.0,0.0,0.0,0.0,0.0,0.0,0.0,0.0,0.0,0.0,0.0,0.0,0.0,0.0,0.0,0.0,0.0,0.0,0.0,0.0,0.0,0.0,0.0,0.0,0.0,0.0,0.0,0.0,0.0,0.0,0.0,0.0,0.0,0.0,0.0,0.0,0.0,0.0,0.0,0.0,0.0,0.0,0.0,0.0,0.0,0.0,0.0,0.0,0.0,0.0,0.0,0.0,0.0,0.0,0.0,0.0,0.0,0.0,0.0,0.0,0.0,0.0,0.0,0.0,0.0,0.0,0.0,0.0,0.0,0.0,0.0,0.0,0.0,0.0,0.0,0.0,0.0,0.0,0.0,0.0,0.0,0.0,0.0,0.0,0.0,0.0,0.0,0.0,0.0,0.0,0.0,0.0,0.0,0.0,0.0,0.0,0.0,0.0,0.0,0.0,0.0,0.0,0.0,0.0,0.0,0.0,0.0,0.0,0.0,0.0,0.0,0.0,0.0,0.0,0.0,0.0,0.0,0.0,0.0,0.0,0.0,0.0,0.0,0.0,0.0,0.0,0.0,0.0,0.0,0.0,0.0,0.0,0.0,0.0,0.0,0.0,0.0,0.0,0.0,0.0,0.0,0.0,0.0,0.0,0.0,0.0,0.0,0.0,0.0,0.0,0.0,0.0,0.0,0.0,0.0,0.0,0.0,0.0,0.0,0.0,0.0,0.0,0.0,0.0,0.0,0.0,0.0,0.0,0.0,0.0,0.0,0.0,0.0,0.0,0.0,0.0,0.0,0.0,0.0,0.0,0.0,0.0,0.0,0.0,0.0,0.0,0.0,0.0,0.0,0.0,0.0,0.0,0.0,0.0,0.0,0.0,0.0,0.0,0.0,0.0,0.0,0.0,0.0,0.0,0.0,0.0,0.0,0.0,0.0,0.0,0.0,0.0,0.0,0.0,0.0,0.0,0.0,0.0,0.0,0.0,0.0,0.0,0.0,0.0,0.0,0.0,0.0,0.0,0.0,0.0,0.0,0.0,0.0,0.0,0.0,0.0,0.0,0.0,0.0,0.0,0.0,0.0,0.0,0.0,0.0,0.0,0.0,0.0,0.0,0.0,0.0,0.0,0.0,0.0,0.0,0.0,0.0,0.0,0.0,0.0,0.0,0.0,0.0,0.0,0.0,0.0,0.0,0.0,0.0,0.0,0.0,0.0,0.0,0.0,0.0,0.0,0.0,0.0,0.0,0.0,0.0,0.0,0.0,0.0,0.0,0.0,0.0,0.0,0.0,0.0,0.0,0.0,0.0,0.0,0.0,0.0,0.0,0.0,0.0,0.0,0.0,0.0,0.0,0.0,0.0,0.0,0.0,0.0,0.0,0.0,0.0,0.0,0.0,0.0,0.0,0.0,0.0,0.0,0.0,0.0,0.0,0.0,0.0,0.0,0.0,0.0,0.0,0.0,0.0,0.0,0.0,0.0,0.0,0.0,0.0,0.0,0.0,0.0,0.0,0.0,0.0,0.0,0.0,0.0,0.0,0.0,0.0,0.0,0.0,0.0,0.0,0.0,0.0,0.0,0.0,0.0,0.0,0.0,0.0,0.0,0.0,0.0,0.0,0.0,0.0
Tax24,0.0,-0.14821541,-0.13065782,-0.105729885,-0.07774272,-0.04673958,-0.012217169,0.021423131,0.055442642,0.0893283,0.12247389,0.15456043,0.18530037,0.21456523,0.2422303,0.26794347,0.29174873,0.31159922,0.33130094,0.35065284,0.36650193,0.37785515,0.39206663,0.4035532,0.41411608,0.4271029,0.4409722,0.4570831,0.45926207,0.4706977,0.47950238,0.48765922,0.50510705,0.5188765,0.52828217,0.54876924,0.5667286,0.5818842,0.5705552,0.56795794,0.582776,0.58321285,0.6032826,0.63604623,0.62759644,0.6496969,0.6717726,0.6664625,0.6656835,0.67573845,0.6844935,0.6669668,0.6831235,0.6654416,0.6720777,0.6681321,0.65717995,0.63554007,0.6151722,0.6021455,0.57401305,0.5731433,0.5490745,0.5361851,0.55060774,0.5543195,0.116328724,0.12127355,0.59026355,0.59738064,0.6133889,0.6376845,0.62889975,0.14084084,0.63669086,0.13952732,0.14108779,0.14964704,0.14636779,0.15374957,0.1570393,0.15798685,0.15656482,0.15972494,0.16828524,0.18131998,0.7102007,0.7226121,0.73763824,0.7524388,0.75974333,0.76512045,0.78311056,0.76401216,0.7493327,0.75446755,0.7229313,0.7070916,0.71392167,0.68250847,0.6683679,0.6578585,0.65248185,0.6453653,0.63042235,0.62556845,0.61482644,0.6006238,0.60405886,0.59515464,0.61534953,0.61578846,0.5878564,0.58444273,0.55421937,0.09463412,0.09221847,0.095001034,0.0829653,0.08490278,0.081403814,0.07086395,0.067953795,0.058719255,0.051177207,0.047750756,0.044792667,0.033608574,0.021574296,0.012475398,0.005915225,-0.004253212,-0.008403231,-0.01364364,-0.027259609,-0.031048674,-0.041520797,-0.0481556,-0.058752973,-0.067210376,-0.0748907,-0.08335448,-0.09107317,-0.0955052,-0.10032498,-0.10395301,-0.10599578,-0.11096593,-0.11566638,-0.12065943,-0.12457129,-0.1253312,-0.120786935,-0.11508441,-0.11025804,-0.10369628,-0.09860557,-0.09295422,-0.08897145,-0.08707706,-0.08507732,-0.0826403,-0.08426354,-0.085802495,-0.08661501,-0.08814613,-0.08809029,-0.08411175,-0.08454168,-0.08408067,-0.08117759,-0.07986729,-0.07964266,-0.080925256,-0.0756299,-0.07316039,-0.07493491,-0.07652327,-0.07523902,-0.07067737,-0.06757023,-0.06918387,-0.07746615,-0.08624201,-0.09191951,-0.095806584,-0.10117374,-0.10593206,-0.10745161,-0.1110814,-0.11242007,-0.113489494,-0.115471184,-0.116915874,-0.11862093,-0.120012216,-0.121742256,-0.121075556,-0.11959325,-0.118444666,-0.11689898,-0.1163437,-0.11686761,-0.11740259,-0.1165314,-0.113221794,-0.112012215,-0.11230342,-0.11251587,-0.101946235,-0.10014848,-0.10017509,-0.09798721,-0.09788366,-0.09780246,-0.09773703,-0.09554494,-0.095449656,-0.09534595,-0.09522579,-0.09315465,-0.09083533,-0.090705894,-0.090571046,-0.09043125,-0.09029287,-0.08809905,-0.08629627,-0.08460053,-0.08069825,-0.08059988,-0.07455671,-0.07219624,-0.07207873,-0.0700161,-0.06991079,-0.068091735,-0.067989886,-0.067886285,-0.06512916,-0.06273046,-0.060691305,-0.056214683,-0.049381934,-0.04930344,-0.049229722,-0.047031943,-0.045020934,-0.042879622,-0.040922534,-0.040862493,-0.03838016,-0.034044996,-0.032216463,-0.032169875,-0.032117974,-0.032061715,-0.0306644,-0.030609852,-0.030551527,-0.030491278,-0.030446481,-0.028617842,-0.026527591,-0.02648674,-0.02645103,-0.026410518,-0.026364917,-0.026317617,-0.026273722,-0.026235424,-0.026201826,-0.026162019,-0.026123028,-0.024447998,-0.024412006,-0.023074588,-0.023044392,-0.023014322,-0.02096652,-0.020936243,-0.020905083,-0.020876229,-0.020846605,-0.020817008,-0.02078784,-0.018899368,-0.018870775,-0.018840346,-0.018808456,-0.01877624,-0.018744417,-0.01871465,-0.01625791,-0.016227318,-0.01618327,-0.016113775,-0.015994007,-0.015803855,-0.015549092,-0.015281949,-0.015023812,-0.014644782,-0.014179156,-0.0136478385,-0.013051989,-0.012361375,-0.011621082,-0.009374591,-0.008368573,-0.00723254,-0.005828106,-0.0043204934,-0.0026395037,-0.0007089104,0.0014135881,0.0040382273,0.007107304,0.010693988,0.014112357,0.018451747,0.025673091,0.037639227,0.051253267,0.06327907,0.066351034,0.06653143,0.06701851,0.06819149,0.0687706,0.07122652,0.074017994,0.075594306,0.08099359,0.0850078,0.089476384,0.09472014,0.10026119,0.28571707,0.29854348,0.30800265,0.3194722,0.32329723,0.32731512,0.32239348,0.3111835,0.28684783,0.25416127,0.21896309,0.18086004,0.1331054,0.093509,0.053237226,0.025809133,0.011344564,0.0059416206,0.0036307445,0.0024710824,0.0008897049,0.002932609,0.003556215,0.00385394,0.0039361035,0.0042659487,0.00480328,0.005848009,-0.0076399697,-0.006758276,-0.00567293,-0.004463882,-0.0031848478,-0.0018731159,-0.00055489247,0.0007522245,0.0020325975,0.0032756464,0.0044735083,0.005619089,0.006710097,0.0077419253,0.008713938,0.009625861,0.010475745,0.011266159,0.011979207,0.012636376,0.013239264,0.013793519,0.014298351,0.01470964,0.0150520895,0.01530076,0.015529316,0.017211592,0.017359411,0.017536601,0.017716518,0.018324707,0.018579185,0.018934565,0.021128453,0.021375727,0.021546047,0.020944716,0.020720392,0.020653518,0.02053835,0.01977982,0.02041326,0.020431863,0.022740424,0.023037804,0.023792425,0.02345093,0.023284776,0.02297401,0.022476014,0.022472946,0.02130812,0.021712912,0.01967426,0.02112706,0.020801514,0.020417934,0.018761016,0.017717216,0.018396065,0.01723724,0.015179366,0.01744676,0.016316675,0.0013554865,0.0015202311,0.018388184,0.01884793,0.019147499,0.01905336,0.018630683,0.0017940188,0.019057047,0.0022437936,0.0014377672,0.002687396,0.002038789,0.00213806,0.0030950927,0.0022128914,0.0031720023,0.002439068,0.0024817237,0.0034455322,0.024279168,0.027851546,0.028290063,0.025242241,0.028390162,0.022500968,0.024473473,0.024823265,0.021824727,0.024749454,0.017025528,0.023014717,0.02244455,0.022614615,0.022678386,0.02103825,0.020895557,0.021610664,0.019663602,0.022286521,0.021053184,0.024690147,0.021080496,0.024526935,0.025783628,0.029647203,0.021767864,0.022471795,0.025545282,0.005109235,0.0031506405,0.0042635547,0.00294769,0.0043940116,0.0049530286,0.0037790667,0.0036688906,0.004554457,0.0049323454,0.0035007824,0.0046514375,0.00298202,0.0025020256,0.0013053477,0.0015359387,0.0009196189,0.0016820339,0.0008130545,0.00046309724,7.2419294e-05,1.297472e-05,-0.0009225301,-0.001100389,-0.0018827158,-0.0023827564,-0.0029208548,-0.0033609592,-0.0036963306,-0.0040296186,-0.0041472614,-0.00435803,-0.0046475474,-0.0049649635,-0.005244677,-0.005463879,-0.0055193603,-0.0053002518,-0.004975993,-0.004684946,-0.004373817,-0.0040610055,-0.0037951933,-0.0035911321,-0.0034981305,-0.0034222486,-0.0033670655,-0.0034425121,-0.0035378025,-0.0035853572,-0.0036572898,-0.0036278688,-0.0034722094,-0.0034698423,-0.0034129168,-0.0033100084,-0.003192692,-0.0031426365,-0.0032236706,-0.0027549136,-0.002488346,-0.0026021474,-0.0026864312,-0.0025924793,-0.0022796919,-0.0020542378,-0.002156696,-0.0028897726,-0.0037246188,-0.004303421,-0.0047324775,-0.0051412974,-0.0043101665,-0.0045037847,-0.0047206962,-0.004921886,-0.0051115826,-0.005243186,-0.005340849,-0.0054481807,-0.005536198,-0.005639673,-0.005728433,-0.005787784,-0.0058424925,-0.005907054,-0.0059578875,-0.0059907874,-0.0060234573,-0.0044129025,-0.0044471854,-0.004466341,-0.0044789575,-0.0044880854,-0.0021503216,-0.002152353,-0.0021529496,-0.002151672,-0.0021493128,-0.0021474548,-0.002145949,-0.002144093,-0.0021418782,-0.002139478,-0.002136708,-0.0021337792,-0.0021307662,-0.002127668,-0.0021244495,-0.0021211219,-0.0021178331,-0.0021146766,-0.00211137,-0.0021082086,-0.0021053106,-0.0021026994,-0.0020995613,-0.0020960844,-0.0020926434,-0.0020893437,-0.0020861784,-0.002083125,-0.002079987,-0.0020767963,-0.0020735858,-0.0020704728,-0.0020674022,-0.0020641526,-0.0020605505,-0.0020572734,-0.0020541905,-0.0020509826,-0.002047794,-0.0020446444,-0.0020415038,-0.0020385012,-0.0020353908,-0.00203222,-0.0020292273,-0.0020262913,-0.002023022,-0.0020194794,-0.0020158708,-0.0020122873,-0.0020084642,-0.0020045263,-0.002001582,-0.0019990583,-0.0019963384,-0.0019932564,-0.0019905516,-0.0019874931,-0.0019840677,-0.0019805224,-0.0019772288,-0.0019743396,-0.001971793,-0.0019687887,-0.0019658492,-0.0019629328,-0.001960037,-0.0019573634,-0.001954788,-0.001952225,-0.0019494564,-0.0019466359,-0.0019437376,-0.0019410464,-0.0019382811,-0.0019355176,-0.0019327938,-0.0019300017,-0.0019270865,-0.0019239824,-0.0019207319,-0.0019174403,-0.0019141842,-0.001911142,-0.0019081797,-0.0019046196,-0.0018995163,-0.0018914961,-0.0018777242,-0.0018559188,-0.0018267594,-0.0017962111,-0.0017667273,-0.0017235031,-0.0016705398,-0.0016102607,-0.0015428648,-0.0014648105,-0.001381319,-0.001285997,-0.0011562202,-0.0010104252,-0.0008307919,-0.00063905807,-0.00042654935,-0.0001839404,8.091121e-05,0.0,0.0,0.0,0.0,0.0,0.0,0.0,0.0,0.0,0.0,0.0,0.0,0.0,0.0,0.0,0.0,0.0,0.0,0.0,0.0,0.0,0.0,0.0,0.0,0.0,0.0,0.0,0.0,0.0,0.0,0.0,0.0,0.0,0.0,0.0,0.0,0.0,0.0,0.0,0.0,0.0,0.0,0.0,0.0,0.0,0.0,0.0,0.0,0.0,0.0,0.0,0.0,0.0,0.0,0.0,0.0,0.0,0.0,0.0,0.0,0.0,0.0,0.0,0.0,0.0,0.0,0.0,0.0,0.0,0.0,0.0,0.0,0.0,0.0,0.0,0.0,0.0,0.0,0.0,0.0,0.0,0.0,0.0,0.0,0.0,0.0,0.0,0.0,0.0,0.0,0.0,0.0,0.0,0.0,0.0,0.0,0.0,0.0,0.0,0.0,0.0,0.0,0.0,0.0,0.0,0.0,0.0,0.0,0.0,0.0,0.0,0.0,0.0,0.0,0.0,0.0,0.0,0.0,0.0,0.0,0.0,0.0,0.0,0.0,0.0,0.0,0.0,0.0,0.0,0.0,0.0,0.0,0.0,0.0,0.0,0.0,0.0,0.0,0.0,0.0,0.0,0.0,0.0,0.0,0.0,0.0,0.0,0.0,0.0,0.0,0.0,0.0,0.0,0.0,0.0,0.0,0.0,0.0,0.0,0.0,0.0,0.0,0.0,0.0,0.0,0.0,0.0,0.0,0.0,0.0,0.0,0.0,0.0,0.0,0.0,0.0,0.0,0.0,0.0,0.0,0.0,0.0,0.0,0.0,0.0,0.0,0.0,0.0,0.0,0.0,0.0,0.0,0.0,0.0,0.0,0.0,0.0,0.0,0.0,0.0,0.0,0.0,0.0,0.0,0.0,0.0,0.0,0.0,0.0,0.0,0.0,0.0,0.0,0.0,0.0,0.0,0.0,0.0,0.0,0.0,0.0,0.0,0.0,0.0,0.0,0.0,0.0,0.0,0.0,0.0,0.0,0.0,0.0,0.0,0.0,0.0,0.0,0.0,0.0,0.0,0.0,0.0,0.0,0.0,0.0,0.0,0.0,0.0,0.0,0.0,0.0,0.0,0.0,0.0,0.0,0.0,0.0,0.0,0.0,0.0,0.0,0.0,0.0,0.0,0.0,0.0,0.0,0.0,0.0,0.0,0.0,0.0,0.0,0.0,0.0,0.0,0.0,0.0,0.0,0.0,0.0,0.0,0.0,0.0,0.0,0.0,0.0,0.0,0.0,0.0,0.0,0.0,0.0,0.0,0.0,0.0,0.0,0.0,0.0,0.0,0.0,0.0,0.0,0.0,0.0,0.0,0.0,0.0,0.0,0.0,0.0,0.0,0.0,0.0,0.0,0.0,0.0,0.0,0.0,0.0,0.0,0.0,0.0,0.0,0.0,0.0,0.0,0.0,0.0,0.0,0.0,0.0,0.0,0.0,0.0,0.0,0.0,0.0,0.0,0.0,0.0,0.0,0.0,0.0,0.0,0.0,0.0,0.0,0.0,0.0,0.0,0.0,0.0,0.0,0.0,0.0,0.0,0.0,0.0,0.0,0.0,0.0,0.0,0.0,0.0,0.0,0.0,0.0,0.0,0.0,0.0,0.0,0.0,0.0,0.0,0.0,0.0,0.0,0.0,0.0,0.0,0.0,0.0,0.0,0.0,0.0,0.0,0.0,0.0,0.0,0.0,0.0,0.0,0.0,0.0,0.0,0.0,0.0,0.0,0.0,0.0,0.0,0.0,0.0,0.0,0.0,0.0,0.0,0.0,0.0,0.0,0.0,0.0,0.0,0.0,0.0,0.0,0.0,0.0,0.0,0.0,0.0,0.0,0.0,0.0,0.0,0.0,0.0,0.0,0.0,0.0,0.0,0.0,0.0,0.0,0.0,0.0,0.0,0.0,0.0,0.0,0.0,0.0,0.0,0.0,0.0,0.0,0.0,0.0,0.0,0.0,0.0,0.0,0.0,0.0,0.0,0.0,0.0,0.0,0.0,0.0,0.0,0.0,0.0,0.0,0.0,0.0,0.0,0.0,0.0,0.0,0.0,0.0,0.0,0.0,0.0,0.0,0.0,0.0,0.0,0.0,0.0,0.0,0.0,0.0,0.0,0.0,0.0,0.0,0.0,0.0,0.0,0.0,0.0,0.0,0.0,0.0,0.0,0.0,0.0,0.0,0.0,0.0,0.0,0.0,0.0,0.0,0.0,0.0,0.0,0.0,0.0,0.0,0.0,0.0,0.0,0.0,0.0,0.0,0.0,0.0,0.0,0.0,0.0,0.0,0.0,0.0,0.0,0.0,0.0,0.0,0.0,0.0,0.0,0.0,0.0,0.0,0.0,0.0,0.0,0.0,0.0,0.0,0.0,0.0,0.0,0.0,0.0,0.0,0.0,0.0,0.0,0.0,0.0,0.0,0.0,0.0,0.0,0.0,0.0,0.0,0.0,0.0,0.0,0.0,0.0,0.0,0.0,0.0,0.0,0.0,0.0,0.0,0.0,0.0,0.0,0.0,0.0,0.0,0.0,0.0,0.0,0.0,0.0,0.0,0.0,0.0,0.0,0.0,0.0,0.0,0.0,0.0,0.0,0.0,0.0,0.0,0.0,0.0,0.0,0.0,0.0,0.0,0.0,0.0,0.0,0.0,0.0,0.0,0.0,0.0,0.0,0.0,0.0,0.0,0.0,0.0,0.0,0.0,0.0,0.0,0.0,0.0,0.0,0.0,0.0,0.0,0.0,0.0,0.0,0.0,0.0,0.0,0.0,0.0,0.0,0.0,0.0,0.0,0.0,0.0,0.0,0.0,0.0,0.0,0.0,0.0,0.0,0.0,0.0,0.0,0.0,0.0,0.0,0.0,0.0,0.0,0.0,0.0,0.0,0.0,0.0,0.0,0.0,0.0,0.0,0.0,0.0,0.0,0.0,0.0,0.0,0.0,0.0,0.0,0.0,0.0,0.0,0.0,0.0,0.0,0.0,0.0,0.0,0.0,0.0,0.0,0.0,0.0,0.0,0.0,0.0,0.0,0.0,0.0,0.0,0.0,0.0,0.0,0.0,0.0,0.0,0.0,0.0,0.0,0.0,0.0,0.0,0.0,0.0,0.0,0.0,0.0,0.0,0.0,0.0,0.0,0.0,0.0,0.0,0.0,0.0,0.0,0.0,0.0,0.0,0.0,0.0,0.0,0.0,0.0,0.0,0.0,0.0,0.0,0.0,0.0,0.0,0.0,0.0,0.0,0.0,0.0,0.0,0.0,0.0,0.0,0.0,0.0,0.0,0.0,0.0,0.0,0.0,0.0,0.0,0.0,0.0,0.0,0.0,0.0,0.0,0.0,0.0,0.0,0.0,0.0,0.0,0.0,0.0,0.0,0.0,0.0,0.0,0.0,0.0,0.0,0.0,0.0,0.0,0.0,0.0,0.0,0.0,0.0,0.0,0.0,0.0,0.0,0.0,0.0,0.0,0.0,0.0,0.0,0.0,0.0,0.0,0.0,0.0,0.0,0.0,0.0,0.0,0.0,0.0,0.0,0.0,0.0,0.0,0.0,0.0,0.0,0.0,0.0,0.0,0.0,0.0,0.0,0.0,0.0,0.0,0.0,0.0,0.0,0.0,0.0,0.0,0.0,0.0,0.0,0.0,0.0,0.0,0.0,0.0,0.0,0.0,0.0,0.0,0.0,0.0,0.0,0.0,0.0,0.0,0.0,0.0,0.0,0.0,0.0,0.0,0.0,0.0,0.0,0.0,0.0,0.0,0.0,0.0,0.0,0.0,0.0,0.0,0.0,0.0,0.0,0.0,0.0,0.0,0.0,0.0,0.0,0.0,0.0,0.0,0.0,0.0,0.0,0.0,0.0,0.0,0.0,0.0,0.0,0.0,0.0,0.0,0.0,0.0,0.0,0.0,0.0,0.0,0.0,0.0,0.0,0.0,0.0,0.0,0.0,0.0,0.0,0.0,0.0,0.0,0.0,0.0,0.0,0.0,0.0,0.0,0.0,0.0,0.0,0.0,0.0,0.0,0.0,0.0,0.0,0.0,0.0,0.0,0.0,0.0,0.0,0.0,0.0,0.0,0.0,0.0,0.0,0.0,0.0,0.0,0.0,0.0,0.0,0.0,0.0,0.0,0.0,0.0,0.0,0.0,0.0,0.0,0.0,0.0,0.0,0.0,0.0,0.0,0.0,0.0,0.0,0.0,0.0,0.0,0.0,0.0,0.0,0.0,0.0,0.0,0.0,0.0,0.0,0.0,0.0,0.0,0.0,0.0,0.0,0.0,0.0,0.0,0.0,0.0,0.0,0.0,0.0,0.0,0.0,0.0,0.0,0.0,0.0,0.0,0.0,0.0,0.0,0.0,0.0,0.0,0.0,0.0,0.0,0.0,0.0,0.0,0.0,0.0,0.0,0.0,0.0,0.0,0.0,0.0,0.0,0.0,0.0,0.0,0.0,0.0,0.0,0.0,0.0,0.0,0.0,0.0,0.0,0.0,0.0,0.0,0.0,0.0,0.0,0.0,0.0,0.0,0.0,0.0,0.0,0.0,0.0,0.0,0.0,0.0,0.0,0.0,0.0,0.0,0.0,0.0,0.0,0.0,0.0,0.0,0.0,0.0,0.0,0.0,0.0,0.0,0.0,0.0,0.0,0.0,0.0,0.0,0.0,0.0,0.0,0.0,0.0,0.0,0.0,0.0,0.0,0.0,0.0,0.0,0.0,0.0,0.0,0.0,0.0,0.0,0.0,0.0,0.0,0.0,0.0,0.0,0.0,0.0,0.0,0.0,0.0,0.0,0.0,0.0,0.0,0.0,0.0,0.0,0.0,0.0,0.0,0.0,0.0,0.0,0.0,0.0,0.0,0.0,0.0,0.0,0.0,0.0,0.0,0.0,0.0,0.0,0.0,0.0,0.0,0.0,0.0,0.0,0.0,0.0,0.0,0.0,0.0,0.0,0.0,0.0,0.0,0.0,0.0,0.0,0.0,0.0,0.0,0.0,0.0,0.0,0.0,0.0,0.0,0.0,0.0,0.0,0.0,0.0,0.0,0.0,0.0,0.0,0.0,0.0,0.0,0.0,0.0,0.0,0.0,0.0,0.0,0.0,0.0,0.0,0.0,0.0,0.0,0.0,0.0,0.0,0.0,0.0,0.0,0.0,0.0,0.0,0.0,0.0,0.0,0.0,0.0,0.0,0.0,0.0,0.0,0.0,0.0,0.0,0.0,0.0,0.0,0.0,0.0,0.0,0.0,0.0,0.0,0.0,0.0,0.0,0.0,0.0,0.0,0.0,0.0,0.0,0.0,0.0,0.0,0.0,0.0,0.0,0.0,0.0,0.0,0.0,0.0,0.0,0.0,0.0,0.0,0.0,0.0,0.0,0.0,0.0,0.0,0.0,0.0,0.0,0.0,0.0,0.0,0.0,0.0,0.0,0.0,0.0,0.0,0.0,0.0,0.0,0.0,0.0,0.0,0.0,0.0,0.0,0.0,0.0,0.0,0.0,0.0,0.0,0.0,0.0,0.0,0.0,0.0,0.0,0.0,0.0,0.0,0.0,0.0,0.0,0.0,0.0,0.0,0.0,0.0,0.0,0.0,0.0,0.0,0.0,0.0,0.0,0.0,0.0,0.0,0.0,0.0,0.0,0.0,0.0,0.0,0.0,0.0,0.0,0.0,0.0,0.0,0.0,0.0,0.0,0.0,0.0,0.0,0.0,0.0,0.0,0.0,0.0,0.0,0.0,0.0,0.0,0.0,0.0,0.0,0.0,0.0,0.0,0.0,0.0,0.0,0.0,0.0,0.0,0.0,0.0,0.0,0.0,0.0,0.0,0.0,0.0,0.0,0.0,0.0,0.0,0.0,0.0,0.0,0.0,0.0,0.0,0.0,0.0,0.0,0.0,0.0,0.0,0.0,0.0,0.0,0.0,0.0,0.0,0.0,0.0,0.0,0.0,0.0,0.0,0.0,0.0,0.0,0.0,0.0,0.0,0.0,0.0,0.0,0.0,0.0,0.0,0.0,0.0,0.0,0.0,0.0,0.0,0.0,0.0,0.0,0.0,0.0,0.0,0.0,0.0,0.0,0.0,0.0,0.0,0.0,0.0,0.0,0.0,0.0,0.0,0.0,0.0,0.0,0.0,0.0,0.0,0.0,0.0,0.0,0.0,0.0,0.0,0.0,0.0,0.0,0.0,0.0,0.0,0.0,0.0,0.0,0.0,0.0,0.0,0.0,0.0,0.0,0.0,0.0,0.0,0.0,0.0,0.0,0.0,0.0,0.0,0.0,0.0,0.0,0.0,0.0,0.0,0.0,0.0,0.0,0.0,0.0,0.0,0.0,0.0,0.0,0.0,0.0,0.0,0.0,0.0,0.0,0.0,0.0,0.0,0.0,0.0,0.0,0.0,0.0,0.0,0.0,0.0,0.0,0.0,0.0,0.0,0.0,0.0,0.0,0.0,0.0,0.0,0.0,0.0,0.0,0.0,0.0,0.0,0.0,0.0,0.0,0.0,0.0,0.0,0.0,0.0,0.0,0.0,0.0,0.0,0.0,0.0,0.0,0.0,0.0,0.0,0.0,0.0,0.0,0.0,0.0,0.0,0.0,0.0,0.0,0.0,0.0,0.0,0.0,0.0,0.0,0.0,0.0,0.0,0.0,0.0,0.0,0.0,0.0,0.0,0.0,0.0,0.0,0.0,0.0,0.0,0.0,0.0,0.0,0.0,0.0,0.0,0.0,0.0,0.0,0.0,0.0,0.0,0.0,0.0,0.0,0.0,0.0,0.0,0.0,0.0,0.0,0.0,0.0,0.0,0.0,0.0,0.0,0.0,0.0,0.0,0.0,0.0,0.0,0.0,0.0,0.0,0.0,0.0,0.0,0.0,0.0,0.0,0.0,0.0,0.0,0.0,0.0,0.0,0.0,0.0,0.0,0.0,0.0,0.0,0.0,0.0,0.0,0.0,0.0,0.0,0.0,0.0,0.0,0.0,0.0,0.0,0.0,0.0,0.0,0.0,0.0,0.0,0.0,0.0,0.0,0.0,0.0,0.0,0.0,0.0,0.0,0.0,0.0,0.0,0.0,0.0,0.0,0.0,0.0,0.0,0.0,0.0,0.0,0.0,0.0,0.0,0.0,0.0,0.0,0.0,0.0,0.0,0.0,0.0,0.0,0.0,0.0,0.0,0.0,0.0,0.0,0.0,0.0,0.0,0.0,0.0,0.0,0.0,0.0,0.0,0.0,0.0,0.0,0.0,0.0,0.0,0.0,0.0,0.0,0.0,0.0,0.0,0.0,0.0,0.0,0.0,0.0,0.0,0.0,0.0,0.0,0.0,0.0,0.0,0.0,0.0,0.0,0.0,0.0,0.0,0.0,0.0,0.0,0.0,0.0,0.0,0.0,0.0,0.0,0.0,0.0,0.0,0.0,0.0,0.0,0.0,0.0,0.0,0.0,0.0,0.0,0.0,0.0,0.0,0.0,0.0,0.0,0.0,0.0,0.0,0.0,0.0,0.0,0.0,0.0,0.0,0.0,0.0,0.0,0.0,0.0,0.0,0.0,0.0,0.0,0.0,0.0,0.0,0.0,0.0,0.0,0.0,0.0,0.0,0.0,0.0,0.0,0.0,0.0,0.0,0.0,0.0,0.0,0.0,0.0,0.0,0.0,0.0,0.0,0.0,0.0,0.0,0.0,0.0,0.0,0.0,0.0,0.0,0.0,0.0,0.0,0.0,0.0,0.0,0.0,0.0,0.0,0.0,0.0,0.0,0.0,0.0,0.0,0.0,0.0,0.0,0.0,0.0,0.0,0.0,0.0,0.0,0.0,0.0,0.0,0.0,0.0,0.0,0.0,0.0,0.0,0.0,0.0,0.0,0.0,0.0,0.0,0.0,0.0,0.0,0.0,0.0,0.0,0.0,0.0,0.0,0.0,0.0,0.0,0.0,0.0,0.0,0.0,0.0,0.0,0.0,0.0,0.0,0.0,0.0,0.0,0.0,0.0,0.0,0.0,0.0,0.0,0.0,0.0,0.0,0.0,0.0,0.0,0.0,0.0,0.0,0.0,0.0,0.0,0.0,0.0,0.0,0.0,0.0,0.0,0.0,0.0,0.0,0.0,0.0,0.0,0.0,0.0,0.0,0.0,0.0,0.0,0.0,0.0,0.0,0.0,0.0,0.0,0.0,0.0,0.0,0.0,0.0,0.0,0.0,0.0,0.0,0.0,0.0,0.0,0.0,0.0,0.0,0.0,0.0,0.0,0.0,0.0,0.0,0.0,0.0,0.0,0.0,0.0,0.0,0.0,0.0,0.0,0.0,0.0,0.0,0.0,0.0,0.0,0.0,0.0,0.0,0.0,0.0,0.0,0.0,0.0,0.0,0.0,0.0,0.0,0.0,0.0,0.0,0.0,0.0,0.0,0.0,0.0,0.0,0.0,0.0,0.0,0.0,0.0,0.0,0.0,0.0,0.0,0.0,0.0,0.0,0.0,0.0,0.0,0.0,0.0,0.0,0.0,0.0,0.0,0.0,0.0,0.0,0.0,0.0,0.0,0.0,0.0,0.0,0.0,0.0,0.0,0.0,0.0,0.0,0.0,0.0,0.0,0.0,0.0,0.0,0.0,0.0,0.0,0.0,0.0,0.0,0.0,0.0,0.0,0.0,0.0,0.0,0.0,0.0,0.0,0.0,0.0,0.0,0.0,0.0,0.0,0.0,0.0,0.0,0.0,0.0,0.0,0.0,0.0,0.0,0.0,0.0,0.0,0.0,0.0,0.0,0.0,0.0,0.0,0.0,0.0,0.0,0.0,0.0,0.0,0.0,0.0,0.0,0.0,0.0,0.0,0.0,0.0,0.0,0.0,0.0,0.0,0.0,0.0,0.0,0.0,0.0,0.0,0.0,0.0,0.0,0.0,0.0,0.0,0.0,0.0,0.0,0.0,0.0,0.0,0.0,0.0,0.0,0.0,0.0,0.0,0.0,0.0,0.0,0.0,0.0,0.0,0.0,0.0,0.0,0.0,0.0,0.0,0.0,0.0,0.0,0.0,0.0,0.0,0.0,0.0,0.0,0.0,0.0,0.0,0.0,0.0,0.0,0.0,0.0,0.0,0.0,0.0,0.0,0.0,0.0,0.0,0.0,0.0,0.0,0.0,0.0,0.0,0.0,0.0,0.0,0.0,0.0,0.0,0.0,0.0,0.0,0.0,0.0,0.0,0.0,0.0,0.0,0.0,0.0,0.0,0.0,0.0,0.0,0.0,0.0,0.0,0.0,0.0,0.0,0.0,0.0,0.0,0.0,0.0,0.0,0.0,0.0,0.0,0.0,0.0,0.0,0.0,0.0,0.0,0.0,0.0,0.0,0.0,0.0,0.0,0.0,0.0,0.0,0.0,0.0,0.0,0.0,0.0,0.0,0.0,0.0,0.0,0.0,0.0,0.0,0.0,0.0,0.0,0.0,0.0,0.0,0.0,0.0,0.0,0.0,0.0,0.0,0.0,0.0,0.0,0.0,0.0,0.0,0.0,0.0,0.0,0.0,0.0,0.0,0.0,0.0,0.0,0.0,0.0,0.0,0.0,0.0,0.0,0.0,0.0,0.0,0.0,0.0,0.0,0.0,0.0,0.0,0.0,0.0,0.0,0.0,0.0,0.0,0.0,0.0,0.0,0.0,0.0,0.0,0.0,0.0,0.0,0.0,0.0,0.0,0.0,0.0,0.0,0.0,0.0,0.0,0.0,0.0,0.0,0.0,0.0,0.0,0.0,0.0,0.0,0.0,0.0,0.0,0.0,0.0,0.0,0.0,0.0,0.0,0.0,0.0,0.0,0.0,0.0,0.0,0.0,0.0,0.0,0.0,0.0,0.0,0.0,0.0
Tax25,0.0,-0.7515399,-0.6764934,-0.58800346,-0.49087375,-0.38853648,-0.2834692,-0.17750415,-0.07200477,0.031951763,0.13362324,0.23236327,0.32755533,0.41891876,0.50636667,0.5884194,0.66537416,0.73700356,0.80291444,0.86378044,0.91695184,0.9906234,1.0623807,1.1089367,1.1687384,1.2177474,1.2712725,1.3261915,1.3780558,1.4403657,1.5086166,1.538654,1.655412,1.7169951,1.791338,1.8178495,1.8947955,1.948947,1.9285032,1.9255649,1.9713032,1.9601336,2.0472927,2.156385,2.1619864,2.209167,2.312086,2.3378284,2.3006403,2.3914833,2.420662,2.4175272,2.394537,2.4567695,2.4755542,2.524123,2.4474416,2.4417114,2.3522124,2.2750134,2.138832,2.0492568,1.9318314,1.8696929,1.8836443,1.9237409,0.48640028,0.5021686,2.0360942,2.1166227,2.1500754,2.186858,2.2006907,0.6002505,2.2249746,0.6028255,0.6196028,0.6799965,0.6974404,0.7581671,0.7792344,0.7849906,0.7956083,0.8125581,0.8510019,0.8949511,2.7534165,2.7859976,2.8845127,2.917803,2.9778783,3.016803,3.1002526,3.0608952,2.9810023,2.900105,2.8605382,2.8432126,2.8554194,2.7583783,2.7290604,2.6487238,2.6544585,2.5901573,2.5912511,2.5049622,2.546662,2.5218048,2.4571452,2.3921475,2.4635005,2.425245,2.3539176,2.287107,2.2133489,0.27112764,0.24333386,0.27385747,0.22010297,0.24218851,0.19377978,0.15387543,0.110902786,0.06234568,0.047987748,-0.01844085,-0.07200269,-0.13539758,-0.19628473,-0.26595834,-0.3322635,-0.3676124,-0.4238788,-0.48000985,-0.53089696,-0.5797115,-0.6568791,-0.69487745,-0.74805194,-0.7908646,-0.8643076,-0.923628,-0.9712118,-0.9844715,-1.0100596,-1.0213367,-1.0296609,-1.0434147,-1.081484,-1.0864097,-1.1010394,-1.0856634,-1.0132912,-0.92671746,-0.85947686,-0.78968716,-0.7339888,-0.6832582,-0.6600647,-0.64525765,-0.63603616,-0.62712914,-0.6338558,-0.6461447,-0.63691604,-0.6333155,-0.6230438,-0.58078706,-0.5734893,-0.56188875,-0.5390099,-0.51452535,-0.5016193,-0.49871823,-0.4545732,-0.4297615,-0.4420038,-0.44774866,-0.44007334,-0.40491977,-0.3892739,-0.39686587,-0.45349753,-0.50916857,-0.53658843,-0.56687534,-0.595118,-0.6113193,-0.61199814,-0.6109165,-0.5976644,-0.5864198,-0.5866854,-0.58110285,-0.5770349,-0.5682173,-0.5632164,-0.548447,-0.52035904,-0.50269616,-0.48439768,-0.48584732,-0.4607304,-0.4437736,-0.43023247,-0.39489448,-0.38754484,-0.36927804,-0.36850783,-0.34408468,-0.32808357,-0.31260028,-0.29293367,-0.28396404,-0.26769227,-0.2661615,-0.23199339,-0.20760906,-0.20637982,-0.20496067,-0.19686094,-0.18963884,-0.18158835,-0.17499357,-0.15835387,-0.15714957,-0.15587993,-0.14735119,-0.14047816,-0.13925733,-0.1069496,-0.10607423,-0.099818274,-0.099046595,-0.09076502,-0.09001618,-0.08925609,-0.08409065,-0.07153935,-0.07095082,-0.065843225,-0.059733596,-0.05925281,-0.0533991,-0.05296588,-0.052521322,-0.046127476,-0.032073505,-0.027095547,-0.026869256,-0.020277863,-0.02010861,-0.01994276,-0.019774092,-0.019604959,-0.01944515,-0.019292574,-0.019141518,-0.014274318,-0.01416498,-0.014057433,-0.013938049,-0.013814117,-0.0136932265,-0.005199069,-0.0051532406,-0.005109705,-0.0050688013,-0.005028884,-0.0049879565,-0.0049452386,-0.00490104,-0.004859487,-0.0048180944,-0.0047769407,0.0,0.0,0.0,0.0,0.0,0.0,0.0,0.0,0.0,0.0,0.0,0.0,0.0,0.0,0.0,0.0,0.0,0.0,0.0,0.0,0.0,0.0,0.0,0.0,0.0,0.0,0.0,0.0,0.0,0.0,0.0,0.0,0.0,0.0,0.0,0.0,0.0,0.0,0.0,0.0,0.0,0.0,0.0,0.0,0.0,0.0,0.0,0.0,0.0,0.0,0.0,0.0,0.0,0.0,0.0,0.0,0.0,0.0,0.0,0.0,0.0,0.0,0.0,0.0,0.0,0.0,0.0,0.0,0.0,0.0,0.0,0.0,0.0,0.0,0.0,0.0,0.0,0.0,0.0,0.0,0.0,0.0,0.0,0.0,0.0,0.0,0.0,0.0,0.0,0.0,0.0,0.0,0.0,0.0,0.0,0.0,0.0,0.0,0.0,0.0,0.0,0.0,0.0,0.0,0.0,0.0,0.0,0.0,0.0,0.0,0.0,0.0,0.0,0.0,0.0,0.0,0.0,0.0,0.0,0.0,0.0,0.0,0.0,0.0,0.0,0.0,0.0,0.0,0.0,0.0,0.0,0.0,0.0,0.0,0.0,0.0,0.0,0.0,0.0,0.0,0.0,0.0,0.0,0.0,0.0,0.0,0.0,0.0,0.0,0.0,0.0,0.0,0.0,0.0,0.0,0.0,0.0,0.0,0.0,0.0,0.0,0.0,0.0,0.0,0.0,0.0,0.0,0.0,0.0,0.0,0.0,0.0,0.0,0.0,0.0,0.0,0.0,0.0,0.0,0.0,0.0,0.0,0.0,0.0,0.0,0.0,0.0,0.0,0.0,0.0,0.0,0.0,0.0,0.0,0.0,0.0,0.0,0.0,0.0,0.0,0.0,0.0,0.0,0.0,0.0,0.0,0.0,0.0,0.0,0.0,0.0,0.0,0.0,0.0,0.0,0.0,0.0,0.0,0.0,0.0,0.0,0.0,0.0,0.0,0.0,0.0,0.0,0.0,0.0,0.0,0.0,0.0,0.0,0.0,0.0,0.0,0.0,0.0,0.0,0.0,0.0,0.0,0.0,0.0,0.0,0.0,0.0,0.0,0.0,0.0,0.0,0.0,0.0,0.0,0.0,0.0,0.0,0.0,0.0,0.0,0.0,0.0,0.0,0.0,0.0,0.0,0.0,0.0,0.0,0.0,0.0,0.0,0.0,0.0,0.0,0.0,0.0,0.0,0.0,0.0,0.0,0.0,0.0,0.0,0.0,0.0,0.0,0.0,0.0,0.0,0.0,0.0,0.0,0.0,0.0,0.0,0.0,0.0,0.0,0.0,0.0,0.0,0.0,0.0,0.0,0.0,0.0,0.0,0.0,0.0,0.0,0.0,0.0,0.0,0.0,0.0,0.0,0.0,0.0,0.0,0.0,0.0,0.0,0.0,0.0,0.0,0.0,0.0,0.0,0.0,0.0,0.0,0.0,0.0,0.0,0.0,0.0,0.0,0.0,0.0,0.0,0.0,0.0,0.0,0.0,0.0,0.0,0.0,0.0,0.0,0.0,0.0,0.0,0.0,0.0,0.0,0.0,0.0,0.0,0.0,0.0,0.0,0.0,0.0,0.0,0.0,0.0,0.0,0.0,0.0,0.0,0.0,0.0,0.0,0.0,0.0,0.0,0.0,0.0,0.0,0.0,0.0,0.0,0.0,0.0,0.0,0.0,0.0,0.0,0.0,0.0,0.0,0.0,0.0,0.0,0.0,0.0,0.0,0.0,0.0,0.0,0.0,0.0,0.0,0.0,0.0,0.0,0.0,0.0,0.0,0.0,0.0,0.0,0.0,0.0,0.0,0.0,0.0,0.0,0.0,0.0,0.0,0.0,0.0,0.0,0.0,0.0,0.0,0.0,0.0,0.0,0.0,0.0,0.0,0.0,0.0,0.0,0.0,0.0,0.0,0.0,0.0,0.0,0.0,0.0,0.0,0.0,0.0,0.0,0.0,0.0,0.0,0.0,0.0,0.0,0.0,0.0,0.0,0.0,0.0,0.0,0.0,0.0,0.0,0.0,0.0,0.0,0.0,0.0,0.0,0.0,0.0,0.0,0.0,0.0,0.0,0.0,0.0,0.0,0.0,0.0,0.0,0.0,0.0,0.0,0.0,0.0,0.0,0.0,0.0,0.0,0.0,0.0,0.0,0.0,0.0,0.0,0.0,0.0,0.0,0.0,0.0,0.0,0.0,0.0,0.0,0.0,0.0,0.0,0.0,0.0,0.0,0.0,0.0,0.0,0.0,0.0,0.0,0.0,0.0,0.0,0.0,0.0,0.0,0.0,0.0,0.0,0.0,0.0,0.0,0.0,0.0,0.0,0.0,0.0,0.0,0.0,0.0,0.0,0.0,0.0,0.0,0.0,0.0,0.0,0.0,0.0,0.0,0.0,0.0,0.0,0.0,0.0,0.0,0.0,0.0,0.0,0.0,0.0,0.0,0.0,0.0,0.0,0.0,0.0,0.0,0.0,0.0,0.0,0.0,0.0,0.0,0.0,0.0,0.0,0.0,0.0,0.0,0.0,0.0,0.0,0.0,0.0,0.0,0.0,0.0,0.0,0.0,0.0,0.0,0.0,0.0,0.0,0.0,0.0,0.0,0.0,0.0,0.0,0.0,0.0,0.0,0.0,0.0,0.0,0.0,0.0,0.0,0.0,0.0,0.0,0.0,0.0,0.0,0.0,0.0,0.0,0.0,0.0,0.0,0.0,0.0,0.0,0.0,0.0,0.0,0.0,0.0,0.0,0.0,0.0,0.0,0.0,0.0,0.0,0.0,0.0,0.0,0.0,0.0,0.0,0.0,0.0,0.0,0.0,0.0,0.0,0.0,0.0,0.0,0.0,0.0,0.0,0.0,0.0,0.0,0.0,0.0,0.0,0.0,0.0,0.0,0.0,0.0,0.0,0.0,0.0,0.0,0.0,0.0,0.0,0.0,0.0,0.0,0.0,0.0,0.0,0.0,0.0,0.0,0.0,0.0,0.0,0.0,0.0,0.0,0.0,0.0,0.0,0.0,0.0,0.0,0.0,0.0,0.0,0.0,0.0,0.0,0.0,0.0,0.0,0.0,0.0,0.0,0.0,0.0,0.0,0.0,0.0,0.0,0.0,0.0,0.0,0.0,0.0,0.0,0.0,0.0,0.0,0.0,0.0,0.0,0.0,0.0,0.0,0.0,0.0,0.0,0.0,0.0,0.0,0.0,0.0,0.0,0.0,0.0,0.0,0.0,0.0,0.0,0.0,0.0,0.0,0.0,0.0,0.0,0.0,0.0,0.0,0.0,0.0,0.0,0.0,0.0,0.0,0.0,0.0,0.0,0.0,0.0,0.0,0.0,0.0,0.0,0.0,0.0,0.0,0.0,0.0,0.0,0.0,0.0,0.0,0.0,0.0,0.0,0.0,0.0,0.0,0.0,0.0,0.0,0.0,0.0,0.0,0.0,0.0,0.0,0.0,0.0,0.0,0.0,0.0,0.0,0.0,0.0,0.0,0.0,0.0,0.0,0.0,0.0,0.0,0.0,0.0,0.0,0.0,0.0,0.0,0.0,0.0,0.0,0.0,0.0,0.0,0.0,0.0,0.0,0.0,0.0,0.0,0.0,0.0,0.0,0.0,0.0,0.0,0.0,0.0,0.0,0.0,0.0,0.0,0.0,0.0,0.0,0.0,0.0,0.0,0.0,0.0,0.0,0.0,0.0,0.0,0.0,0.0,0.0,0.0,0.0,0.0,0.0,0.0,0.0,0.0,0.0,0.0,0.0,0.0,0.0,0.0,0.0,0.0,0.0,0.0,0.0,0.0,0.0,0.0,0.0,0.0,0.0,0.0,0.0,0.0,0.0,0.0,0.0,0.0,0.0,0.0,0.0,0.0,0.0,0.0,0.0,0.0,0.0,0.0,0.0,0.0,0.0,0.0,0.0,0.0,0.0,0.0,0.0,0.0,0.0,0.0,0.0,0.0,0.0,0.0,0.0,0.0,0.0,0.0,0.0,0.0,0.0,0.0,0.0,0.0,0.0,0.0,0.0,0.0,0.0,0.0,0.0,0.0,0.0,0.0,0.0,0.0,0.0,0.0,0.0,0.0,0.0,0.0,0.0,0.0,0.0,0.0,0.0,0.0,0.0,0.0,0.0,0.0,0.0,0.0,0.0,0.0,0.0,0.0,0.0,0.0,0.0,0.0,0.0,0.0,0.0,0.0,0.0,0.0,0.0,0.0,0.0,0.0,0.0,0.0,0.0,0.0,0.0,0.0,0.0,0.0,0.0,0.0,0.0,0.0,0.0,0.0,0.0,0.0,0.0,0.0,0.0,0.0,0.0,0.0,0.0,0.0,0.0,0.0,0.0,0.0,0.0,0.0,0.0,0.0,0.0,0.0,0.0,0.0,0.0,0.0,0.0,0.0,0.0,0.0,0.0,0.0,0.0,0.0,0.0,0.0,0.0,0.0,0.0,0.0,0.0,0.0,0.0,0.0,0.0,0.0,0.0,0.0,0.0,0.0,0.0,0.0,0.0,0.0,0.0,0.0,0.0,0.0,0.0,0.0,0.0,0.0,0.0,0.0,0.0,0.0,0.0,0.0,0.0,0.0,0.0,0.0,0.0,0.0,0.0,0.0,0.0,0.0,0.0,0.0,0.0,0.0,0.0,0.0,0.0,0.0,0.0,0.0,0.0,0.0,0.0,0.0,0.0,0.0,0.0,0.0,0.0,0.0,0.0,0.0,0.0,0.0,0.0,0.0,0.0,0.0,0.0,0.0,0.0,0.0,0.0,0.0,0.0,0.0,0.0,0.0,0.0,0.0,0.0,0.0,0.0,0.0,0.0,0.0,0.0,0.0,0.0,0.0,0.0,0.0,0.0,0.0,0.0,0.0,0.0,0.0,0.0,0.0,0.0,0.0,0.0,0.0,0.0,0.0,0.0,0.0,0.0,0.0,0.0,0.0,0.0,0.0,0.0,0.0,0.0,0.0,0.0,0.0,0.0,0.0,0.0,0.0,0.0,0.0,0.0,0.0,0.0,0.0,0.0,0.0,0.0,0.0,0.0,0.0,0.0,0.0,0.0,0.0,0.0,0.0,0.0,0.0,0.0,0.0,0.0,0.0,0.0,0.0,0.0,0.0,0.0,0.0,0.0,0.0,0.0,0.0,0.0,0.0,0.0,0.0,0.0,0.0,0.0,0.0,0.0,0.0,0.0,0.0,0.0,0.0,0.0,0.0,0.0,0.0,0.0,0.0,0.0,0.0,0.0,0.0,0.0,0.0,0.0,0.0,0.0,0.0,0.0,0.0,0.0,0.0,0.0,0.0,0.0,0.0,0.0,0.0,0.0,0.0,0.0,0.0,0.0,0.0,0.0,0.0,0.0,0.0,0.0,0.0,0.0,0.0,0.0,0.0,0.0,0.0,0.0,0.0,0.0,0.0,0.0,0.0,0.0,0.0,0.0,0.0,0.0,0.0,0.0,0.0,0.0,0.0,0.0,0.0,0.0,0.0,0.0,0.0,0.0,0.0,0.0,0.0,0.0,0.0,0.0,0.0,0.0,0.0,0.0,0.0,0.0,0.0,0.0,0.0,0.0,0.0,0.0,0.0,0.0,0.0,0.0,0.0,0.0,0.0,0.0,0.0,0.0,0.0,0.0,0.0,0.0,0.0,0.0,0.0,0.0,0.0,0.0,0.0,0.0,0.0,0.0,0.0,0.0,0.0,0.0,0.0,0.0,0.0,0.0,0.0,0.0,0.0,0.0,0.0,0.0,0.0,0.0,0.0,0.0,0.0,0.0,0.0,0.0,0.0,0.0,0.0,0.0,0.0,0.0,0.0,0.0,0.0,0.0,0.0,0.0,0.0,0.0,0.0,0.0,0.0,0.0,0.0,0.0,0.0,0.0,0.0,0.0,0.0,0.0,0.0,0.0,0.0,0.0,0.0,0.0,0.0,0.0,0.0,0.0,0.0,0.0,0.0,0.0,0.0,0.0,0.0,0.0,0.0,0.0,0.0,0.0,0.0,0.0,0.0,0.0,0.0,0.0,0.0,0.0,0.0,0.0,0.0,0.0,0.0,0.0,0.0,0.0,0.0,0.0,0.0,0.0,0.0,0.0,0.0,0.0,0.0,0.0,0.0,0.0,0.0,0.0,0.0,0.0,0.0,0.0,0.0,0.0,0.0,0.0,0.0,0.0,0.0,0.0,0.0,0.0,0.0,0.0,0.0,0.0,0.0,0.0,0.0,0.0,0.0,0.0,0.0,0.0,0.0,0.0,0.0,0.0,0.0,0.0,0.0,0.0,0.0,0.0,0.0,0.0,0.0,0.0,0.0,0.0,0.0,0.0,0.0,0.0,0.0,0.0,0.0,0.0,0.0,0.0,0.0,0.0,0.0,0.0,0.0,0.0,0.0,0.0,0.0,0.0,0.0,0.0,0.0,0.0,0.0,0.0,0.0,0.0,0.0,0.0,0.0,0.0,0.0,0.0,0.0,0.0,0.0,0.0,0.0,0.0,0.0,0.0,0.0,0.0,0.0,0.0,0.0,0.0,0.0,0.0,0.0,0.0,0.0,0.0,0.0,0.0,0.0,0.0,0.0,0.0,0.0,0.0,0.0,0.0,0.0,0.0,0.0,0.0,0.0,0.0,0.0,0.0,0.0,0.0,0.0,0.0,0.0,0.0,0.0,0.0,0.0,0.0,0.0,0.0,0.0,0.0,0.0,0.0,0.0,0.0,0.0,0.0,0.0,0.0,0.0,0.0,0.0,0.0,0.0,0.0,0.0,0.0,0.0,0.0,0.0,0.0,0.0,0.0,0.0,0.0,0.0,0.0,0.0,0.0,0.0,0.0,0.0,0.0,0.0,0.0,0.0,0.0,0.0,0.0,0.0,0.0,0.0,0.0,0.0,0.0,0.0,0.0,0.0,0.0,0.0,0.0,0.0,0.0,0.0,0.0,0.0,0.0,0.0,0.0,0.0,0.0,0.0,0.0,0.0,0.0,0.0,0.0,0.0,0.0,0.0,0.0,0.0,0.0,0.0,0.0,0.0,0.0,0.0,0.0,0.0,0.0,0.0,0.0,0.0,0.0,0.0,0.0,0.0,0.0,0.0,0.0,0.0,0.0,0.0,0.0,0.0,0.0,0.0,0.0,0.0,0.0,0.0,0.0,0.0,0.0,0.0,0.0,0.0,0.0,0.0,0.0,0.0,0.0,0.0,0.0,0.0,0.0,0.0,0.0,0.0,0.0,0.0,0.0,0.0,0.0,0.0,0.0,0.0,0.0,0.0,0.0,0.0,0.0,0.0,0.0,0.0,0.0,0.0,0.0,0.0,0.0,0.0,0.0,0.0,0.0,0.0,0.0,0.0,0.0,0.0,0.0,0.0,0.0,0.0,0.0,0.0,0.0,0.0,0.0,0.0,0.0,0.0,0.0,0.0,0.0,0.0,0.0,0.0,0.0,0.0,0.0,0.0,0.0,0.0,0.0,0.0,0.0,0.0,0.0,0.0,0.0,0.0,0.0,0.0,0.0,0.0,0.0,0.0,0.0,0.0,0.0,0.0,0.0,0.0,0.0,0.0,0.0,0.0,0.0,0.0,0.0,0.0,0.0,0.0,0.0,0.0,0.0,0.0,0.0,0.0,0.0,0.0,0.0,0.0,0.0,0.0,0.0,0.0,0.0,0.0,0.0,0.0,0.0,0.0,0.0,0.0,0.0,0.0,0.0,0.0,0.0,0.0,0.0,0.0,0.0,0.0,0.0,0.0,0.0,0.0,0.0,0.0,0.0,0.0,0.0,0.0,0.0,0.0,0.0,0.0,0.0,0.0,0.0,0.0,0.0,0.0,0.0,0.0,0.0,0.0,0.0,0.0,0.0,0.0,0.0,0.0,0.0,0.0,0.0,0.0,0.0,0.0,0.0,0.0,0.0,0.0,0.0,0.0,0.0,0.0,0.0,0.0,0.0,0.0,0.0,0.0,0.0,0.0,0.0,0.0,0.0,0.0,0.0,0.0,0.0,0.0,0.0,0.0,0.0,0.0,0.0,0.0,0.0,0.0,0.0,0.0,0.0,0.0,0.0,0.0,0.0,0.0,0.0,0.0,0.0,0.0,0.0,0.0,0.0,0.0,0.0,0.0,0.0,0.0,0.0,0.0,0.0,0.0,0.0,0.0,0.0,0.0,0.0,0.0,0.0,0.0,0.0,0.0,0.0,0.0,0.0,0.0,0.0,0.0,0.0,0.0,0.0,0.0,0.0,0.0,0.0,0.0,0.0,0.0,0.0,0.0,0.0,0.0,0.0,0.0,0.0,0.0,0.0,0.0,0.0,0.0,0.0,0.0,0.0,0.0,0.0,0.0,0.0,0.0,0.0,0.0,0.0,0.0,0.0,0.0,0.0,0.0,0.0,0.0,0.0,0.0,0.0,0.0,0.0,0.0,0.0,0.0,0.0,0.0,0.0,0.0,0.0,0.0,0.0,0.0,0.0,0.0,0.0,0.0,0.0,0.0,0.0,0.0,0.0,0.0,0.0,0.0,0.0,0.0,0.0,0.0,0.0,0.0,0.0,0.0,0.0,0.0,0.0,0.0,0.0,0.0,0.0,0.0,0.0,0.0,0.0,0.0,0.0,0.0,0.0,0.0,0.0,0.0,0.0,0.0,0.0,0.0,0.0,0.0,0.0,0.0,0.0,0.0,0.0,0.0,0.0,0.0,0.0,0.0,0.0,0.0,0.0,0.0,0.0,0.0,0.0,0.0,0.0,0.0,0.0,0.0,0.0,0.0,0.0,0.0,0.0,0.0,0.0,0.0,0.0,0.0,0.0,0.0,0.0,0.0,0.0,0.0,0.0,0.0,0.0,0.0,0.0,0.0,0.0,0.0,0.0,0.0,0.0,0.0,0.0,0.0,0.0,0.0,0.0,0.0,0.0,0.0,0.0,0.0,0.0,0.0,0.0,0.0,0.0,0.0,0.0,0.0,0.0,0.0,0.0,0.0,0.0,0.0,0.0,0.0,0.0,0.0,0.0,0.0,0.0,0.0,0.0,0.0,0.0,0.0,0.0,0.0,0.0,0.0,0.0,0.0,0.0,0.0,0.0,0.0,0.0,0.0,0.0,0.0,0.0,0.0,0.0,0.0,0.0,0.0,0.0,0.0,0.0,0.0,0.0,0.0,0.0,0.0,0.0,0.0,0.0,0.0,0.0,0.0,0.0,0.0,0.0,0.0,0.0,0.0,0.0,0.0,0.0,0.0,0.0,0.0,0.0,0.0,0.0,0.0,0.0,0.0,0.0,0.0,0.0,0.0,0.0,0.0,0.0,0.0,0.0,0.0,0.0,0.0,0.0,0.0,0.0,0.0,0.0,0.0,0.0,0.0,0.0,0.0,0.0,0.0,0.0,0.0,0.0,0.0,0.0,0.0,0.0,0.0,0.0,0.0,0.0,0.0,0.0,0.0,0.0,0.0,0.0,0.0,0.0,0.0,0.0,0.0,0.0,0.0,0.0,0.0,0.0,0.0,0.0,0.0,0.0,0.0,0.0,0.0,0.0,0.0,0.0,0.0,0.0,0.0,0.0,0.0,0.0,0.0,0.0,0.0,0.0,0.0,0.0,0.0,0.0,0.0,0.0,0.0,0.0,0.0,0.0,0.0,0.0,0.0,0.0,0.0,0.0,0.0,0.0,0.0,0.0,0.0,0.0,0.0,0.0,0.0,0.0,0.0,0.0,0.0,0.0,0.0,0.0,0.0,0.0,0.0,0.0,0.0,0.0,0.0,0.0,0.0,0.0,0.0,0.0,0.0,0.0,0.0,0.0,0.0,0.0,0.0,0.0,0.0,0.0,0.0,0.0,0.0,0.0,0.0,0.0,0.0,0.0,0.0,0.0,0.0,0.0,0.0,0.0,0.0,0.0,0.0,0.0,0.0,0.0,0.0,0.0,0.0,0.0,0.0,0.0,0.0,0.0,0.0,0.0,0.0,0.0,0.0,0.0,0.0,0.0,0.0,0.0,0.0,0.0,0.0,0.0,0.0,0.0,0.0,0.0,0.0,0.0,0.0,0.0,0.0,0.0,0.0,0.0,0.0,0.0,0.0,0.0,0.0,0.0,0.0,0.0,0.0,0.0,0.0,0.0,0.0,0.0,0.0,0.0,0.0,0.0,0.0,0.0,0.0,0.0,0.0,0.0,0.0,0.0,0.0,0.0,0.0,0.0,0.0,0.0,0.0,0.0,0.0,0.0,0.0,0.0,0.0,0.0,0.0,0.0,0.0,0.0,0.0,0.0,0.0,0.0,0.0,0.0,0.0,0.0,0.0,0.0,0.0,0.0,0.0,0.0,0.0,0.0,0.0,0.0,0.0,0.0,0.0,0.0,0.0,0.0,0.0,0.0,0.0,0.0,0.0,0.0,0.0,0.0,0.0,0.0,0.0,0.0,0.0,0.0,0.0,0.0,0.0,0.0,0.0,0.0,0.0,0.0,0.0,0.0,0.0,0.0,0.0,0.0,0.0,0.0,0.0,0.0,0.0,0.0,0.0,0.0,0.0,0.0,0.0,0.0,0.0,0.0,0.0,0.0,0.0,0.0,0.0,0.0,0.0,0.0,0.0,0.0,0.0,0.0,0.0,0.0,0.0,0.0,0.0,0.0,0.0,0.0,0.0,0.0,0.0,0.0,0.0,0.0,0.0,0.0,0.0,0.0,0.0,0.0,0.0,0.0,0.0,0.0,0.0,0.0,0.0,0.0,0.0,0.0,0.0,0.0,0.0,0.0,0.0,0.0,0.0,0.0,0.0,0.0,0.0,0.0,0.0,0.0,0.0,0.0,0.0,0.0,0.0,0.0,0.0,0.0,0.0,0.0,0.0,0.0,0.0,0.0,0.0,0.0,0.0,0.0,0.0,0.0,0.0,0.0,0.0,0.0,0.0,0.0,0.0,0.0,0.0,0.0,0.0,0.0,0.0,0.0,0.0,0.0,0.0,0.0,0.0,0.0,0.0,0.0,0.0,0.0,0.0,0.0,0.0,0.0,0.0,0.0,0.0,0.0,0.0,0.0,0.0,0.0,0.0,0.0,0.0,0.0,0.0,0.0,0.0,0.0,0.0,0.0,0.0,0.0,0.0,0.0,0.0,0.0,0.0,0.0,0.0,0.0,0.0,0.0,0.0,0.0,0.0,0.0,0.0,0.0,0.0,0.0,0.0,0.0,0.0,0.0,0.0,0.0,0.0,0.0,0.0,0.0,0.0,0.0,0.0,0.0,0.0,0.0,0.0,0.0,0.0,0.0,0.0,0.0,0.0,0.0,0.0,0.0,0.0,0.0,0.0,0.0,0.0,0.0,0.0,0.0,0.0,0.0,0.0,0.0,0.0,0.0,0.0,0.0,0.0,0.0,0.0,0.0,0.0,0.0,0.0,0.0,0.0,0.0,0.0,0.0,0.0,0.0,0.0,0.0,0.0,0.0,0.0,0.0,0.0,0.0,0.0,0.0,0.0,0.0,0.0,0.0,0.0,0.0,0.0,0.0,0.0,0.0,0.0,0.0,0.0,0.0,0.0,0.0,0.0,0.0,0.0,0.0,0.0,0.0,0.0,0.0,0.0,0.0,0.0,0.0,0.0,0.0,0.0,0.0,0.0,0.0,0.0,0.0,0.0,0.0,0.0,0.0,0.0,0.0,0.0,0.0,0.0,0.0
Tax26,0.0,-1.0926046,-0.9114295,-0.6954756,-0.4557999,-0.1999751,0.06691257,0.33972088,0.6170322,0.8984893,1.1830118,1.4696884,1.7579209,2.0476642,2.3391702,2.6195936,2.9095361,3.1995435,3.4843905,3.7707639,4.136112,4.384799,4.7025723,4.9825807,5.218243,5.501381,5.8166943,6.061316,6.309993,6.6356874,6.901076,7.268732,7.652917,8.074769,8.389806,8.640441,8.8553505,9.288965,9.336756,9.621891,9.890377,10.346429,10.782768,11.545186,12.014934,12.68591,13.511933,13.910197,14.157852,14.603063,15.000303,15.271151,15.729201,16.122911,16.767044,16.949333,17.130941,17.52489,17.600405,17.394266,16.93904,16.886856,16.910131,17.024158,17.64979,18.271008,8.203801,8.718074,20.874264,21.939466,22.894999,23.575565,24.011286,10.694258,25.397022,11.422968,11.692366,12.317187,12.540478,13.119081,13.347039,13.687614,14.109565,14.650094,15.316113,16.056767,35.938576,37.00877,38.564247,40.340397,41.998283,43.909863,45.33819,47.00636,47.68058,47.928173,48.040314,49.716526,50.68233,52.084328,53.003136,54.257027,55.167263,56.566372,57.582115,58.265083,60.085464,61.02463,62.597836,63.855755,65.85764,66.58719,68.008194,68.28819,68.47501,28.206717,28.629889,29.114607,29.3111,29.106977,28.961777,28.56684,28.029932,27.54215,26.915806,26.379139,25.59785,23.825903,22.305893,21.073229,19.769749,18.549763,17.533665,16.27561,14.742344,13.223836,11.600425,9.881324,8.01386,6.1475887,4.221379,2.2944217,0.6247773,-0.7376379,-1.8557152,-2.601043,-3.4473379,-4.6550584,-5.864256,-6.9438024,-7.5550137,-7.4026656,-5.899723,-4.0917325,-2.5770066,-1.1072965,0.26723984,1.306327,2.012285,2.221455,2.4483075,2.4754333,1.9796677,1.4447011,1.200089,0.89031076,0.96702224,1.5258303,1.4627254,1.5997344,1.9859862,2.4236917,2.5732615,2.2437568,3.5543425,4.2339892,3.6716788,3.2741017,3.4499807,4.384423,4.716303,4.2005763,1.9055855,-0.53266567,-2.1122828,-3.2559288,-4.361017,-5.2501173,-5.781917,-6.457868,-6.9127493,-7.3982687,-7.6184006,-7.640827,-7.779572,-7.749508,-7.834652,-7.8873854,-7.8572054,-7.8012013,-7.702042,-7.538984,-7.217207,-7.1232967,-7.076342,-6.958981,-6.836034,-6.6181865,-6.38894,-6.190314,-5.936688,-5.730201,-5.597829,-5.302578,-4.977686,-4.802695,-4.610546,-4.399074,-4.246485,-4.0312567,-3.8885798,-3.7546542,-3.524384,-3.4242878,-3.2702398,-3.0472271,-2.8602872,-2.6875925,-2.526758,-2.3925183,-2.2901795,-2.1995406,-2.083411,-1.930442,-1.8410367,-1.7106166,-1.6285801,-1.556269,-1.4776347,-1.360227,-1.2839067,-1.2275879,-1.114774,-1.0042988,-0.95647156,-0.9100916,-0.8434357,-0.7707054,-0.7454592,-0.6963014,-0.6439679,-0.6134568,-0.5843372,-0.55774873,-0.51690704,-0.46382192,-0.4378583,-0.40822634,-0.386027,-0.34673727,-0.34317434,-0.32028407,-0.31623772,-0.30342913,-0.28847197,-0.2631906,-0.23687929,-0.22607982,-0.20432572,-0.19500804,-0.18068567,-0.15148106,-0.13909443,-0.12443233,-0.115916,-0.10972488,-0.10094615,-0.09964616,-0.09252464,-0.08396499,-0.08292475,-0.081922576,-0.07484548,-0.07387217,-0.06653487,-0.065585166,-0.05877645,-0.05216397,-0.04761403,-0.03672182,-0.029934349,-0.02553786,-0.020518417,-0.020274157,-0.011774881,-0.011519672,-0.011197357,-0.010775458,-0.010254692,-0.00967646,-0.009137608,-0.008659069,-0.008024907,-0.0073174424,-0.0065704137,-0.0057874005,-0.004916655,-0.004021732,-0.0030362369,-0.001742337,-0.00034039258,0.0013484196,0.0031233984,0.0050743874,0.0072983555,0.009749736,0.012790808,0.016378792,0.02065193,0.024886087,0.030362524,0.039412677,0.05451854,0.07301003,0.0919324,0.10222681,0.10991046,0.11868637,0.12933426,0.13990527,0.15467983,0.17167602,0.18812665,0.21526626,0.24322537,0.27662066,0.31709665,0.3650357,0.75945497,0.93199545,1.1373242,1.4030199,1.7051702,2.0811112,2.5172422,3.0050528,3.4749634,3.920199,4.331573,4.56409,4.5278144,3.7592676,2.4623933,1.4027745,0.60172194,0.13595395,-0.060170263,-0.12913394,-0.14674093,-0.1401611,-0.12719545,-0.11283191,-0.10235186,-0.0859408,-0.066885754,-0.05213964,-0.21377048,-0.1899318,-0.16217873,-0.13226908,-0.101314574,-0.07002074,-0.038828827,-0.007987301,0.022302032,0.051940918,0.08084683,0.10896358,0.13627651,0.16278793,0.18853854,0.21347445,0.23753501,0.2607263,0.28331077,0.3051643,0.32640243,0.34725323,0.36772698,0.38784197,0.3756329,0.39157686,0.40700197,0.4167903,0.47937205,0.47929767,0.5182823,0.5451003,0.56948495,0.5547468,0.5827437,0.5927634,0.5971933,0.61072254,0.60943854,0.6064689,0.6311202,0.65116,0.7202335,0.7724228,0.77737534,0.8711927,0.91134423,0.9187021,0.8981356,0.9111007,0.88266325,0.95292544,0.99204457,0.98686147,1.0737339,1.0751374,1.1009938,1.1029412,1.0916458,1.0461465,1.0129354,1.0099434,0.993455,1.0314494,1.0636289,0.37454936,0.40115097,1.2370722,1.2975061,1.3497901,1.4012899,1.4018339,0.5260472,1.4776831,0.5808224,0.6153779,0.64851177,0.67323357,0.69652045,0.73536855,0.7705128,0.75694185,0.809707,0.8873705,0.9228541,2.2177293,2.2653792,2.3849587,2.3816695,2.3846292,2.525598,2.5592191,2.5993495,2.6611817,2.5862005,2.605974,2.7805104,2.7842522,2.7647476,2.8644483,2.845151,3.0391884,3.0483458,3.0560324,3.1657612,3.1212842,3.2218108,3.3356428,3.4924676,3.638496,3.7633913,3.770136,3.9345686,3.9655318,1.4642797,1.6019965,1.6592293,1.7033106,1.7215053,1.7244368,1.7087399,1.7138201,1.7394924,1.7345952,1.7446876,1.6645632,1.5756829,1.527801,1.500682,1.3773838,1.3524019,1.2639108,1.2267966,1.1261991,1.0177001,0.95218676,0.8157634,0.71081245,0.56055236,0.4043511,0.230057,0.10517523,0.013447235,-0.06436118,-0.10576987,-0.15903977,-0.24343431,-0.32795224,-0.40968007,-0.4635323,-0.4684865,-0.3723645,-0.24374261,-0.1306411,-0.016181218,0.09577186,0.18740325,0.25356874,0.2805664,0.30864224,0.32501045,0.29971388,0.26051214,0.23920186,0.20961207,0.20486692,0.24033375,0.23569821,0.24552369,0.27515537,0.3022835,0.3224172,0.30230197,0.39873585,0.46867526,0.44454846,0.4304127,0.43601143,0.5113014,0.5527543,0.53721476,0.37355027,0.16938378,0.03258864,-0.07195946,-0.16658792,-0.24943459,-0.29879496,-0.3530639,-0.39382783,-0.4180408,-0.44186795,-0.4639368,-0.46915355,-0.4879681,-0.49139285,-0.474099,-0.48462358,-0.49418914,-0.45932764,-0.43334585,-0.41361025,-0.39187914,-0.39157373,-0.38212302,-0.35860917,-0.33267152,-0.33341047,-0.31886956,-0.30245718,-0.2751378,-0.2615229,-0.25888175,-0.2567668,-0.23792322,-0.20491247,-0.20339984,-0.20201106,-0.1745595,-0.14966099,-0.14813861,-0.13665909,-0.13538513,-0.13410929,-0.11747058,-0.1161679,-0.11494982,-0.11366542,-0.112274624,-0.11073972,-0.086327255,-0.08546881,-0.08457372,-0.07419212,-0.07334353,-0.072478406,-0.071639515,-0.07081883,-0.07001151,-0.0691971,-0.06839058,-0.0676332,-0.066940635,-0.06619074,-0.054873504,-0.054246023,-0.043974437,-0.034283236,-0.02748567,-0.016797245,-0.0166018,-0.016411649,-0.016217362,-0.016022524,-0.015841821,-0.015671968,-0.015504345,-0.015337093,0.0,0.0,0.0,0.0,0.0,0.0,0.0,0.0,0.0,0.0,0.0,0.0,0.0,0.0,0.0,0.0,0.0,0.0,0.0,0.0,0.0,0.0,0.0,0.0,0.0,0.0,0.0,0.0,0.0,0.0,0.0,0.0,0.0,0.0,0.0,0.0,0.0,0.0,0.0,0.0,0.0,0.0,0.0,0.0,0.0,0.0,0.0,0.0,0.0,0.0,0.0,0.0,0.0,0.0,0.0,0.0,0.0,0.0,0.0,0.0,0.0,0.0,0.0,0.0,0.0,0.0,0.0,0.0,0.0,0.0,0.0,0.0,0.0,0.0,0.0,0.0,0.0,0.0,0.0,0.0,0.0,0.0,0.0,0.0,0.0,0.0,0.0,0.0,0.0,0.0,0.0,0.0,0.0,0.0,0.0,0.0,0.0,0.0,0.0,0.0,0.0,0.0,0.0,0.0,0.0,0.0,0.0,0.0,0.0,0.0,0.0,0.0,0.0,0.0,0.0,0.0,0.0,0.0,0.0,0.0,0.0,0.0,0.0,0.0,0.0,0.0,0.0,0.0,0.0,0.0,0.0,0.0,0.0,0.0,0.0,0.0,0.0,0.0,0.0,0.0,0.0,0.0,0.0,0.0,0.0,0.0,0.0,0.0,0.0,0.0,0.0,0.0,0.0,0.0,0.0,0.0,0.0,0.0,0.0,0.0,0.0,0.0,0.0,0.0,0.0,0.0,0.0,0.0,0.0,0.0,0.0,0.0,0.0,0.0,0.0,0.0,0.0,0.0,0.0,0.0,0.0,0.0,0.0,0.0,0.0,0.0,0.0,0.0,0.0,0.0,0.0,0.0,0.0,0.0,0.0,0.0,0.0,0.0,0.0,0.0,0.0,0.0,0.0,0.0,0.0,0.0,0.0,0.0,0.0,0.0,0.0,0.0,0.0,0.0,0.0,0.0,0.0,0.0,0.0,0.0,0.0,0.0,0.0,0.0,0.0,0.0,0.0,0.0,0.0,0.0,0.0,0.0,0.0,0.0,0.0,0.0,0.0,0.0,0.0,0.0,0.0,0.0,0.0,0.0,0.0,0.0,0.0,0.0,0.0,0.0,0.0,0.0,0.0,0.0,0.0,0.0,0.0,0.0,0.0,0.0,0.0,0.0,0.0,0.0,0.0,0.0,0.0,0.0,0.0,0.0,0.0,0.0,0.0,0.0,0.0,0.0,0.0,0.0,0.0,0.0,0.0,0.0,0.0,0.0,0.0,0.0,0.0,0.0,0.0,0.0,0.0,0.0,0.0,0.0,0.0,0.0,0.0,0.0,0.0,0.0,0.0,0.0,0.0,0.0,0.0,0.0,0.0,0.0,0.0,0.0,0.0,0.0,0.0,0.0,0.0,0.0,0.0,0.0,0.0,0.0,0.0,0.0,0.0,0.0,0.0,0.0,0.0,0.0,0.0,0.0,0.0,0.0,0.0,0.0,0.0,0.0,0.0,0.0,0.0,0.0,0.0,0.0,0.0,0.0,0.0,0.0,0.0,0.0,0.0,0.0,0.0,0.0,0.0,0.0,0.0,0.0,0.0,0.0,0.0,0.0,0.0,0.0,0.0,0.0,0.0,0.0,0.0,0.0,0.0,0.0,0.0,0.0,0.0,0.0,0.0,0.0,0.0,0.0,0.0,0.0,0.0,0.0,0.0,0.0,0.0,0.0,0.0,0.0,0.0,0.0,0.0,0.0,0.0,0.0,0.0,0.0,0.0,0.0,0.0,0.0,0.0,0.0,0.0,0.0,0.0,0.0,0.0,0.0,0.0,0.0,0.0,0.0,0.0,0.0,0.0,0.0,0.0,0.0,0.0,0.0,0.0,0.0,0.0,0.0,0.0,0.0,0.0,0.0,0.0,0.0,0.0,0.0,0.0,0.0,0.0,0.0,0.0,0.0,0.0,0.0,0.0,0.0,0.0,0.0,0.0,0.0,0.0,0.0,0.0,0.0,0.0,0.0,0.0,0.0,0.0,0.0,0.0,0.0,0.0,0.0,0.0,0.0,0.0,0.0,0.0,0.0,0.0,0.0,0.0,0.0,0.0,0.0,0.0,0.0,0.0,0.0,0.0,0.0,0.0,0.0,0.0,0.0,0.0,0.0,0.0,0.0,0.0,0.0,0.0,0.0,0.0,0.0,0.0,0.0,0.0,0.0,0.0,0.0,0.0,0.0,0.0,0.0,0.0,0.0,0.0,0.0,0.0,0.0,0.0,0.0,0.0,0.0,0.0,0.0,0.0,0.0,0.0,0.0,0.0,0.0,0.0,0.0,0.0,0.0,0.0,0.0,0.0,0.0,0.0,0.0,0.0,0.0,0.0,0.0,0.0,0.0,0.0,0.0,0.0,0.0,0.0,0.0,0.0,0.0,0.0,0.0,0.0,0.0,0.0,0.0,0.0,0.0,0.0,0.0,0.0,0.0,0.0,0.0,0.0,0.0,0.0,0.0,0.0,0.0,0.0,0.0,0.0,0.0,0.0,0.0,0.0,0.0,0.0,0.0,0.0,0.0,0.0,0.0,0.0,0.0,0.0,0.0,0.0,0.0,0.0,0.0,0.0,0.0,0.0,0.0,0.0,0.0,0.0,0.0,0.0,0.0,0.0,0.0,0.0,0.0,0.0,0.0,0.0,0.0,0.0,0.0,0.0,0.0,0.0,0.0,0.0,0.0,0.0,0.0,0.0,0.0,0.0,0.0,0.0,0.0,0.0,0.0,0.0,0.0,0.0,0.0,0.0,0.0,0.0,0.0,0.0,0.0,0.0,0.0,0.0,0.0,0.0,0.0,0.0,0.0,0.0,0.0,0.0,0.0,0.0,0.0,0.0,0.0,0.0,0.0,0.0,0.0,0.0,0.0,0.0,0.0,0.0,0.0,0.0,0.0,0.0,0.0,0.0,0.0,0.0,0.0,0.0,0.0,0.0,0.0,0.0,0.0,0.0,0.0,0.0,0.0,0.0,0.0,0.0,0.0,0.0,0.0,0.0,0.0,0.0,0.0,0.0,0.0,0.0,0.0,0.0,0.0,0.0,0.0,0.0,0.0,0.0,0.0,0.0,0.0,0.0,0.0,0.0,0.0,0.0,0.0,0.0,0.0,0.0,0.0,0.0,0.0,0.0,0.0,0.0,0.0,0.0,0.0,0.0,0.0,0.0,0.0,0.0,0.0,0.0,0.0,0.0,0.0,0.0,0.0,0.0,0.0,0.0,0.0,0.0,0.0,0.0,0.0,0.0,0.0,0.0,0.0,0.0,0.0,0.0,0.0,0.0,0.0,0.0,0.0,0.0,0.0,0.0,0.0,0.0,0.0,0.0,0.0,0.0,0.0,0.0,0.0,0.0,0.0,0.0,0.0,0.0,0.0,0.0,0.0,0.0,0.0,0.0,0.0,0.0,0.0,0.0,0.0,0.0,0.0,0.0,0.0,0.0,0.0,0.0,0.0,0.0,0.0,0.0,0.0,0.0,0.0,0.0,0.0,0.0,0.0,0.0,0.0,0.0,0.0,0.0,0.0,0.0,0.0,0.0,0.0,0.0,0.0,0.0,0.0,0.0,0.0,0.0,0.0,0.0,0.0,0.0,0.0,0.0,0.0,0.0,0.0,0.0,0.0,0.0,0.0,0.0,0.0,0.0,0.0,0.0,0.0,0.0,0.0,0.0,0.0,0.0,0.0,0.0,0.0,0.0,0.0,0.0,0.0,0.0,0.0,0.0,0.0,0.0,0.0,0.0,0.0,0.0,0.0,0.0,0.0,0.0,0.0,0.0,0.0,0.0,0.0,0.0,0.0,0.0,0.0,0.0,0.0,0.0,0.0,0.0,0.0,0.0,0.0,0.0,0.0,0.0,0.0,0.0,0.0,0.0,0.0,0.0,0.0,0.0,0.0,0.0,0.0,0.0,0.0,0.0,0.0,0.0,0.0,0.0,0.0,0.0,0.0,0.0,0.0,0.0,0.0,0.0,0.0,0.0,0.0,0.0,0.0,0.0,0.0,0.0,0.0,0.0,0.0,0.0,0.0,0.0,0.0,0.0,0.0,0.0,0.0,0.0,0.0,0.0,0.0,0.0,0.0,0.0,0.0,0.0,0.0,0.0,0.0,0.0,0.0,0.0,0.0,0.0,0.0,0.0,0.0,0.0,0.0,0.0,0.0,0.0,0.0,0.0,0.0,0.0,0.0,0.0,0.0,0.0,0.0,0.0,0.0,0.0,0.0,0.0,0.0,0.0,0.0,0.0,0.0,0.0,0.0,0.0,0.0,0.0,0.0,0.0,0.0,0.0,0.0,0.0,0.0,0.0,0.0,0.0,0.0,0.0,0.0,0.0,0.0,0.0,0.0,0.0,0.0,0.0,0.0,0.0,0.0,0.0,0.0,0.0,0.0,0.0,0.0,0.0,0.0,0.0,0.0,0.0,0.0,0.0,0.0,0.0,0.0,0.0,0.0,0.0,0.0,0.0,0.0,0.0,0.0,0.0,0.0,0.0,0.0,0.0,0.0,0.0,0.0,0.0,0.0,0.0,0.0,0.0,0.0,0.0,0.0,0.0,0.0,0.0,0.0,0.0,0.0,0.0,0.0,0.0,0.0,0.0,0.0,0.0,0.0,0.0,0.0,0.0,0.0,0.0,0.0,0.0,0.0,0.0,0.0,0.0,0.0,0.0,0.0,0.0,0.0,0.0,0.0,0.0,0.0,0.0,0.0,0.0,0.0,0.0,0.0,0.0,0.0,0.0,0.0,0.0,0.0,0.0,0.0,0.0,0.0,0.0,0.0,0.0,0.0,0.0,0.0,0.0,0.0,0.0,0.0,0.0,0.0,0.0,0.0,0.0,0.0,0.0,0.0,0.0,0.0,0.0,0.0,0.0,0.0,0.0,0.0,0.0,0.0,0.0,0.0,0.0,0.0,0.0,0.0,0.0,0.0,0.0,0.0,0.0,0.0,0.0,0.0,0.0,0.0,0.0,0.0,0.0,0.0,0.0,0.0,0.0,0.0,0.0,0.0,0.0,0.0,0.0,0.0,0.0,0.0,0.0,0.0,0.0,0.0,0.0,0.0,0.0,0.0,0.0,0.0,0.0,0.0,0.0,0.0,0.0,0.0,0.0,0.0,0.0,0.0,0.0,0.0,0.0,0.0,0.0,0.0,0.0,0.0,0.0,0.0,0.0,0.0,0.0,0.0,0.0,0.0,0.0,0.0,0.0,0.0,0.0,0.0,0.0,0.0,0.0,0.0,0.0,0.0,0.0,0.0,0.0,0.0,0.0,0.0,0.0,0.0,0.0,0.0,0.0,0.0,0.0,0.0,0.0,0.0,0.0,0.0,0.0,0.0,0.0,0.0,0.0,0.0,0.0,0.0,0.0,0.0,0.0,0.0,0.0,0.0,0.0,0.0,0.0,0.0,0.0,0.0,0.0,0.0,0.0,0.0,0.0,0.0,0.0,0.0,0.0,0.0,0.0,0.0,0.0,0.0,0.0,0.0,0.0,0.0,0.0,0.0,0.0,0.0,0.0,0.0,0.0,0.0,0.0,0.0,0.0,0.0,0.0,0.0,0.0,0.0,0.0,0.0,0.0,0.0,0.0,0.0,0.0,0.0,0.0,0.0,0.0,0.0,0.0,0.0,0.0,0.0,0.0,0.0,0.0,0.0,0.0,0.0,0.0,0.0,0.0,0.0,0.0,0.0,0.0,0.0,0.0,0.0,0.0,0.0,0.0,0.0,0.0,0.0,0.0,0.0,0.0,0.0,0.0,0.0,0.0,0.0,0.0,0.0,0.0,0.0,0.0,0.0,0.0,0.0,0.0,0.0,0.0,0.0,0.0,0.0,0.0,0.0,0.0,0.0,0.0,0.0,0.0,0.0,0.0,0.0,0.0,0.0,0.0,0.0,0.0,0.0,0.0,0.0,0.0,0.0,0.0,0.0,0.0,0.0,0.0,0.0,0.0,0.0,0.0,0.0,0.0,0.0,0.0,0.0,0.0,0.0,0.0,0.0,0.0,0.0,0.0,0.0,0.0,0.0,0.0,0.0,0.0,0.0,0.0,0.0,0.0,0.0,0.0,0.0,0.0,0.0,0.0,0.0,0.0,0.0,0.0,0.0,0.0,0.0,0.0,0.0,0.0,0.0,0.0,0.0,0.0,0.0,0.0,0.0,0.0,0.0,0.0,0.0,0.0,0.0,0.0,0.0,0.0,0.0,0.0,0.0,0.0,0.0,0.0,0.0,0.0,0.0,0.0,0.0,0.0,0.0,0.0,0.0,0.0,0.0,0.0,0.0,0.0,0.0,0.0,0.0,0.0,0.0,0.0,0.0,0.0,0.0,0.0,0.0,0.0,0.0,0.0,0.0,0.0,0.0,0.0,0.0,0.0,0.0,0.0,0.0,0.0,0.0,0.0,0.0,0.0,0.0,0.0,0.0,0.0,0.0,0.0,0.0,0.0,0.0,0.0,0.0,0.0,0.0,0.0,0.0,0.0,0.0,0.0,0.0,0.0,0.0,0.0,0.0,0.0,0.0,0.0,0.0,0.0,0.0,0.0,0.0,0.0,0.0,0.0,0.0,0.0,0.0,0.0,0.0,0.0,0.0,0.0,0.0,0.0,0.0,0.0,0.0,0.0,0.0,0.0,0.0,0.0,0.0,0.0,0.0,0.0,0.0,0.0,0.0,0.0,0.0,0.0,0.0,0.0,0.0,0.0,0.0,0.0,0.0,0.0,0.0,0.0,0.0,0.0,0.0,0.0,0.0,0.0,0.0,0.0,0.0,0.0,0.0,0.0,0.0,0.0,0.0,0.0,0.0,0.0,0.0,0.0,0.0,0.0,0.0,0.0,0.0,0.0,0.0,0.0,0.0,0.0,0.0,0.0,0.0,0.0,0.0,0.0,0.0,0.0,0.0,0.0,0.0,0.0,0.0,0.0,0.0,0.0,0.0,0.0,0.0,0.0,0.0,0.0,0.0,0.0,0.0,0.0,0.0,0.0,0.0,0.0,0.0,0.0,0.0,0.0,0.0,0.0,0.0,0.0,0.0,0.0,0.0,0.0,0.0,0.0,0.0,0.0,0.0,0.0,0.0,0.0,0.0,0.0,0.0,0.0,0.0,0.0,0.0,0.0,0.0,0.0,0.0,0.0,0.0,0.0,0.0,0.0,0.0,0.0,0.0,0.0,0.0,0.0,0.0,0.0,0.0,0.0,0.0,0.0,0.0,0.0,0.0,0.0,0.0,0.0,0.0,0.0,0.0,0.0,0.0,0.0,0.0,0.0,0.0,0.0,0.0,0.0,0.0,0.0,0.0,0.0,0.0,0.0,0.0,0.0,0.0,0.0,0.0,0.0,0.0,0.0,0.0,0.0,0.0,0.0,0.0,0.0,0.0,0.0,0.0,0.0,0.0,0.0,0.0,0.0,0.0,0.0,0.0,0.0,0.0,0.0,0.0,0.0,0.0,0.0,0.0,0.0,0.0,0.0,0.0,0.0,0.0,0.0,0.0,0.0,0.0,0.0,0.0,0.0,0.0,0.0,0.0,0.0,0.0,0.0,0.0,0.0,0.0,0.0,0.0,0.0,0.0,0.0,0.0,0.0,0.0,0.0,0.0,0.0,0.0,0.0,0.0,0.0,0.0,0.0,0.0,0.0,0.0,0.0,0.0,0.0,0.0,0.0,0.0,0.0,0.0,0.0,0.0,0.0,0.0,0.0,0.0,0.0,0.0,0.0,0.0,0.0,0.0,0.0,0.0,0.0,0.0,0.0,0.0,0.0,0.0,0.0,0.0,0.0,0.0,0.0,0.0,0.0,0.0,0.0,0.0,0.0,0.0,0.0,0.0,0.0,0.0,0.0,0.0,0.0,0.0,0.0,0.0,0.0,0.0,0.0,0.0,0.0,0.0,0.0,0.0,0.0,0.0,0.0,0.0,0.0,0.0,0.0,0.0,0.0,0.0,0.0,0.0,0.0,0.0,0.0,0.0,0.0,0.0,0.0,0.0,0.0,0.0,0.0,0.0,0.0,0.0,0.0,0.0,0.0,0.0,0.0,0.0,0.0,0.0,0.0,0.0,0.0,0.0,0.0,0.0,0.0,0.0,0.0,0.0,0.0,0.0,0.0,0.0,0.0,0.0,0.0,0.0,0.0,0.0,0.0,0.0,0.0,0.0,0.0,0.0,0.0,0.0,0.0,0.0,0.0,0.0,0.0,0.0,0.0,0.0,0.0,0.0,0.0,0.0,0.0,0.0,0.0,0.0,0.0,0.0,0.0,0.0,0.0,0.0,0.0,0.0,0.0,0.0,0.0,0.0,0.0,0.0,0.0,0.0,0.0,0.0,0.0,0.0,0.0,0.0,0.0,0.0,0.0,0.0,0.0,0.0,0.0,0.0,0.0,0.0,0.0,0.0,0.0,0.0,0.0,0.0,0.0,0.0,0.0,0.0,0.0,0.0,0.0,0.0,0.0,0.0,0.0,0.0,0.0,0.0,0.0,0.0,0.0,0.0,0.0,0.0,0.0,0.0,0.0,0.0,0.0,0.0,0.0,0.0,0.0,0.0,0.0,0.0,0.0,0.0,0.0,0.0,0.0,0.0,0.0,0.0,0.0,0.0,0.0,0.0,0.0,0.0,0.0,0.0,0.0,0.0,0.0,0.0,0.0,0.0,0.0,0.0,0.0,0.0,0.0,0.0,0.0,0.0,0.0,0.0,0.0,0.0,0.0,0.0,0.0,0.0,0.0,0.0,0.0,0.0,0.0,0.0,0.0,0.0,0.0,0.0,0.0,0.0,0.0,0.0,0.0,0.0,0.0,0.0,0.0,0.0,0.0,0.0,0.0,0.0,0.0,0.0,0.0,0.0,0.0,0.0,0.0,0.0,0.0,0.0,0.0,0.0,0.0,0.0,0.0,0.0,0.0,0.0,0.0,0.0,0.0,0.0,0.0,0.0,0.0,0.0,0.0,0.0,0.0,0.0,0.0,0.0,0.0,0.0,0.0,0.0,0.0,0.0,0.0,0.0,0.0,0.0,0.0,0.0,0.0,0.0,0.0,0.0,0.0,0.0,0.0,0.0,0.0,0.0,0.0,0.0,0.0,0.0,0.0,0.0,0.0,0.0,0.0,0.0,0.0,0.0,0.0,0.0,0.0,0.0,0.0,0.0,0.0,0.0,0.0,0.0,0.0,0.0,0.0,0.0,0.0,0.0,0.0,0.0,0.0,0.0,0.0,0.0,0.0,0.0,0.0,0.0,0.0,0.0,0.0,0.0,0.0,0.0,0.0,0.0,0.0,0.0,0.0,0.0,0.0,0.0,0.0,0.0,0.0,0.0,0.0,0.0,0.0,0.0,0.0,0.0,0.0,0.0,0.0,0.0,0.0,0.0,0.0,0.0,0.0,0.0,0.0,0.0,0.0,0.0,0.0,0.0,0.0,0.0,0.0,0.0,0.0,0.0,0.0,0.0,0.0,0.0,0.0,0.0,0.0,0.0,0.0,0.0,0.0,0.0,0.0,0.0,0.0,0.0,0.0,0.0,0.0,0.0,0.0,0.0,0.0,0.0,0.0,0.0,0.0,0.0,0.0,0.0,0.0,0.0,0.0,0.0,0.0,0.0,0.0,0.0,0.0,0.0,0.0,0.0,0.0,0.0,0.0,0.0,0.0,0.0,0.0,0.0,0.0,0.0,0.0,0.0,0.0,0.0,0.0,0.0,0.0,0.0,0.0,0.0,0.0,0.0,0.0,0.0,0.0,0.0,0.0,0.0,0.0,0.0,0.0,0.0,0.0,0.0,0.0,0.0,0.0,0.0,0.0,0.0,0.0,0.0,0.0,0.0,0.0,0.0,0.0,0.0,0.0,0.0,0.0,0.0,0.0,0.0,0.0,0.0,0.0,0.0,0.0,0.0,0.0,0.0,0.0,0.0,0.0,0.0,0.0,0.0,0.0,0.0,0.0,0.0,0.0,0.0,0.0,0.0,0.0,0.0,0.0,0.0,0.0,0.0,0.0,0.0,0.0,0.0,0.0,0.0,0.0,0.0,0.0,0.0,0.0,0.0,0.0,0.0,0.0,0.0,0.0,0.0,0.0,0.0,0.0,0.0,0.0,0.0,0.0,0.0,0.0,0.0,0.0,0.0,0.0,0.0,0.0
Tax27,0.0,-1.0042999,-0.85909694,-0.68092066,-0.48011982,-0.26438108,-0.039079733,0.19198503,0.4261146,0.659529,0.89287573,1.1248351,1.3543117,1.5688491,1.7896979,1.9878532,2.1958146,2.3966458,2.613888,2.7351766,2.9348145,3.108365,3.295264,3.344517,3.563956,3.6834702,3.7940652,3.9436808,4.1298,4.229027,4.296278,4.3828053,4.6189055,4.870464,5.017594,5.124872,5.3289285,5.4403157,5.4593997,5.6079607,5.804772,5.903414,6.2253103,6.5840116,6.624064,7.0205393,7.216416,7.2569513,7.536404,7.522997,7.775998,7.920457,8.102934,8.2004595,8.238719,8.100836,7.924465,7.906167,7.830138,7.6372976,7.345277,7.1758943,6.9545803,6.8790994,6.984027,7.159229,2.057992,2.1843085,8.028362,8.423399,8.693849,8.938695,9.17617,2.727583,9.462553,2.8879805,3.0094974,3.128663,3.2411015,3.3621526,3.436373,3.5665872,3.4943087,3.7112288,3.9507866,4.153242,12.980413,13.122243,13.590084,14.052521,14.26592,14.92194,15.34007,15.481739,15.552836,15.566367,15.548829,15.830881,16.027102,16.617914,16.252344,16.69628,16.860907,17.170353,17.40352,17.399504,17.508291,17.600979,18.059553,18.212046,18.711952,18.956577,19.202166,18.980093,18.704233,4.839373,4.902611,5.0189395,5.0319724,4.8866763,4.754905,4.668518,4.44953,4.1860294,3.9606295,3.749622,3.5329468,3.0996835,2.6793034,2.3908994,2.0488765,1.6835682,1.4500473,1.1932349,0.8126579,0.40143642,0.06473676,-0.32676178,-0.7200697,-1.1111993,-1.503548,-1.9092025,-2.2061772,-2.4711628,-2.690088,-2.855834,-3.0078185,-3.2271695,-3.4192555,-3.5656016,-3.6764207,-3.6251917,-3.343287,-3.0034394,-2.7034905,-2.4152036,-2.132651,-1.9230357,-1.7654463,-1.7057143,-1.62114,-1.6039003,-1.6766394,-1.7494731,-1.7683643,-1.8259283,-1.7677246,-1.6346912,-1.6401172,-1.5988364,-1.5039432,-1.401879,-1.3699346,-1.4161507,-1.1667165,-1.0211942,-1.0981752,-1.1346388,-1.0777724,-0.88707656,-0.7867553,-0.8463351,-1.2439027,-1.66959,-1.9413407,-2.1363277,-2.3303163,-2.4753091,-2.5599406,-2.6479678,-2.7107246,-2.8041866,-2.8288343,-2.845134,-2.8306582,-2.817147,-2.8320255,-2.849965,-2.8352413,-2.7602472,-2.7447295,-2.7015657,-2.679095,-2.597413,-2.5655618,-2.5069337,-2.4525046,-2.334098,-2.2756193,-2.2146776,-2.1327364,-2.0929036,-1.9873923,-1.8817,-1.8095897,-1.7558122,-1.6908628,-1.6557776,-1.619147,-1.5814103,-1.5426161,-1.4804393,-1.390488,-1.3502166,-1.2768142,-1.213191,-1.1559244,-1.1225523,-1.0848714,-1.0233816,-0.9789084,-0.9347003,-0.8828106,-0.8313622,-0.8130549,-0.7923703,-0.7596738,-0.7284052,-0.69330865,-0.6619579,-0.64876133,-0.6298433,-0.6065654,-0.5933031,-0.5747126,-0.5368684,-0.51805127,-0.50677747,-0.49727964,-0.48237145,-0.45543748,-0.43191075,-0.4191581,-0.4043018,-0.37172967,-0.3618161,-0.34765378,-0.33479783,-0.32610676,-0.30658215,-0.28043488,-0.27762866,-0.27479112,-0.2575097,-0.25493813,-0.25233606,-0.24428907,-0.22085096,-0.20983613,-0.19805102,-0.19118024,-0.16672747,-0.15400027,-0.14649965,-0.13946962,-0.13351274,-0.12755561,-0.11935724,-0.11811393,-0.10916833,-0.10401112,-0.102960676,-0.10188562,-0.10081964,-0.0956099,-0.08278292,-0.076926336,-0.07605033,-0.075210154,-0.069704905,-0.06344158,-0.0627871,-0.062169265,-0.06154405,-0.056789503,-0.055960856,-0.05010539,-0.048948932,-0.04752249,-0.04236147,-0.04093468,-0.03706363,-0.031497654,-0.029904265,-0.028203327,-0.02397136,-0.022157611,-0.020286024,-0.018225132,-0.015531955,-0.012602558,-0.009083127,-0.005392887,-0.0013559331,0.003215243,0.008201295,0.01433647,0.021495996,0.029903341,0.038009375,0.048393626,0.065674186,0.09448297,0.12856647,0.16125798,0.17483582,0.18224177,0.19084318,0.20182547,0.21166542,0.22749221,0.24540916,0.2607643,0.25396818,0.27817273,0.3062774,0.3396189,0.3775189,0.92838764,1.0862274,1.2602822,1.4749814,1.6953146,1.9515358,2.203052,2.4414926,2.6184564,2.650028,2.7068126,2.6458051,2.5202308,2.070969,1.4612885,0.85878515,0.41666546,0.13708058,0.030395769,-0.012547251,-0.027891222,-0.017337767,-0.0019478714,-0.007423806,0.00659779,0.013853239,0.032358125,0.04073845,-0.08949207,-0.07856756,-0.06614048,-0.052940425,-0.039410412,-0.025822598,-0.012342129,0.0009444435,0.013965692,0.026687454,0.039093804,0.051171556,0.0629136,0.074075654,0.08480495,0.09515009,0.10513342,0.114687875,0.1237152,0.13219085,0.14035508,0.14824954,0.15264037,0.1602776,0.16700824,0.17323728,0.20141563,0.20403595,0.19603434,0.2017944,0.20713085,0.21638972,0.19372846,0.2052132,0.21391743,0.21938416,0.21622017,0.23219739,0.24483617,0.24133417,0.24933036,0.27076778,0.29780683,0.30041125,0.3323008,0.3523392,0.3509001,0.36097917,0.36545783,0.36933562,0.40585154,0.38508132,0.40379387,0.4269963,0.3932981,0.40545547,0.41007927,0.41356707,0.39545432,0.39215523,0.3867827,0.38434753,0.35195777,0.33044675,0.32808432,0.06158055,0.06617512,0.38489333,0.40224433,0.4217761,0.43063515,0.41232345,0.08671491,0.4224654,0.09007022,0.096172355,0.09861314,0.109277405,0.11056654,0.12376028,0.13825464,0.13779792,0.14243421,0.15117934,0.16387892,0.60998875,0.56565183,0.60288846,0.5916712,0.6154576,0.6430427,0.62824374,0.6733823,0.6723072,0.6599159,0.72388077,0.70018834,0.7393175,0.7059139,0.70920694,0.7188695,0.7366408,0.7601255,0.7454061,0.7147714,0.74224424,0.7607892,0.7883126,0.7673404,0.85094815,0.8765906,0.9157975,0.9429253,0.9125113,0.23466414,0.21108763,0.22891752,0.23178814,0.24177353,0.24860407,0.23415278,0.23450916,0.23979923,0.24876636,0.2466221,0.22239679,0.19635426,0.1921707,0.1661825,0.14965658,0.14194633,0.1164048,0.11652221,0.11369731,0.08695103,0.063397884,0.0469433,0.02675828,0.0003853161,-0.027573066,-0.058965456,-0.082278915,-0.09837815,-0.10953592,-0.116168566,-0.12833498,-0.14317967,-0.1595811,-0.17554587,-0.18723834,-0.1896221,-0.1743032,-0.15379013,-0.13513826,-0.11579351,-0.0965718,-0.07945258,-0.06634498,-0.060250178,-0.05216823,-0.045400433,-0.048777454,-0.053497277,-0.05612065,-0.060528256,-0.059216723,-0.051989846,-0.05265383,-0.050223455,-0.042650137,-0.036454443,-0.033391885,-0.03605117,-0.018386943,-0.006260372,-0.0111765005,-0.013549173,-0.0105015375,0.005221154,0.013503225,0.010452138,-0.020768154,-0.05593151,-0.07802495,-0.093145505,-0.10760543,-0.1224202,-0.13217176,-0.1431935,-0.15286224,-0.16180603,-0.16760935,-0.17156214,-0.17598598,-0.17935142,-0.1835181,-0.17978573,-0.15416323,-0.15543446,-0.1571891,-0.15835615,-0.15869328,-0.14972256,-0.14011638,-0.14122008,-0.14144856,-0.14130875,-0.14098507,-0.14067402,-0.1401443,-0.13943566,-0.13839886,-0.13714069,-0.1360263,-0.13504939,-0.1223443,-0.12138612,-0.10153578,-0.100669995,-0.09978919,-0.09886741,-0.08826143,-0.087476216,-0.086692154,-0.085886054,-0.08505564,-0.084253624,-0.067979656,-0.05874989,-0.058120437,-0.05755297,-0.057021677,-0.056482084,-0.05593605,-0.05538602,-0.054833803,-0.047528576,-0.04053135,-0.04013286,-0.03973499,-0.0393411,-0.038959913,-0.03859399,-0.03821749,-0.032118853,-0.031802528,-0.031488158,-0.031175613,-0.025443919,-0.019776592,-0.019580374,-0.019387456,-0.013967313,-0.013826845,-0.013691319,-0.013559711,-0.013429318,-0.0132997185,-0.013173069,-0.013048032,-0.012917374,-0.004532238,-0.0044860845,-0.004441263,-0.0043957965,-0.004351777,-0.004309454,-0.0042678956,-0.0042260415,-0.0041834726,-0.0041403463,-0.0040988103,-0.0040576207,-0.004016781,-0.003976275,-0.0039353017,0.0,0.0,0.0,0.0,0.0,0.0,0.0,0.0,0.0,0.0,0.0,0.0,0.0,0.0,0.0,0.0,0.0,0.0,0.0,0.0,0.0,0.0,0.0,0.0,0.0,0.0,0.0,0.0,0.0,0.0,0.0,0.0,0.0,0.0,0.0,0.0,0.0,0.0,0.0,0.0,0.0,0.0,0.0,0.0,0.0,0.0,0.0,0.0,0.0,0.0,0.0,0.0,0.0,0.0,0.0,0.0,0.0,0.0,0.0,0.0,0.0,0.0,0.0,0.0,0.0,0.0,0.0,0.0,0.0,0.0,0.0,0.0,0.0,0.0,0.0,0.0,0.0,0.0,0.0,0.0,0.0,0.0,0.0,0.0,0.0,0.0,0.0,0.0,0.0,0.0,0.0,0.0,0.0,0.0,0.0,0.0,0.0,0.0,0.0,0.0,0.0,0.0,0.0,0.0,0.0,0.0,0.0,0.0,0.0,0.0,0.0,0.0,0.0,0.0,0.0,0.0,0.0,0.0,0.0,0.0,0.0,0.0,0.0,0.0,0.0,0.0,0.0,0.0,0.0,0.0,0.0,0.0,0.0,0.0,0.0,0.0,0.0,0.0,0.0,0.0,0.0,0.0,0.0,0.0,0.0,0.0,0.0,0.0,0.0,0.0,0.0,0.0,0.0,0.0,0.0,0.0,0.0,0.0,0.0,0.0,0.0,0.0,0.0,0.0,0.0,0.0,0.0,0.0,0.0,0.0,0.0,0.0,0.0,0.0,0.0,0.0,0.0,0.0,0.0,0.0,0.0,0.0,0.0,0.0,0.0,0.0,0.0,0.0,0.0,0.0,0.0,0.0,0.0,0.0,0.0,0.0,0.0,0.0,0.0,0.0,0.0,0.0,0.0,0.0,0.0,0.0,0.0,0.0,0.0,0.0,0.0,0.0,0.0,0.0,0.0,0.0,0.0,0.0,0.0,0.0,0.0,0.0,0.0,0.0,0.0,0.0,0.0,0.0,0.0,0.0,0.0,0.0,0.0,0.0,0.0,0.0,0.0,0.0,0.0,0.0,0.0,0.0,0.0,0.0,0.0,0.0,0.0,0.0,0.0,0.0,0.0,0.0,0.0,0.0,0.0,0.0,0.0,0.0,0.0,0.0,0.0,0.0,0.0,0.0,0.0,0.0,0.0,0.0,0.0,0.0,0.0,0.0,0.0,0.0,0.0,0.0,0.0,0.0,0.0,0.0,0.0,0.0,0.0,0.0,0.0,0.0,0.0,0.0,0.0,0.0,0.0,0.0,0.0,0.0,0.0,0.0,0.0,0.0,0.0,0.0,0.0,0.0,0.0,0.0,0.0,0.0,0.0,0.0,0.0,0.0,0.0,0.0,0.0,0.0,0.0,0.0,0.0,0.0,0.0,0.0,0.0,0.0,0.0,0.0,0.0,0.0,0.0,0.0,0.0,0.0,0.0,0.0,0.0,0.0,0.0,0.0,0.0,0.0,0.0,0.0,0.0,0.0,0.0,0.0,0.0,0.0,0.0,0.0,0.0,0.0,0.0,0.0,0.0,0.0,0.0,0.0,0.0,0.0,0.0,0.0,0.0,0.0,0.0,0.0,0.0,0.0,0.0,0.0,0.0,0.0,0.0,0.0,0.0,0.0,0.0,0.0,0.0,0.0,0.0,0.0,0.0,0.0,0.0,0.0,0.0,0.0,0.0,0.0,0.0,0.0,0.0,0.0,0.0,0.0,0.0,0.0,0.0,0.0,0.0,0.0,0.0,0.0,0.0,0.0,0.0,0.0,0.0,0.0,0.0,0.0,0.0,0.0,0.0,0.0,0.0,0.0,0.0,0.0,0.0,0.0,0.0,0.0,0.0,0.0,0.0,0.0,0.0,0.0,0.0,0.0,0.0,0.0,0.0,0.0,0.0,0.0,0.0,0.0,0.0,0.0,0.0,0.0,0.0,0.0,0.0,0.0,0.0,0.0,0.0,0.0,0.0,0.0,0.0,0.0,0.0,0.0,0.0,0.0,0.0,0.0,0.0,0.0,0.0,0.0,0.0,0.0,0.0,0.0,0.0,0.0,0.0,0.0,0.0,0.0,0.0,0.0,0.0,0.0,0.0,0.0,0.0,0.0,0.0,0.0,0.0,0.0,0.0,0.0,0.0,0.0,0.0,0.0,0.0,0.0,0.0,0.0,0.0,0.0,0.0,0.0,0.0,0.0,0.0,0.0,0.0,0.0,0.0,0.0,0.0,0.0,0.0,0.0,0.0,0.0,0.0,0.0,0.0,0.0,0.0,0.0,0.0,0.0,0.0,0.0,0.0,0.0,0.0,0.0,0.0,0.0,0.0,0.0,0.0,0.0,0.0,0.0,0.0,0.0,0.0,0.0,0.0,0.0,0.0,0.0,0.0,0.0,0.0,0.0,0.0,0.0,0.0,0.0,0.0,0.0,0.0,0.0,0.0,0.0,0.0,0.0,0.0,0.0,0.0,0.0,0.0,0.0,0.0,0.0,0.0,0.0,0.0,0.0,0.0,0.0,0.0,0.0,0.0,0.0,0.0,0.0,0.0,0.0,0.0,0.0,0.0,0.0,0.0,0.0,0.0,0.0,0.0,0.0,0.0,0.0,0.0,0.0,0.0,0.0,0.0,0.0,0.0,0.0,0.0,0.0,0.0,0.0,0.0,0.0,0.0,0.0,0.0,0.0,0.0,0.0,0.0,0.0,0.0,0.0,0.0,0.0,0.0,0.0,0.0,0.0,0.0,0.0,0.0,0.0,0.0,0.0,0.0,0.0,0.0,0.0,0.0,0.0,0.0,0.0,0.0,0.0,0.0,0.0,0.0,0.0,0.0,0.0,0.0,0.0,0.0,0.0,0.0,0.0,0.0,0.0,0.0,0.0,0.0,0.0,0.0,0.0,0.0,0.0,0.0,0.0,0.0,0.0,0.0,0.0,0.0,0.0,0.0,0.0,0.0,0.0,0.0,0.0,0.0,0.0,0.0,0.0,0.0,0.0,0.0,0.0,0.0,0.0,0.0,0.0,0.0,0.0,0.0,0.0,0.0,0.0,0.0,0.0,0.0,0.0,0.0,0.0,0.0,0.0,0.0,0.0,0.0,0.0,0.0,0.0,0.0,0.0,0.0,0.0,0.0,0.0,0.0,0.0,0.0,0.0,0.0,0.0,0.0,0.0,0.0,0.0,0.0,0.0,0.0,0.0,0.0,0.0,0.0,0.0,0.0,0.0,0.0,0.0,0.0,0.0,0.0,0.0,0.0,0.0,0.0,0.0,0.0,0.0,0.0,0.0,0.0,0.0,0.0,0.0,0.0,0.0,0.0,0.0,0.0,0.0,0.0,0.0,0.0,0.0,0.0,0.0,0.0,0.0,0.0,0.0,0.0,0.0,0.0,0.0,0.0,0.0,0.0,0.0,0.0,0.0,0.0,0.0,0.0,0.0,0.0,0.0,0.0,0.0,0.0,0.0,0.0,0.0,0.0,0.0,0.0,0.0,0.0,0.0,0.0,0.0,0.0,0.0,0.0,0.0,0.0,0.0,0.0,0.0,0.0,0.0,0.0,0.0,0.0,0.0,0.0,0.0,0.0,0.0,0.0,0.0,0.0,0.0,0.0,0.0,0.0,0.0,0.0,0.0,0.0,0.0,0.0,0.0,0.0,0.0,0.0,0.0,0.0,0.0,0.0,0.0,0.0,0.0,0.0,0.0,0.0,0.0,0.0,0.0,0.0,0.0,0.0,0.0,0.0,0.0,0.0,0.0,0.0,0.0,0.0,0.0,0.0,0.0,0.0,0.0,0.0,0.0,0.0,0.0,0.0,0.0,0.0,0.0,0.0,0.0,0.0,0.0,0.0,0.0,0.0,0.0,0.0,0.0,0.0,0.0,0.0,0.0,0.0,0.0,0.0,0.0,0.0,0.0,0.0,0.0,0.0,0.0,0.0,0.0,0.0,0.0,0.0,0.0,0.0,0.0,0.0,0.0,0.0,0.0,0.0,0.0,0.0,0.0,0.0,0.0,0.0,0.0,0.0,0.0,0.0,0.0,0.0,0.0,0.0,0.0,0.0,0.0,0.0,0.0,0.0,0.0,0.0,0.0,0.0,0.0,0.0,0.0,0.0,0.0,0.0,0.0,0.0,0.0,0.0,0.0,0.0,0.0,0.0,0.0,0.0,0.0,0.0,0.0,0.0,0.0,0.0,0.0,0.0,0.0,0.0,0.0,0.0,0.0,0.0,0.0,0.0,0.0,0.0,0.0,0.0,0.0,0.0,0.0,0.0,0.0,0.0,0.0,0.0,0.0,0.0,0.0,0.0,0.0,0.0,0.0,0.0,0.0,0.0,0.0,0.0,0.0,0.0,0.0,0.0,0.0,0.0,0.0,0.0,0.0,0.0,0.0,0.0,0.0,0.0,0.0,0.0,0.0,0.0,0.0,0.0,0.0,0.0,0.0,0.0,0.0,0.0,0.0,0.0,0.0,0.0,0.0,0.0,0.0,0.0,0.0,0.0,0.0,0.0,0.0,0.0,0.0,0.0,0.0,0.0,0.0,0.0,0.0,0.0,0.0,0.0,0.0,0.0,0.0,0.0,0.0,0.0,0.0,0.0,0.0,0.0,0.0,0.0,0.0,0.0,0.0,0.0,0.0,0.0,0.0,0.0,0.0,0.0,0.0,0.0,0.0,0.0,0.0,0.0,0.0,0.0,0.0,0.0,0.0,0.0,0.0,0.0,0.0,0.0,0.0,0.0,0.0,0.0,0.0,0.0,0.0,0.0,0.0,0.0,0.0,0.0,0.0,0.0,0.0,0.0,0.0,0.0,0.0,0.0,0.0,0.0,0.0,0.0,0.0,0.0,0.0,0.0,0.0,0.0,0.0,0.0,0.0,0.0,0.0,0.0,0.0,0.0,0.0,0.0,0.0,0.0,0.0,0.0,0.0,0.0,0.0,0.0,0.0,0.0,0.0,0.0,0.0,0.0,0.0,0.0,0.0,0.0,0.0,0.0,0.0,0.0,0.0,0.0,0.0,0.0,0.0,0.0,0.0,0.0,0.0,0.0,0.0,0.0,0.0,0.0,0.0,0.0,0.0,0.0,0.0,0.0,0.0,0.0,0.0,0.0,0.0,0.0,0.0,0.0,0.0,0.0,0.0,0.0,0.0,0.0,0.0,0.0,0.0,0.0,0.0,0.0,0.0,0.0,0.0,0.0,0.0,0.0,0.0,0.0,0.0,0.0,0.0,0.0,0.0,0.0,0.0,0.0,0.0,0.0,0.0,0.0,0.0,0.0,0.0,0.0,0.0,0.0,0.0,0.0,0.0,0.0,0.0,0.0,0.0,0.0,0.0,0.0,0.0,0.0,0.0,0.0,0.0,0.0,0.0,0.0,0.0,0.0,0.0,0.0,0.0,0.0,0.0,0.0,0.0,0.0,0.0,0.0,0.0,0.0,0.0,0.0,0.0,0.0,0.0,0.0,0.0,0.0,0.0,0.0,0.0,0.0,0.0,0.0,0.0,0.0,0.0,0.0,0.0,0.0,0.0,0.0,0.0,0.0,0.0,0.0,0.0,0.0,0.0,0.0,0.0,0.0,0.0,0.0,0.0,0.0,0.0,0.0,0.0,0.0,0.0,0.0,0.0,0.0,0.0,0.0,0.0,0.0,0.0,0.0,0.0,0.0,0.0,0.0,0.0,0.0,0.0,0.0,0.0,0.0,0.0,0.0,0.0,0.0,0.0,0.0,0.0,0.0,0.0,0.0,0.0,0.0,0.0,0.0,0.0,0.0,0.0,0.0,0.0,0.0,0.0,0.0,0.0,0.0,0.0,0.0,0.0,0.0,0.0,0.0,0.0,0.0,0.0,0.0,0.0,0.0,0.0,0.0,0.0,0.0,0.0,0.0,0.0,0.0,0.0,0.0,0.0,0.0,0.0,0.0,0.0,0.0,0.0,0.0,0.0,0.0,0.0,0.0,0.0,0.0,0.0,0.0,0.0,0.0,0.0,0.0,0.0,0.0,0.0,0.0,0.0,0.0,0.0,0.0,0.0,0.0,0.0,0.0,0.0,0.0,0.0,0.0,0.0,0.0,0.0,0.0,0.0,0.0,0.0,0.0,0.0,0.0,0.0,0.0,0.0,0.0,0.0,0.0,0.0,0.0,0.0,0.0,0.0,0.0,0.0,0.0,0.0,0.0,0.0,0.0,0.0,0.0,0.0,0.0,0.0,0.0,0.0,0.0,0.0,0.0,0.0,0.0,0.0,0.0,0.0,0.0,0.0,0.0,0.0,0.0,0.0,0.0,0.0,0.0,0.0,0.0,0.0,0.0,0.0,0.0,0.0,0.0,0.0,0.0,0.0,0.0,0.0,0.0,0.0,0.0,0.0,0.0,0.0,0.0,0.0,0.0,0.0,0.0,0.0,0.0,0.0,0.0,0.0,0.0,0.0,0.0,0.0,0.0,0.0,0.0,0.0,0.0,0.0,0.0,0.0,0.0,0.0,0.0,0.0,0.0,0.0,0.0,0.0,0.0,0.0,0.0,0.0,0.0,0.0,0.0,0.0,0.0,0.0,0.0,0.0,0.0,0.0,0.0,0.0,0.0,0.0,0.0,0.0,0.0,0.0,0.0,0.0,0.0,0.0,0.0,0.0,0.0,0.0,0.0,0.0,0.0,0.0,0.0,0.0,0.0,0.0,0.0,0.0,0.0,0.0,0.0,0.0,0.0,0.0,0.0,0.0,0.0,0.0,0.0,0.0,0.0,0.0,0.0,0.0,0.0,0.0,0.0,0.0,0.0,0.0,0.0,0.0,0.0,0.0,0.0,0.0,0.0,0.0,0.0,0.0,0.0,0.0,0.0,0.0,0.0,0.0,0.0,0.0,0.0,0.0,0.0,0.0,0.0,0.0,0.0,0.0,0.0,0.0,0.0,0.0,0.0,0.0,0.0,0.0,0.0,0.0,0.0,0.0,0.0,0.0,0.0,0.0,0.0,0.0,0.0,0.0,0.0,0.0,0.0,0.0,0.0,0.0,0.0,0.0,0.0,0.0,0.0,0.0,0.0,0.0,0.0,0.0,0.0,0.0,0.0,0.0,0.0,0.0,0.0,0.0,0.0,0.0,0.0,0.0,0.0,0.0,0.0,0.0,0.0,0.0,0.0,0.0,0.0,0.0,0.0,0.0,0.0,0.0,0.0,0.0,0.0,0.0,0.0,0.0,0.0,0.0,0.0,0.0,0.0,0.0,0.0,0.0,0.0,0.0,0.0,0.0,0.0,0.0,0.0,0.0,0.0,0.0,0.0,0.0,0.0,0.0,0.0,0.0,0.0,0.0,0.0,0.0,0.0,0.0,0.0,0.0,0.0,0.0,0.0,0.0,0.0,0.0,0.0,0.0,0.0,0.0,0.0,0.0,0.0,0.0,0.0,0.0,0.0,0.0,0.0,0.0,0.0,0.0,0.0,0.0,0.0,0.0,0.0,0.0,0.0,0.0,0.0,0.0,0.0,0.0,0.0,0.0,0.0,0.0,0.0,0.0,0.0,0.0,0.0,0.0,0.0,0.0,0.0,0.0,0.0,0.0,0.0,0.0,0.0,0.0,0.0,0.0,0.0,0.0,0.0,0.0,0.0,0.0,0.0,0.0,0.0,0.0,0.0,0.0,0.0,0.0,0.0,0.0,0.0,0.0,0.0,0.0,0.0,0.0,0.0,0.0,0.0,0.0,0.0,0.0,0.0,0.0,0.0,0.0,0.0,0.0,0.0,0.0,0.0,0.0,0.0,0.0,0.0,0.0,0.0,0.0,0.0,0.0,0.0,0.0,0.0,0.0,0.0,0.0,0.0,0.0,0.0,0.0,0.0,0.0,0.0,0.0,0.0,0.0,0.0,0.0,0.0,0.0,0.0,0.0,0.0,0.0,0.0,0.0,0.0,0.0,0.0,0.0,0.0,0.0,0.0,0.0,0.0,0.0,0.0,0.0,0.0,0.0,0.0,0.0,0.0,0.0,0.0,0.0,0.0,0.0,0.0,0.0,0.0,0.0,0.0,0.0,0.0,0.0,0.0,0.0,0.0,0.0,0.0,0.0,0.0,0.0,0.0,0.0,0.0,0.0,0.0,0.0,0.0,0.0,0.0,0.0,0.0,0.0,0.0,0.0,0.0,0.0,0.0,0.0,0.0,0.0,0.0,0.0,0.0,0.0,0.0,0.0,0.0,0.0,0.0,0.0,0.0,0.0,0.0,0.0,0.0,0.0,0.0,0.0,0.0,0.0,0.0,0.0,0.0,0.0,0.0,0.0,0.0,0.0,0.0,0.0,0.0,0.0,0.0,0.0,0.0,0.0,0.0,0.0,0.0,0.0,0.0,0.0,0.0,0.0,0.0,0.0,0.0,0.0,0.0,0.0,0.0,0.0,0.0,0.0,0.0,0.0,0.0,0.0,0.0,0.0,0.0,0.0,0.0,0.0,0.0,0.0,0.0,0.0,0.0,0.0,0.0,0.0,0.0,0.0,0.0,0.0,0.0,0.0,0.0,0.0,0.0,0.0,0.0,0.0,0.0,0.0,0.0,0.0,0.0,0.0,0.0,0.0,0.0,0.0,0.0,0.0,0.0,0.0,0.0,0.0,0.0,0.0,0.0,0.0,0.0,0.0,0.0,0.0,0.0,0.0,0.0,0.0,0.0,0.0,0.0,0.0,0.0,0.0,0.0,0.0,0.0,0.0,0.0,0.0,0.0,0.0,0.0,0.0,0.0,0.0,0.0,0.0,0.0,0.0,0.0,0.0,0.0,0.0,0.0,0.0,0.0,0.0,0.0,0.0,0.0,0.0,0.0,0.0,0.0,0.0,0.0,0.0,0.0,0.0,0.0,0.0,0.0,0.0,0.0,0.0,0.0,0.0,0.0,0.0,0.0,0.0,0.0,0.0,0.0,0.0,0.0,0.0,0.0,0.0,0.0,0.0,0.0,0.0,0.0,0.0,0.0,0.0,0.0,0.0,0.0,0.0,0.0,0.0,0.0,0.0,0.0,0.0,0.0,0.0,0.0,0.0,0.0,0.0,0.0,0.0,0.0,0.0,0.0,0.0,0.0,0.0,0.0,0.0,0.0,0.0,0.0,0.0,0.0,0.0,0.0,0.0,0.0,0.0,0.0,0.0,0.0,0.0,0.0,0.0,0.0,0.0,0.0,0.0,0.0,0.0,0.0,0.0,0.0,0.0,0.0,0.0,0.0,0.0,0.0,0.0,0.0,0.0,0.0,0.0,0.0,0.0,0.0,0.0,0.0,0.0,0.0,0.0,0.0,0.0,0.0,0.0,0.0,0.0,0.0,0.0,0.0,0.0,0.0,0.0,0.0,0.0,0.0,0.0,0.0,0.0,0.0,0.0,0.0,0.0,0.0,0.0,0.0,0.0,0.0,0.0,0.0,0.0,0.0,0.0,0.0,0.0,0.0,0.0,0.0,0.0,0.0,0.0,0.0,0.0,0.0,0.0,0.0,0.0,0.0,0.0,0.0,0.0,0.0,0.0,0.0,0.0,0.0,0.0,0.0,0.0,0.0,0.0,0.0,0.0,0.0,0.0,0.0,0.0,0.0,0.0,0.0,0.0,0.0,0.0,0.0,0.0,0.0,0.0,0.0,0.0,0.0,0.0,0.0,0.0,0.0,0.0,0.0,0.0,0.0,0.0,0.0,0.0,0.0,0.0,0.0,0.0,0.0,0.0,0.0,0.0,0.0,0.0,0.0,0.0,0.0,0.0,0.0,0.0,0.0,0.0,0.0,0.0,0.0,0.0,0.0,0.0,0.0,0.0,0.0,0.0,0.0,0.0,0.0,0.0,0.0,0.0,0.0,0.0,0.0,0.0,0.0,0.0,0.0,0.0,0.0,0.0,0.0,0.0,0.0,0.0,0.0,0.0,0.0,0.0,0.0,0.0,0.0,0.0,0.0,0.0,0.0,0.0,0.0,0.0,0.0,0.0,0.0,0.0,0.0,0.0,0.0,0.0,0.0,0.0,0.0,0.0,0.0,0.0,0.0,0.0,0.0,0.0,0.0,0.0,0.0,0.0,0.0
Tax28,0.0,-0.11842384,-0.10265003,-0.08078593,-0.054712873,-0.026147846,0.0040552844,0.035057567,0.06474939,0.09509719,0.12456575,0.15278819,0.17941338,0.20426229,0.22755368,0.24843113,0.26526508,0.28121758,0.2944976,0.30632728,0.32335907,0.33592787,0.34761617,0.35984972,0.36957848,0.37952325,0.385648,0.39491007,0.41005954,0.41293922,0.42797318,0.4336488,0.45239866,0.45316806,0.46636185,0.47892737,0.49452657,0.50461495,0.5065135,0.51411736,0.5220668,0.53178173,0.5568836,0.58533955,0.5850097,0.61423683,0.6315442,0.63467747,0.6265254,0.6307775,0.627652,0.6280202,0.6156106,0.6376193,0.65412575,0.6727308,0.6653185,0.6439768,0.6058806,0.59499085,0.57133955,0.5351729,0.5168407,0.48697215,0.49897408,0.5021522,0.4043504,0.4156925,0.53133816,0.54204154,0.548819,0.55054367,0.54870796,0.44592977,0.55526555,0.452484,0.4576374,0.47211272,0.4724754,0.48073015,0.48291618,0.48602885,0.48713702,0.49380347,0.50524616,0.51044697,0.6179028,0.6140566,0.6178065,0.6272111,0.63587767,0.6503235,0.63980615,0.62698424,0.60641456,0.5790854,0.58719146,0.5877729,0.5553095,0.5654661,0.5389481,0.548978,0.53997475,0.5432399,0.5334533,0.52918655,0.5258129,0.5339864,0.5189988,0.5115165,0.48912874,0.4835924,0.49446768,0.47819257,0.46641445,0.3475277,0.41106972,0.40626705,0.41330972,0.40757862,0.39945778,0.39275566,0.388572,0.36834806,0.37709895,0.35752368,0.3484823,0.3245832,0.3053869,0.3035615,0.27503243,0.25545996,0.23087966,0.20542765,0.18677078,0.17009114,0.15718187,0.14042255,0.12970303,0.118687555,0.104265936,0.08629933,0.069249146,0.05504041,0.0480172,0.04199668,0.038171746,0.029181423,0.022886364,0.015790548,0.012376277,0.010679103,0.016297124,0.02287216,0.027901791,0.03254474,0.035007432,0.037042588,0.037036534,0.035738148,0.035331093,0.033348322,0.031352155,0.028685289,0.026966337,0.023263518,0.020479849,0.021251936,0.020209597,0.016740326,0.014792862,0.014027017,0.014087786,0.01334536,0.016962944,0.01730408,0.013766625,0.01096444,0.011890096,0.013086626,0.013287465,0.010722891,0.0058058035,0.0004874422,-0.0031556506,-0.005608131,-0.009668714,-0.01349694,-0.014336169,-0.015616627,-0.015222081,-0.015466053,-0.016296443,-0.016857425,-0.015773172,-0.0150334025,-0.015844518,-0.016569698,-0.015854942,-0.013436834,-0.013968425,-0.014408722,-0.014680722,-0.014993895,-0.014233861,-0.014861017,-0.013509205,-0.013795282,-0.012304554,-0.010627016,-0.009224018,-0.009348466,-0.009397616,-0.009389172,-0.009420201,-0.009493698,-0.008332327,-0.0068679973,-0.00692148,-0.0069493493,-0.0050964043,-0.0034397915,-0.0034493695,-0.0034613712,-0.0034733042,-0.0034793147,-0.0034779743,-0.003482145,-0.0017731661,-0.0017676345,-0.0017557025,0.0,0.0,0.0,0.0,0.0,0.0,0.0,0.0,0.0,0.0,0.0,0.0,0.0,0.0,0.0,0.0,0.0,0.0,0.0,0.0,0.0,0.0,0.0,0.0,0.0,0.0,0.0,0.0,0.0,0.0,0.0,0.0,0.0,0.0,0.0,0.0,0.0,0.0,0.0,0.0,0.0,0.0,0.0,0.0,0.0,0.0,0.0,0.0,0.0,0.0,0.0,0.0,0.0,0.0,0.0,0.0,0.0,0.0,0.0,0.0,0.0,0.0,0.0,0.0,0.0,0.0,0.0,0.0,0.0,0.0,0.0,0.0,0.0,0.0,0.0,0.0,0.0,0.0,0.0,0.0,0.0,0.0,0.0,0.0,0.0,0.0,0.0,0.0,0.0,0.0,0.0,0.0,0.0,0.0,0.0,0.0,0.0,0.0,0.0,0.0,0.0,0.0,0.0,0.0,0.0,0.0,0.0,0.0,0.0,0.0,0.0,0.0,0.0,0.0,0.0,0.0,0.0,0.0,0.0,0.0,0.0,0.0,0.0,0.0,0.0,0.0,0.0,0.0,0.0,0.0,0.0,0.0,0.0,0.0,0.0,0.0,0.0,0.0,0.0,0.0,0.0,0.0,0.0,0.0,0.0,0.0,0.0,0.0,0.0,0.0,0.0,0.0,0.0,0.0,0.0,0.0,0.0,0.0,0.0,0.0,0.0,0.0,0.0,0.0,0.0,0.0,0.0,0.0,0.0,0.0,0.0,0.0,0.0,0.0,0.0,0.0,0.0,0.0,0.0,0.0,0.0,0.0,0.0,0.0,0.0,0.0,0.0,0.0,0.0,0.0,0.0,0.0,0.0,0.0,0.0,0.0,0.0,0.0,0.0,0.0,0.0,0.0,0.0,0.0,0.0,0.0,0.0,0.0,0.0,0.0,0.0,0.0,0.0,0.0,0.0,0.0,0.0,0.0,0.0,0.0,0.0,0.0,0.0,0.0,0.0,0.0,0.0,0.0,0.0,0.0,0.0,0.0,0.0,0.0,0.0,0.0,0.0,0.0,0.0,0.0,0.0,0.0,0.0,0.0,0.0,0.0,0.0,0.0,0.0,0.0,0.0,0.0,0.0,0.0,0.0,0.0,0.0,0.0,0.0,0.0,0.0,0.0,0.0,0.0,0.0,0.0,0.0,0.0,0.0,0.0,0.0,0.0,0.0,0.0,0.0,0.0,0.0,0.0,0.0,0.0,0.0,0.0,0.0,0.0,0.0,0.0,0.0,0.0,0.0,0.0,0.0,0.0,0.0,0.0,0.0,0.0,0.0,0.0,0.0,0.0,0.0,0.0,0.0,0.0,0.0,0.0,0.0,0.0,0.0,0.0,0.0,0.0,0.0,0.0,0.0,0.0,0.0,0.0,0.0,0.0,0.0,0.0,0.0,0.0,0.0,0.0,0.0,0.0,0.0,0.0,0.0,0.0,0.0,0.0,0.0,0.0,0.0,0.0,0.0,0.0,0.0,0.0,0.0,0.0,0.0,0.0,0.0,0.0,0.0,0.0,0.0,0.0,0.0,0.0,0.0,0.0,0.0,0.0,0.0,0.0,0.0,0.0,0.0,0.0,0.0,0.0,0.0,0.0,0.0,0.0,0.0,0.0,0.0,0.0,0.0,0.0,0.0,0.0,0.0,0.0,0.0,0.0,0.0,0.0,0.0,0.0,0.0,0.0,0.0,0.0,0.0,0.0,0.0,0.0,0.0,0.0,0.0,0.0,0.0,0.0,0.0,0.0,0.0,0.0,0.0,0.0,0.0,0.0,0.0,0.0,0.0,0.0,0.0,0.0,0.0,0.0,0.0,0.0,0.0,0.0,0.0,0.0,0.0,0.0,0.0,0.0,0.0,0.0,0.0,0.0,0.0,0.0,0.0,0.0,0.0,0.0,0.0,0.0,0.0,0.0,0.0,0.0,0.0,0.0,0.0,0.0,0.0,0.0,0.0,0.0,0.0,0.0,0.0,0.0,0.0,0.0,0.0,0.0,0.0,0.0,0.0,0.0,0.0,0.0,0.0,0.0,0.0,0.0,0.0,0.0,0.0,0.0,0.0,0.0,0.0,0.0,0.0,0.0,0.0,0.0,0.0,0.0,0.0,0.0,0.0,0.0,0.0,0.0,0.0,0.0,0.0,0.0,0.0,0.0,0.0,0.0,0.0,0.0,0.0,0.0,0.0,0.0,0.0,0.0,0.0,0.0,0.0,0.0,0.0,0.0,0.0,0.0,0.0,0.0,0.0,0.0,0.0,0.0,0.0,0.0,0.0,0.0,0.0,0.0,0.0,0.0,0.0,0.0,0.0,0.0,0.0,0.0,0.0,0.0,0.0,0.0,0.0,0.0,0.0,0.0,0.0,0.0,0.0,0.0,0.0,0.0,0.0,0.0,0.0,0.0,0.0,0.0,0.0,0.0,0.0,0.0,0.0,0.0,0.0,0.0,0.0,0.0,0.0,0.0,0.0,0.0,0.0,0.0,0.0,0.0,0.0,0.0,0.0,0.0,0.0,0.0,0.0,0.0,0.0,0.0,0.0,0.0,0.0,0.0,0.0,0.0,0.0,0.0,0.0,0.0,0.0,0.0,0.0,0.0,0.0,0.0,0.0,0.0,0.0,0.0,0.0,0.0,0.0,0.0,0.0,0.0,0.0,0.0,0.0,0.0,0.0,0.0,0.0,0.0,0.0,0.0,0.0,0.0,0.0,0.0,0.0,0.0,0.0,0.0,0.0,0.0,0.0,0.0,0.0,0.0,0.0,0.0,0.0,0.0,0.0,0.0,0.0,0.0,0.0,0.0,0.0,0.0,0.0,0.0,0.0,0.0,0.0,0.0,0.0,0.0,0.0,0.0,0.0,0.0,0.0,0.0,0.0,0.0,0.0,0.0,0.0,0.0,0.0,0.0,0.0,0.0,0.0,0.0,0.0,0.0,0.0,0.0,0.0,0.0,0.0,0.0,0.0,0.0,0.0,0.0,0.0,0.0,0.0,0.0,0.0,0.0,0.0,0.0,0.0,0.0,0.0,0.0,0.0,0.0,0.0,0.0,0.0,0.0,0.0,0.0,0.0,0.0,0.0,0.0,0.0,0.0,0.0,0.0,0.0,0.0,0.0,0.0,0.0,0.0,0.0,0.0,0.0,0.0,0.0,0.0,0.0,0.0,0.0,0.0,0.0,0.0,0.0,0.0,0.0,0.0,0.0,0.0,0.0,0.0,0.0,0.0,0.0,0.0,0.0,0.0,0.0,0.0,0.0,0.0,0.0,0.0,0.0,0.0,0.0,0.0,0.0,0.0,0.0,0.0,0.0,0.0,0.0,0.0,0.0,0.0,0.0,0.0,0.0,0.0,0.0,0.0,0.0,0.0,0.0,0.0,0.0,0.0,0.0,0.0,0.0,0.0,0.0,0.0,0.0,0.0,0.0,0.0,0.0,0.0,0.0,0.0,0.0,0.0,0.0,0.0,0.0,0.0,0.0,0.0,0.0,0.0,0.0,0.0,0.0,0.0,0.0,0.0,0.0,0.0,0.0,0.0,0.0,0.0,0.0,0.0,0.0,0.0,0.0,0.0,0.0,0.0,0.0,0.0,0.0,0.0,0.0,0.0,0.0,0.0,0.0,0.0,0.0,0.0,0.0,0.0,0.0,0.0,0.0,0.0,0.0,0.0,0.0,0.0,0.0,0.0,0.0,0.0,0.0,0.0,0.0,0.0,0.0,0.0,0.0,0.0,0.0,0.0,0.0,0.0,0.0,0.0,0.0,0.0,0.0,0.0,0.0,0.0,0.0,0.0,0.0,0.0,0.0,0.0,0.0,0.0,0.0,0.0,0.0,0.0,0.0,0.0,0.0,0.0,0.0,0.0,0.0,0.0,0.0,0.0,0.0,0.0,0.0,0.0,0.0,0.0,0.0,0.0,0.0,0.0,0.0,0.0,0.0,0.0,0.0,0.0,0.0,0.0,0.0,0.0,0.0,0.0,0.0,0.0,0.0,0.0,0.0,0.0,0.0,0.0,0.0,0.0,0.0,0.0,0.0,0.0,0.0,0.0,0.0,0.0,0.0,0.0,0.0,0.0,0.0,0.0,0.0,0.0,0.0,0.0,0.0,0.0,0.0,0.0,0.0,0.0,0.0,0.0,0.0,0.0,0.0,0.0,0.0,0.0,0.0,0.0,0.0,0.0,0.0,0.0,0.0,0.0,0.0,0.0,0.0,0.0,0.0,0.0,0.0,0.0,0.0,0.0,0.0,0.0,0.0,0.0,0.0,0.0,0.0,0.0,0.0,0.0,0.0,0.0,0.0,0.0,0.0,0.0,0.0,0.0,0.0,0.0,0.0,0.0,0.0,0.0,0.0,0.0,0.0,0.0,0.0,0.0,0.0,0.0,0.0,0.0,0.0,0.0,0.0,0.0,0.0,0.0,0.0,0.0,0.0,0.0,0.0,0.0,0.0,0.0,0.0,0.0,0.0,0.0,0.0,0.0,0.0,0.0,0.0,0.0,0.0,0.0,0.0,0.0,0.0,0.0,0.0,0.0,0.0,0.0,0.0,0.0,0.0,0.0,0.0,0.0,0.0,0.0,0.0,0.0,0.0,0.0,0.0,0.0,0.0,0.0,0.0,0.0,0.0,0.0,0.0,0.0,0.0,0.0,0.0,0.0,0.0,0.0,0.0,0.0,0.0,0.0,0.0,0.0,0.0,0.0,0.0,0.0,0.0,0.0,0.0,0.0,0.0,0.0,0.0,0.0,0.0,0.0,0.0,0.0,0.0,0.0,0.0,0.0,0.0,0.0,0.0,0.0,0.0,0.0,0.0,0.0,0.0,0.0,0.0,0.0,0.0,0.0,0.0,0.0,0.0,0.0,0.0,0.0,0.0,0.0,0.0,0.0,0.0,0.0,0.0,0.0,0.0,0.0,0.0,0.0,0.0,0.0,0.0,0.0,0.0,0.0,0.0,0.0,0.0,0.0,0.0,0.0,0.0,0.0,0.0,0.0,0.0,0.0,0.0,0.0,0.0,0.0,0.0,0.0,0.0,0.0,0.0,0.0,0.0,0.0,0.0,0.0,0.0,0.0,0.0,0.0,0.0,0.0,0.0,0.0,0.0,0.0,0.0,0.0,0.0,0.0,0.0,0.0,0.0,0.0,0.0,0.0,0.0,0.0,0.0,0.0,0.0,0.0,0.0,0.0,0.0,0.0,0.0,0.0,0.0,0.0,0.0,0.0,0.0,0.0,0.0,0.0,0.0,0.0,0.0,0.0,0.0,0.0,0.0,0.0,0.0,0.0,0.0,0.0,0.0,0.0,0.0,0.0,0.0,0.0,0.0,0.0,0.0,0.0,0.0,0.0,0.0,0.0,0.0,0.0,0.0,0.0,0.0,0.0,0.0,0.0,0.0,0.0,0.0,0.0,0.0,0.0,0.0,0.0,0.0,0.0,0.0,0.0,0.0,0.0,0.0,0.0,0.0,0.0,0.0,0.0,0.0,0.0,0.0,0.0,0.0,0.0,0.0,0.0,0.0,0.0,0.0,0.0,0.0,0.0,0.0,0.0,0.0,0.0,0.0,0.0,0.0,0.0,0.0,0.0,0.0,0.0,0.0,0.0,0.0,0.0,0.0,0.0,0.0,0.0,0.0,0.0,0.0,0.0,0.0,0.0,0.0,0.0,0.0,0.0,0.0,0.0,0.0,0.0,0.0,0.0,0.0,0.0,0.0,0.0,0.0,0.0,0.0,0.0,0.0,0.0,0.0,0.0,0.0,0.0,0.0,0.0,0.0,0.0,0.0,0.0,0.0,0.0,0.0,0.0,0.0,0.0,0.0,0.0,0.0,0.0,0.0,0.0,0.0,0.0,0.0,0.0,0.0,0.0,0.0,0.0,0.0,0.0,0.0,0.0,0.0,0.0,0.0,0.0,0.0,0.0,0.0,0.0,0.0,0.0,0.0,0.0,0.0,0.0,0.0,0.0,0.0,0.0,0.0,0.0,0.0,0.0,0.0,0.0,0.0,0.0,0.0,0.0,0.0,0.0,0.0,0.0,0.0,0.0,0.0,0.0,0.0,0.0,0.0,0.0,0.0,0.0,0.0,0.0,0.0,0.0,0.0,0.0,0.0,0.0,0.0,0.0,0.0,0.0,0.0,0.0,0.0,0.0,0.0,0.0,0.0,0.0,0.0,0.0,0.0,0.0,0.0,0.0,0.0,0.0,0.0,0.0,0.0,0.0,0.0,0.0,0.0,0.0,0.0,0.0,0.0,0.0,0.0,0.0,0.0,0.0,0.0,0.0,0.0,0.0,0.0,0.0,0.0,0.0,0.0,0.0,0.0,0.0,0.0,0.0,0.0,0.0,0.0,0.0,0.0,0.0,0.0,0.0,0.0,0.0,0.0,0.0,0.0,0.0,0.0,0.0,0.0,0.0,0.0,0.0,0.0,0.0,0.0,0.0,0.0,0.0,0.0,0.0,0.0,0.0,0.0,0.0,0.0,0.0,0.0,0.0,0.0,0.0,0.0,0.0,0.0,0.0,0.0,0.0,0.0,0.0,0.0,0.0,0.0,0.0,0.0,0.0,0.0,0.0,0.0,0.0,0.0,0.0,0.0,0.0,0.0,0.0,0.0,0.0,0.0,0.0,0.0,0.0,0.0,0.0,0.0,0.0,0.0,0.0,0.0,0.0,0.0,0.0,0.0,0.0,0.0,0.0,0.0,0.0,0.0,0.0,0.0,0.0,0.0,0.0,0.0,0.0,0.0,0.0,0.0,0.0,0.0,0.0,0.0,0.0,0.0,0.0,0.0,0.0,0.0,0.0,0.0,0.0,0.0,0.0,0.0,0.0,0.0,0.0,0.0,0.0,0.0,0.0,0.0,0.0,0.0,0.0,0.0,0.0,0.0,0.0,0.0,0.0,0.0,0.0,0.0,0.0,0.0,0.0,0.0,0.0,0.0,0.0,0.0,0.0,0.0,0.0,0.0,0.0,0.0,0.0,0.0,0.0,0.0,0.0,0.0,0.0,0.0,0.0,0.0,0.0,0.0,0.0,0.0,0.0,0.0,0.0,0.0,0.0,0.0,0.0,0.0,0.0,0.0,0.0,0.0,0.0,0.0,0.0,0.0,0.0,0.0,0.0,0.0,0.0,0.0,0.0,0.0,0.0,0.0,0.0,0.0,0.0,0.0,0.0,0.0,0.0,0.0,0.0,0.0,0.0,0.0,0.0,0.0,0.0,0.0,0.0,0.0,0.0,0.0,0.0,0.0,0.0,0.0,0.0,0.0,0.0,0.0,0.0,0.0,0.0,0.0,0.0,0.0,0.0,0.0,0.0,0.0,0.0,0.0,0.0,0.0,0.0,0.0,0.0,0.0,0.0,0.0,0.0,0.0,0.0,0.0,0.0,0.0,0.0,0.0,0.0,0.0,0.0,0.0,0.0,0.0,0.0,0.0,0.0,0.0,0.0,0.0,0.0,0.0,0.0,0.0,0.0,0.0,0.0,0.0,0.0,0.0,0.0,0.0,0.0,0.0,0.0,0.0,0.0,0.0,0.0,0.0,0.0,0.0,0.0,0.0,0.0,0.0,0.0,0.0,0.0,0.0,0.0,0.0,0.0,0.0,0.0,0.0,0.0,0.0,0.0,0.0,0.0,0.0,0.0,0.0,0.0,0.0,0.0,0.0,0.0,0.0,0.0,0.0,0.0,0.0,0.0,0.0,0.0,0.0,0.0,0.0,0.0,0.0,0.0,0.0,0.0,0.0,0.0,0.0,0.0,0.0,0.0,0.0,0.0,0.0,0.0,0.0,0.0,0.0,0.0,0.0,0.0,0.0,0.0,0.0,0.0,0.0,0.0,0.0,0.0,0.0,0.0,0.0,0.0,0.0,0.0,0.0,0.0,0.0,0.0,0.0,0.0,0.0,0.0,0.0,0.0,0.0,0.0,0.0,0.0,0.0,0.0,0.0,0.0,0.0,0.0,0.0,0.0,0.0,0.0,0.0,0.0,0.0,0.0,0.0,0.0,0.0,0.0,0.0,0.0,0.0,0.0,0.0,0.0,0.0,0.0,0.0,0.0,0.0,0.0,0.0,0.0,0.0,0.0,0.0,0.0,0.0,0.0,0.0,0.0,0.0,0.0,0.0,0.0,0.0,0.0,0.0,0.0,0.0,0.0,0.0,0.0,0.0,0.0,0.0,0.0,0.0,0.0,0.0,0.0,0.0,0.0,0.0,0.0,0.0,0.0,0.0,0.0,0.0,0.0,0.0,0.0,0.0,0.0,0.0,0.0,0.0,0.0,0.0,0.0,0.0,0.0,0.0,0.0,0.0,0.0,0.0,0.0,0.0,0.0,0.0,0.0,0.0,0.0,0.0,0.0,0.0,0.0,0.0,0.0,0.0,0.0,0.0,0.0,0.0,0.0,0.0,0.0,0.0,0.0,0.0,0.0,0.0,0.0,0.0,0.0,0.0,0.0,0.0,0.0,0.0,0.0,0.0,0.0,0.0,0.0,0.0,0.0,0.0,0.0,0.0,0.0,0.0,0.0,0.0,0.0,0.0,0.0,0.0,0.0,0.0,0.0,0.0,0.0,0.0,0.0,0.0,0.0,0.0,0.0,0.0,0.0,0.0,0.0,0.0,0.0,0.0,0.0,0.0,0.0,0.0,0.0,0.0,0.0,0.0,0.0,0.0,0.0,0.0,0.0,0.0,0.0,0.0,0.0,0.0,0.0,0.0,0.0,0.0,0.0,0.0,0.0,0.0,0.0,0.0,0.0,0.0,0.0,0.0,0.0,0.0,0.0,0.0,0.0,0.0,0.0,0.0,0.0,0.0,0.0,0.0,0.0,0.0,0.0,0.0,0.0,0.0,0.0,0.0,0.0,0.0,0.0,0.0,0.0,0.0,0.0,0.0,0.0,0.0,0.0,0.0,0.0,0.0,0.0,0.0,0.0,0.0,0.0,0.0,0.0,0.0,0.0,0.0,0.0,0.0,0.0,0.0,0.0,0.0,0.0,0.0,0.0,0.0,0.0,0.0,0.0,0.0,0.0,0.0,0.0,0.0,0.0,0.0,0.0,0.0,0.0,0.0,0.0,0.0,0.0,0.0,0.0,0.0,0.0,0.0,0.0,0.0,0.0,0.0,0.0,0.0,0.0,0.0,0.0,0.0,0.0,0.0,0.0,0.0,0.0,0.0,0.0,0.0,0.0,0.0,0.0,0.0,0.0,0.0,0.0,0.0,0.0,0.0,0.0,0.0,0.0,0.0,0.0,0.0,0.0,0.0,0.0,0.0,0.0,0.0,0.0,0.0,0.0,0.0,0.0,0.0,0.0,0.0,0.0,0.0,0.0,0.0,0.0,0.0,0.0,0.0,0.0,0.0,0.0,0.0,0.0,0.0,0.0,0.0,0.0,0.0,0.0,0.0,0.0,0.0,0.0,0.0,0.0,0.0,0.0,0.0,0.0,0.0,0.0,0.0,0.0,0.0,0.0,0.0,0.0,0.0,0.0,0.0,0.0,0.0,0.0,0.0,0.0,0.0,0.0,0.0,0.0,0.0,0.0,0.0,0.0,0.0,0.0,0.0,0.0,0.0,0.0,0.0,0.0,0.0,0.0,0.0,0.0,0.0,0.0,0.0,0.0,0.0,0.0,0.0,0.0,0.0,0.0,0.0,0.0,0.0,0.0,0.0,0.0,0.0,0.0,0.0,0.0,0.0,0.0,0.0,0.0,0.0,0.0,0.0,0.0,0.0,0.0,0.0,0.0,0.0,0.0,0.0,0.0,0.0,0.0,0.0,0.0,0.0,0.0,0.0,0.0,0.0,0.0,0.0,0.0,0.0,0.0,0.0,0.0,0.0,0.0,0.0,0.0,0.0,0.0,0.0,0.0,0.0,0.0,0.0,0.0,0.0,0.0,0.0,0.0,0.0,0.0,0.0,0.0,0.0,0.0,0.0,0.0,0.0,0.0,0.0,0.0,0.0,0.0,0.0,0.0,0.0,0.0,0.0,0.0,0.0,0.0,0.0,0.0,0.0,0.0,0.0,0.0,0.0,0.0,0.0,0.0,0.0,0.0,0.0,0.0,0.0,0.0,0.0,0.0,0.0,0.0,0.0,0.0,0.0,0.0,0.0,0.0,0.0,0.0,0.0,0.0,0.0,0.0,0.0,0.0,0.0,0.0,0.0,0.0,0.0,0.0,0.0,0.0,0.0,0.0,0.0,0.0,0.0,0.0,0.0,0.0,0.0,0.0,0.0,0.0,0.0,0.0,0.0,0.0,0.0,0.0,0.0,0.0,0.0,0.0,0.0,0.0,0.0,0.0,0.0,0.0,0.0,0.0,0.0,0.0,0.0,0.0,0.0,0.0,0.0,0.0,0.0,0.0,0.0,0.0,0.0,0.0,0.0,0.0,0.0,0.0,0.0,0.0,0.0,0.0,0.0,0.0,0.0,0.0,0.0,0.0,0.0,0.0,0.0,0.0,0.0,0.0,0.0,0.0,0.0,0.0,0.0,0.0,0.0,0.0,0.0,0.0,0.0,0.0,0.0,0.0,0.0,0.0,0.0,0.0,0.0,0.0,0.0,0.0,0.0,0.0,0.0,0.0,0.0,0.0,0.0,0.0,0.0,0.0,0.0,0.0,0.0,0.0,0.0,0.0,0.0,0.0,0.0,0.0,0.0,0.0,0.0,0.0,0.0,0.0,0.0,0.0,0.0,0.0,0.0,0.0,0.0,0.0,0.0,0.0,0.0,0.0,0.0,0.0,0.0,0.0,0.0,0.0,0.0,0.0,0.0,0.0,0.0,0.0,0.0,0.0,0.0,0.0,0.0,0.0,0.0,0.0,0.0,0.0,0.0,0.0,0.0,0.0,0.0,0.0,0.0,0.0,0.0,0.0,0.0,0.0,0.0,0.0,0.0,0.0,0.0,0.0,0.0,0.0,0.0,0.0,0.0,0.0,0.0,0.0,0.0,0.0,0.0,0.0,0.0,0.0,0.0,0.0,0.0,0.0,0.0,0.0,0.0,0.0,0.0,0.0,0.0,0.0,0.0,0.0,0.0,0.0,0.0,0.0,0.0,0.0,0.0,0.0,0.0,0.0,0.0,0.0,0.0,0.0,0.0,0.0,0.0,0.0,0.0,0.0,0.0,0.0,0.0,0.0,0.0,0.0,0.0,0.0,0.0,0.0,0.0,0.0,0.0,0.0,0.0,0.0,0.0,0.0,0.0,0.0,0.0,0.0,0.0,0.0,0.0,0.0,0.0,0.0,0.0,0.0,0.0,0.0,0.0,0.0,0.0,0.0,0.0,0.0,0.0,0.0,0.0,0.0,0.0,0.0,0.0,0.0,0.0,0.0,0.0,0.0,0.0,0.0,0.0,0.0,0.0,0.0,0.0,0.0,0.0,0.0,0.0,0.0,0.0,0.0,0.0,0.0,0.0,0.0,0.0,0.0,0.0,0.0,0.0,0.0,0.0,0.0,0.0,0.0,0.0,0.0,0.0,0.0,0.0,0.0,0.0,0.0,0.0,0.0,0.0,0.0,0.0,0.0,0.0,0.0,0.0,0.0,0.0,0.0,0.0,0.0,0.0,0.0,0.0,0.0,0.0,0.0,0.0,0.0,0.0,0.0,0.0,0.0,0.0,0.0,0.0,0.0,0.0,0.0,0.0,0.0,0.0,0.0,0.0,0.0,0.0,0.0,0.0,0.0,0.0,0.0,0.0,0.0,0.0,0.0,0.0,0.0,0.0,0.0,0.0,0.0,0.0,0.0,0.0,0.0,0.0,0.0,0.0,0.0,0.0,0.0,0.0,0.0,0.0,0.0,0.0,0.0,0.0,0.0,0.0,0.0,0.0,0.0,0.0,0.0,0.0,0.0
Tax29,0.0,-2.2193983,-1.6874579,-1.1027592,-0.48513833,0.15520063,0.8143538,1.4924328,2.191788,2.912202,3.6596901,4.439768,5.257355,6.1160026,6.975073,7.9072847,8.828012,9.855992,10.859918,11.8219185,12.901766,13.886219,15.100667,16.270184,17.485355,18.844362,20.215162,21.54251,23.100632,24.451227,25.854422,27.257633,29.141918,31.088299,32.588253,34.7503,36.532482,38.649364,40.71559,42.149536,43.817047,46.474094,49.933258,54.509865,57.224213,60.66439,64.77183,67.16127,69.67172,73.42887,76.078835,79.11583,83.33936,86.11012,89.72145,91.93799,94.372856,96.7837,98.62356,100.26567,99.501114,99.60923,100.05826,101.05872,104.71604,109.506836,89.242966,95.83555,129.25107,135.36469,143.043,150.0068,155.1089,126.000496,168.92862,138.36372,145.26541,153.89792,161.43092,169.91425,177.87128,186.00604,192.83954,203.12877,215.20456,228.55728,298.1852,307.3231,326.32635,339.07095,354.27222,370.61957,383.73102,395.95865,400.5199,404.52368,407.7579,418.1763,428.18402,437.7395,446.92786,454.65134,463.60562,473.29105,481.27408,484.6637,494.14987,504.68176,513.80804,522.42816,532.0764,542.815,548.80975,548.8984,545.33514,425.18628,434.11658,445.38217,449.7703,452.20474,452.53503,448.65445,445.09628,442.18024,437.74048,432.26703,423.60547,407.48834,392.04123,379.67303,366.67896,354.54764,343.0279,328.34747,311.08185,293.2083,276.2849,254.90385,234.32916,212.27762,188.71349,164.31638,143.6039,126.09901,110.41445,99.97798,87.61891,71.9953,57.09524,42.661713,33.249283,31.507595,45.065533,61.162716,73.773254,86.39517,97.68048,105.45734,109.95499,109.8367,110.33712,108.75394,102.35906,95.768936,91.67641,87.296196,86.18316,90.34726,87.87494,87.85144,90.20196,92.81076,93.16176,89.561485,100.67381,106.18651,101.03824,97.139435,98.77966,107.64283,111.19784,106.49563,84.95736,61.37013,44.523323,31.76779,19.147259,8.117222,1.0273635,-7.194337,-14.116681,-20.161043,-23.488,-25.133764,-27.24646,-28.495872,-30.158466,-31.410051,-31.27346,-31.102854,-31.042015,-30.453503,-29.46943,-28.739656,-28.091698,-27.586327,-26.518044,-25.179964,-24.022123,-22.390896,-20.743961,-18.87789,-17.067192,-15.206004,-13.838116,-12.653453,-11.441139,-10.1400385,-9.176988,-8.356093,-7.438722,-6.6858697,-6.027164,-5.2862325,-4.603909,-4.114714,-3.6663618,-3.1555047,-2.8769796,-2.608488,-2.348018,-2.044934,-1.8520372,-1.6530397,-1.4252323,-1.333302,-1.1663145,-1.067625,-0.944278,-0.8373988,-0.7341345,-0.68354076,-0.5737129,-0.5196455,-0.44663763,-0.41385353,-0.38760972,-0.2981769,-0.25761145,-0.21888801,-0.21440649,-0.20202538,-0.18696588,-0.1562616,-0.13589907,-0.118767664,-0.080372885,-0.07247163,-0.056863684,-0.048865467,-0.03790385,-0.028061613,-0.019233298,-0.018812317,-0.01843477,-0.0180262,-0.008785481,-0.0086284615,-0.008479934,-0.008321859,-0.008147949,-0.007961797,-0.0077996403,-0.0076390607,0.0,0.0,0.0,0.0,0.0,0.0,0.0,0.0,0.0,0.0,0.0,0.0,0.0,0.0,0.0,0.0,0.0,0.0,0.0,0.0,0.0,0.0,0.0,0.0,0.0,0.0,0.0,0.0,0.0,0.0,0.0,0.0,0.0,0.0,0.0,0.0,0.0,0.0,0.0,0.0,0.0,0.0,0.0,0.0,0.0,0.0,0.0,0.0,0.0,0.0,0.0,0.0,0.0,0.0,0.0,0.0,0.0,0.0,0.0,0.0,0.0,0.0,0.0,0.0,0.0,0.0,0.0,0.0,0.0,0.0,0.0,0.0,0.0,0.0,0.0,0.0,0.0,0.0,0.0,0.0,0.0,0.0,0.0,0.0,0.0,0.0,0.0,0.0,0.0,0.0,0.0,0.0,0.0,0.0,0.0,0.0,0.0,0.0,0.0,0.0,0.0,0.0,0.0,0.0,0.0,0.0,0.0,0.0,0.0,0.0,0.0,0.0,0.0,0.0,0.0,0.0,0.0,0.0,0.0,0.0,0.0,0.0,0.0,0.0,0.0,0.0,0.0,0.0,0.0,0.0,0.0,0.0,0.0,0.0,0.0,0.0,0.0,0.0,0.0,0.0,0.0,0.0,0.0,0.0,0.0,0.0,0.0,0.0,0.0,0.0,0.0,0.0,0.0,0.0,0.0,0.0,0.0,0.0,0.0,0.0,0.0,0.0,0.0,0.0,0.0,0.0,0.0,0.0,0.0,0.0,0.0,0.0,0.0,0.0,0.0,0.0,0.0,0.0,0.0,0.0,0.0,0.0,0.0,0.0,0.0,0.0,0.0,0.0,0.0,0.0,0.0,0.0,0.0,0.0,0.0,0.0,0.0,0.0,0.0,0.0,0.0,0.0,0.0,0.0,0.0,0.0,0.0,0.0,0.0,0.0,0.0,0.0,0.0,0.0,0.0,0.0,0.0,0.0,0.0,0.0,0.0,0.0,0.0,0.0,0.0,0.0,0.0,0.0,0.0,0.0,0.0,0.0,0.0,0.0,0.0,0.0,0.0,0.0,0.0,0.0,0.0,0.0,0.0,0.0,0.0,0.0,0.0,0.0,0.0,0.0,0.0,0.0,0.0,0.0,0.0,0.0,0.0,0.0,0.0,0.0,0.0,0.0,0.0,0.0,0.0,0.0,0.0,0.0,0.0,0.0,0.0,0.0,0.0,0.0,0.0,0.0,0.0,0.0,0.0,0.0,0.0,0.0,0.0,0.0,0.0,0.0,0.0,0.0,0.0,0.0,0.0,0.0,0.0,0.0,0.0,0.0,0.0,0.0,0.0,0.0,0.0,0.0,0.0,0.0,0.0,0.0,0.0,0.0,0.0,0.0,0.0,0.0,0.0,0.0,0.0,0.0,0.0,0.0,0.0,0.0,0.0,0.0,0.0,0.0,0.0,0.0,0.0,0.0,0.0,0.0,0.0,0.0,0.0,0.0,0.0,0.0,0.0,0.0,0.0,0.0,0.0,0.0,0.0,0.0,0.0,0.0,0.0,0.0,0.0,0.0,0.0,0.0,0.0,0.0,0.0,0.0,0.0,0.0,0.0,0.0,0.0,0.0,0.0,0.0,0.0,0.0,0.0,0.0,0.0,0.0,0.0,0.0,0.0,0.0,0.0,0.0,0.0,0.0,0.0,0.0,0.0,0.0,0.0,0.0,0.0,0.0,0.0,0.0,0.0,0.0,0.0,0.0,0.0,0.0,0.0,0.0,0.0,0.0,0.0,0.0,0.0,0.0,0.0,0.0,0.0,0.0,0.0,0.0,0.0,0.0,0.0,0.0,0.0,0.0,0.0,0.0,0.0,0.0,0.0,0.0,0.0,0.0,0.0,0.0,0.0,0.0,0.0,0.0,0.0,0.0,0.0,0.0,0.0,0.0,0.0,0.0,0.0,0.0,0.0,0.0,0.0,0.0,0.0,0.0,0.0,0.0,0.0,0.0,0.0,0.0,0.0,0.0,0.0,0.0,0.0,0.0,0.0,0.0,0.0,0.0,0.0,0.0,0.0,0.0,0.0,0.0,0.0,0.0,0.0,0.0,0.0,0.0,0.0,0.0,0.0,0.0,0.0,0.0,0.0,0.0,0.0,0.0,0.0,0.0,0.0,0.0,0.0,0.0,0.0,0.0,0.0,0.0,0.0,0.0,0.0,0.0,0.0,0.0,0.0,0.0,0.0,0.0,0.0,0.0,0.0,0.0,0.0,0.0,0.0,0.0,0.0,0.0,0.0,0.0,0.0,0.0,0.0,0.0,0.0,0.0,0.0,0.0,0.0,0.0,0.0,0.0,0.0,0.0,0.0,0.0,0.0,0.0,0.0,0.0,0.0,0.0,0.0,0.0,0.0,0.0,0.0,0.0,0.0,0.0,0.0,0.0,0.0,0.0,0.0,0.0,0.0,0.0,0.0,0.0,0.0,0.0,0.0,0.0,0.0,0.0,0.0,0.0,0.0,0.0,0.0,0.0,0.0,0.0,0.0,0.0,0.0,0.0,0.0,0.0,0.0,0.0,0.0,0.0,0.0,0.0,0.0,0.0,0.0,0.0,0.0,0.0,0.0,0.0,0.0,0.0,0.0,0.0,0.0,0.0,0.0,0.0,0.0,0.0,0.0,0.0,0.0,0.0,0.0,0.0,0.0,0.0,0.0,0.0,0.0,0.0,0.0,0.0,0.0,0.0,0.0,0.0,0.0,0.0,0.0,0.0,0.0,0.0,0.0,0.0,0.0,0.0,0.0,0.0,0.0,0.0,0.0,0.0,0.0,0.0,0.0,0.0,0.0,0.0,0.0,0.0,0.0,0.0,0.0,0.0,0.0,0.0,0.0,0.0,0.0,0.0,0.0,0.0,0.0,0.0,0.0,0.0,0.0,0.0,0.0,0.0,0.0,0.0,0.0,0.0,0.0,0.0,0.0,0.0,0.0,0.0,0.0,0.0,0.0,0.0,0.0,0.0,0.0,0.0,0.0,0.0,0.0,0.0,0.0,0.0,0.0,0.0,0.0,0.0,0.0,0.0,0.0,0.0,0.0,0.0,0.0,0.0,0.0,0.0,0.0,0.0,0.0,0.0,0.0,0.0,0.0,0.0,0.0,0.0,0.0,0.0,0.0,0.0,0.0,0.0,0.0,0.0,0.0,0.0,0.0,0.0,0.0,0.0,0.0,0.0,0.0,0.0,0.0,0.0,0.0,0.0,0.0,0.0,0.0,0.0,0.0,0.0,0.0,0.0,0.0,0.0,0.0,0.0,0.0,0.0,0.0,0.0,0.0,0.0,0.0,0.0,0.0,0.0,0.0,0.0,0.0,0.0,0.0,0.0,0.0,0.0,0.0,0.0,0.0,0.0,0.0,0.0,0.0,0.0,0.0,0.0,0.0,0.0,0.0,0.0,0.0,0.0,0.0,0.0,0.0,0.0,0.0,0.0,0.0,0.0,0.0,0.0,0.0,0.0,0.0,0.0,0.0,0.0,0.0,0.0,0.0,0.0,0.0,0.0,0.0,0.0,0.0,0.0,0.0,0.0,0.0,0.0,0.0,0.0,0.0,0.0,0.0,0.0,0.0,0.0,0.0,0.0,0.0,0.0,0.0,0.0,0.0,0.0,0.0,0.0,0.0,0.0,0.0,0.0,0.0,0.0,0.0,0.0,0.0,0.0,0.0,0.0,0.0,0.0,0.0,0.0,0.0,0.0,0.0,0.0,0.0,0.0,0.0,0.0,0.0,0.0,0.0,0.0,0.0,0.0,0.0,0.0,0.0,0.0,0.0,0.0,0.0,0.0,0.0,0.0,0.0,0.0,0.0,0.0,0.0,0.0,0.0,0.0,0.0,0.0,0.0,0.0,0.0,0.0,0.0,0.0,0.0,0.0,0.0,0.0,0.0,0.0,0.0,0.0,0.0,0.0,0.0,0.0,0.0,0.0,0.0,0.0,0.0,0.0,0.0,0.0,0.0,0.0,0.0,0.0,0.0,0.0,0.0,0.0,0.0,0.0,0.0,0.0,0.0,0.0,0.0,0.0,0.0,0.0,0.0,0.0,0.0,0.0,0.0,0.0,0.0,0.0,0.0,0.0,0.0,0.0,0.0,0.0,0.0,0.0,0.0,0.0,0.0,0.0,0.0,0.0,0.0,0.0,0.0,0.0,0.0,0.0,0.0,0.0,0.0,0.0,0.0,0.0,0.0,0.0,0.0,0.0,0.0,0.0,0.0,0.0,0.0,0.0,0.0,0.0,0.0,0.0,0.0,0.0,0.0,0.0,0.0,0.0,0.0,0.0,0.0,0.0,0.0,0.0,0.0,0.0,0.0,0.0,0.0,0.0,0.0,0.0,0.0,0.0,0.0,0.0,0.0,0.0,0.0,0.0,0.0,0.0,0.0,0.0,0.0,0.0,0.0,0.0,0.0,0.0,0.0,0.0,0.0,0.0,0.0,0.0,0.0,0.0,0.0,0.0,0.0,0.0,0.0,0.0,0.0,0.0,0.0,0.0,0.0,0.0,0.0,0.0,0.0,0.0,0.0,0.0,0.0,0.0,0.0,0.0,0.0,0.0,0.0,0.0,0.0,0.0,0.0,0.0,0.0,0.0,0.0,0.0,0.0,0.0,0.0,0.0,0.0,0.0,0.0,0.0,0.0,0.0,0.0,0.0,0.0,0.0,0.0,0.0,0.0,0.0,0.0,0.0,0.0,0.0,0.0,0.0,0.0,0.0,0.0,0.0,0.0,0.0,0.0,0.0,0.0,0.0,0.0,0.0,0.0,0.0,0.0,0.0,0.0,0.0,0.0,0.0,0.0,0.0,0.0,0.0,0.0,0.0,0.0,0.0,0.0,0.0,0.0,0.0,0.0,0.0,0.0,0.0,0.0,0.0,0.0,0.0,0.0,0.0,0.0,0.0,0.0,0.0,0.0,0.0,0.0,0.0,0.0,0.0,0.0,0.0,0.0,0.0,0.0,0.0,0.0,0.0,0.0,0.0,0.0,0.0,0.0,0.0,0.0,0.0,0.0,0.0,0.0,0.0,0.0,0.0,0.0,0.0,0.0,0.0,0.0,0.0,0.0,0.0,0.0,0.0,0.0,0.0,0.0,0.0,0.0,0.0,0.0,0.0,0.0,0.0,0.0,0.0,0.0,0.0,0.0,0.0,0.0,0.0,0.0,0.0,0.0,0.0,0.0,0.0,0.0,0.0,0.0,0.0,0.0,0.0,0.0,0.0,0.0,0.0,0.0,0.0,0.0,0.0,0.0,0.0,0.0,0.0,0.0,0.0,0.0,0.0,0.0,0.0,0.0,0.0,0.0,0.0,0.0,0.0,0.0,0.0,0.0,0.0,0.0,0.0,0.0,0.0,0.0,0.0,0.0,0.0,0.0,0.0,0.0,0.0,0.0,0.0,0.0,0.0,0.0,0.0,0.0,0.0,0.0,0.0,0.0,0.0,0.0,0.0,0.0,0.0,0.0,0.0,0.0,0.0,0.0,0.0,0.0,0.0,0.0,0.0,0.0,0.0,0.0,0.0,0.0,0.0,0.0,0.0,0.0,0.0,0.0,0.0,0.0,0.0,0.0,0.0,0.0,0.0,0.0,0.0,0.0,0.0,0.0,0.0,0.0,0.0,0.0,0.0,0.0,0.0,0.0,0.0,0.0,0.0,0.0,0.0,0.0,0.0,0.0,0.0,0.0,0.0,0.0,0.0,0.0,0.0,0.0,0.0,0.0,0.0,0.0,0.0,0.0,0.0,0.0,0.0,0.0,0.0,0.0,0.0,0.0,0.0,0.0,0.0,0.0,0.0,0.0,0.0,0.0,0.0,0.0,0.0,0.0,0.0,0.0,0.0,0.0,0.0,0.0,0.0,0.0,0.0,0.0,0.0,0.0,0.0,0.0,0.0,0.0,0.0,0.0,0.0,0.0,0.0,0.0,0.0,0.0,0.0,0.0,0.0,0.0,0.0,0.0,0.0,0.0,0.0,0.0,0.0,0.0,0.0,0.0,0.0,0.0,0.0,0.0,0.0,0.0,0.0,0.0,0.0,0.0,0.0,0.0,0.0,0.0,0.0,0.0,0.0,0.0,0.0,0.0,0.0,0.0,0.0,0.0,0.0,0.0,0.0,0.0,0.0,0.0,0.0,0.0,0.0,0.0,0.0,0.0,0.0,0.0,0.0,0.0,0.0,0.0,0.0,0.0,0.0,0.0,0.0,0.0,0.0,0.0,0.0,0.0,0.0,0.0,0.0,0.0,0.0,0.0,0.0,0.0,0.0,0.0,0.0,0.0,0.0,0.0,0.0,0.0,0.0,0.0,0.0,0.0,0.0,0.0,0.0,0.0,0.0,0.0,0.0,0.0,0.0,0.0,0.0,0.0,0.0,0.0,0.0,0.0,0.0,0.0,0.0,0.0,0.0,0.0,0.0,0.0,0.0,0.0,0.0,0.0,0.0,0.0,0.0,0.0,0.0,0.0,0.0,0.0,0.0,0.0,0.0,0.0,0.0,0.0,0.0,0.0,0.0,0.0,0.0,0.0,0.0,0.0,0.0,0.0,0.0,0.0,0.0,0.0,0.0,0.0,0.0,0.0,0.0,0.0,0.0,0.0,0.0,0.0,0.0,0.0,0.0,0.0,0.0,0.0,0.0,0.0,0.0,0.0,0.0,0.0,0.0,0.0,0.0,0.0,0.0,0.0,0.0,0.0,0.0,0.0,0.0,0.0,0.0,0.0,0.0,0.0,0.0,0.0,0.0,0.0,0.0,0.0,0.0,0.0,0.0,0.0,0.0,0.0,0.0,0.0,0.0,0.0,0.0,0.0,0.0,0.0,0.0,0.0,0.0,0.0,0.0,0.0,0.0,0.0,0.0,0.0,0.0,0.0,0.0,0.0,0.0,0.0,0.0,0.0,0.0,0.0,0.0,0.0,0.0,0.0,0.0,0.0,0.0,0.0,0.0,0.0,0.0,0.0,0.0,0.0,0.0,0.0,0.0,0.0,0.0,0.0,0.0,0.0,0.0,0.0,0.0,0.0,0.0,0.0,0.0,0.0,0.0,0.0,0.0,0.0,0.0,0.0,0.0,0.0,0.0,0.0,0.0,0.0,0.0,0.0,0.0,0.0,0.0,0.0,0.0,0.0,0.0,0.0,0.0,0.0,0.0,0.0,0.0,0.0,0.0,0.0,0.0,0.0,0.0,0.0,0.0,0.0,0.0,0.0,0.0,0.0,0.0,0.0,0.0,0.0,0.0,0.0,0.0,0.0,0.0,0.0,0.0,0.0,0.0,0.0,0.0,0.0,0.0,0.0,0.0,0.0,0.0,0.0,0.0,0.0,0.0,0.0,0.0,0.0,0.0,0.0,0.0,0.0,0.0,0.0,0.0,0.0,0.0,0.0,0.0,0.0,0.0,0.0,0.0,0.0,0.0,0.0,0.0,0.0,0.0,0.0,0.0,0.0,0.0,0.0,0.0,0.0,0.0,0.0,0.0,0.0,0.0,0.0,0.0,0.0,0.0,0.0,0.0,0.0,0.0,0.0,0.0,0.0,0.0,0.0,0.0,0.0,0.0,0.0,0.0,0.0,0.0,0.0,0.0,0.0,0.0,0.0,0.0,0.0,0.0,0.0,0.0,0.0,0.0,0.0,0.0,0.0,0.0,0.0,0.0,0.0,0.0,0.0,0.0,0.0,0.0,0.0,0.0,0.0,0.0,0.0,0.0,0.0,0.0,0.0,0.0,0.0,0.0,0.0,0.0,0.0,0.0,0.0,0.0,0.0,0.0,0.0,0.0,0.0,0.0,0.0,0.0,0.0,0.0,0.0,0.0,0.0,0.0,0.0,0.0,0.0,0.0,0.0,0.0,0.0,0.0,0.0,0.0,0.0,0.0,0.0,0.0,0.0,0.0,0.0,0.0,0.0,0.0,0.0,0.0,0.0,0.0,0.0,0.0,0.0,0.0,0.0,0.0,0.0,0.0,0.0,0.0,0.0,0.0,0.0,0.0,0.0,0.0,0.0,0.0,0.0,0.0,0.0,0.0,0.0,0.0,0.0,0.0,0.0,0.0,0.0,0.0,0.0,0.0,0.0,0.0,0.0,0.0,0.0,0.0,0.0,0.0,0.0,0.0,0.0,0.0,0.0,0.0,0.0,0.0,0.0,0.0,0.0,0.0,0.0,0.0,0.0,0.0,0.0,0.0,0.0,0.0,0.0,0.0,0.0,0.0,0.0,0.0,0.0,0.0,0.0,0.0,0.0,0.0,0.0,0.0,0.0,0.0,0.0,0.0,0.0,0.0,0.0,0.0,0.0,0.0,0.0,0.0,0.0,0.0,0.0,0.0,0.0,0.0,0.0,0.0,0.0,0.0,0.0,0.0,0.0,0.0,0.0,0.0,0.0,0.0,0.0,0.0,0.0,0.0,0.0,0.0,0.0,0.0,0.0,0.0,0.0,0.0,0.0,0.0,0.0,0.0,0.0,0.0,0.0,0.0,0.0,0.0,0.0,0.0,0.0,0.0,0.0,0.0,0.0,0.0,0.0,0.0,0.0,0.0,0.0,0.0,0.0,0.0,0.0,0.0,0.0,0.0,0.0,0.0,0.0,0.0,0.0,0.0,0.0,0.0,0.0,0.0,0.0,0.0,0.0,0.0,0.0,0.0,0.0,0.0,0.0,0.0,0.0,0.0,0.0,0.0,0.0,0.0,0.0,0.0,0.0,0.0,0.0,0.0,0.0,0.0,0.0,0.0,0.0,0.0,0.0,0.0,0.0,0.0,0.0,0.0,0.0,0.0,0.0,0.0,0.0,0.0,0.0,0.0,0.0,0.0,0.0,0.0,0.0,0.0,0.0,0.0,0.0,0.0,0.0,0.0,0.0,0.0,0.0,0.0,0.0,0.0,0.0,0.0,0.0,0.0,0.0,0.0,0.0,0.0,0.0,0.0,0.0,0.0,0.0,0.0,0.0,0.0,0.0,0.0,0.0,0.0,0.0,0.0,0.0,0.0,0.0,0.0,0.0,0.0,0.0,0.0,0.0,0.0,0.0,0.0,0.0,0.0,0.0,0.0,0.0,0.0,0.0,0.0,0.0,0.0,0.0,0.0,0.0,0.0,0.0,0.0,0.0,0.0,0.0,0.0,0.0,0.0,0.0,0.0,0.0,0.0,0.0,0.0,0.0,0.0,0.0,0.0,0.0,0.0,0.0,0.0,0.0,0.0,0.0,0.0,0.0,0.0,0.0,0.0,0.0,0.0,0.0,0.0,0.0,0.0,0.0,0.0,0.0,0.0,0.0,0.0,0.0,0.0,0.0,0.0,0.0,0.0,0.0,0.0,0.0,0.0,0.0,0.0,0.0,0.0,0.0,0.0,0.0,0.0,0.0,0.0,0.0,0.0,0.0,0.0,0.0,0.0,0.0,0.0,0.0,0.0,0.0,0.0,0.0,0.0,0.0,0.0,0.0,0.0,0.0,0.0,0.0,0.0,0.0,0.0,0.0,0.0,0.0,0.0,0.0,0.0,0.0,0.0,0.0,0.0,0.0,0.0,0.0,0.0,0.0,0.0,0.0,0.0,0.0,0.0,0.0,0.0,0.0,0.0,0.0,0.0,0.0,0.0,0.0,0.0,0.0,0.0,0.0,0.0,0.0,0.0,0.0,0.0,0.0,0.0,0.0,0.0,0.0,0.0,0.0,0.0,0.0,0.0,0.0,0.0,0.0,0.0,0.0,0.0,0.0,0.0,0.0,0.0,0.0,0.0,0.0,0.0,0.0,0.0,0.0,0.0,0.0,0.0,0.0,0.0,0.0,0.0,0.0,0.0,0.0,0.0,0.0,0.0,0.0,0.0,0.0,0.0,0.0,0.0,0.0,0.0,0.0,0.0,0.0,0.0,0.0,0.0,0.0,0.0,0.0,0.0,0.0,0.0,0.0,0.0,0.0,0.0,0.0,0.0,0.0,0.0,0.0,0.0,0.0,0.0,0.0,0.0,0.0,0.0,0.0,0.0,0.0,0.0,0.0,0.0,0.0,0.0,0.0,0.0,0.0,0.0,0.0,0.0,0.0,0.0,0.0,0.0,0.0,0.0,0.0,0.0,0.0,0.0,0.0,0.0,0.0,0.0,0.0,0.0,0.0,0.0,0.0,0.0,0.0,0.0,0.0,0.0,0.0,0.0,0.0,0.0,0.0,0.0,0.0,0.0,0.0,0.0,0.0,0.0,0.0,0.0,0.0,0.0,0.0,0.0,0.0,0.0,0.0,0.0,0.0,0.0,0.0,0.0,0.0,0.0,0.0,0.0,0.0,0.0,0.0,0.0,0.0,0.0,0.0,0.0,0.0,0.0,0.0,0.0,0.0,0.0,0.0,0.0,0.0,0.0,0.0,0.0,0.0,0.0,0.0,0.0,0.0,0.0,0.0,0.0,0.0,0.0,0.0,0.0,0.0,0.0,0.0,0.0,0.0,0.0,0.0,0.0,0.0,0.0,0.0,0.0,0.0,0.0,0.0,0.0,0.0,0.0,0.0,0.0,0.0,0.0,0.0,0.0,0.0,0.0,0.0,0.0,0.0,0.0,0.0,0.0,0.0,0.0,0.0,0.0,0.0,0.0,0.0,0.0,0.0,0.0,0.0,0.0,0.0,0.0,0.0,0.0,0.0,0.0,0.0,0.0,0.0,0.0,0.0,0.0,0.0,0.0,0.0,0.0,0.0,0.0,0.0,0.0,0.0,0.0,0.0,0.0,0.0,0.0,0.0,0.0,0.0,0.0,0.0,0.0,0.0,0.0,0.0,0.0,0.0,0.0,0.0,0.0,0.0,0.0,0.0,0.0,0.0,0.0,0.0,0.0,0.0,0.0,0.0,0.0,0.0,0.0,0.0,0.0,0.0,0.0,0.0,0.0,0.0,0.0,0.0,0.0,0.0,0.0,0.0,0.0,0.0,0.0,0.0,0.0,0.0,0.0,0.0,0.0,0.0,0.0,0.0,0.0,0.0,0.0,0.0,0.0,0.0,0.0,0.0,0.0,0.0,0.0,0.0,0.0,0.0,0.0,0.0,0.0,0.0,0.0,0.0,0.0,0.0,0.0,0.0,0.0,0.0,0.0,0.0,0.0,0.0,0.0,0.0,0.0,0.0,0.0,0.0,0.0,0.0,0.0,0.0,0.0,0.0,0.0,0.0,0.0,0.0,0.0,0.0,0.0,0.0,0.0,0.0,0.0,0.0,0.0,0.0,0.0,0.0,0.0,0.0,0.0,0.0,0.0,0.0,0.0,0.0,0.0,0.0,0.0,0.0,0.0,0.0,0.0,0.0,0.0,0.0,0.0,0.0,0.0,0.0,0.0,0.0,0.0,0.0,0.0,0.0,0.0,0.0,0.0,0.0,0.0,0.0,0.0,0.0,0.0,0.0,0.0,0.0,0.0,0.0,0.0,0.0,0.0,0.0,0.0,0.0,0.0,0.0,0.0,0.0,0.0,0.0,0.0,0.0,0.0,0.0,0.0,0.0,0.0,0.0,0.0,0.0,0.0,0.0,0.0,0.0,0.0,0.0,0.0,0.0,0.0,0.0,0.0,0.0,0.0,0.0,0.0,0.0,0.0,0.0,0.0,0.0,0.0,0.0,0.0,0.0,0.0,0.0,0.0,0.0,0.0,0.0,0.0,0.0,0.0,0.0,0.0,0.0,0.0,0.0,0.0,0.0
Tax30,0.0,-0.42563432,-0.37073433,-0.29640347,-0.20914584,-0.11245815,-0.00957411,0.098441616,0.2059963,0.31370923,0.42030707,0.5247252,0.6256192,0.7226074,0.8149175,0.90159523,0.9815285,1.0574136,1.1272311,1.1995363,1.2623492,1.3396155,1.4047844,1.4734478,1.5402609,1.5504293,1.5979987,1.6738539,1.7134826,1.8184676,1.866089,1.9027915,1.9565045,2.0198753,2.0729415,2.114064,2.1687102,2.2070553,2.1874483,2.1997979,2.2531643,2.3056428,2.4013643,2.4579601,2.4918172,2.519791,2.6284218,2.5648115,2.5614004,2.6364436,2.628492,2.568025,2.5944972,2.5522335,2.5337973,2.5191023,2.46998,2.4168835,2.35119,2.3199496,2.1690373,2.1689272,2.0740032,2.066808,2.0880432,2.1344042,0.7764877,0.8222085,2.2567594,2.298701,2.2984204,2.3237734,2.3055906,0.8495888,2.3999228,0.88819075,0.8958378,0.9455805,0.9374814,0.95114666,0.95423424,0.95477945,0.98019594,0.9618196,0.9598462,1.008477,2.6974018,2.6390386,2.6344974,2.6327744,2.6797829,2.7341413,2.7804146,2.7523248,2.7030082,2.540389,2.5086799,2.52032,2.5156898,2.4481587,2.4608471,2.4314988,2.3468676,2.3529866,2.3668675,2.3342855,2.2879658,2.278303,2.2874868,2.2247903,2.23274,2.2128983,2.18091,2.0911558,2.032773,0.58865124,0.6321998,0.60071105,0.6102289,0.57296664,0.5425684,0.50641006,0.46249548,0.43496585,0.41348553,0.3833612,0.36113387,0.30222562,0.24507838,0.20735836,0.1608227,0.12344696,0.09300832,0.04389717,-0.0025325464,-0.025669312,-0.06504888,-0.11202778,-0.15689743,-0.19114585,-0.23217377,-0.27111155,-0.30942646,-0.3290714,-0.34620032,-0.3640403,-0.37886116,-0.39098218,-0.4062467,-0.4204088,-0.4255072,-0.424599,-0.405187,-0.37985328,-0.35529947,-0.32996163,-0.30820534,-0.29552427,-0.2871157,-0.27898413,-0.27929315,-0.27438685,-0.28180355,-0.28383875,-0.2883581,-0.2869934,-0.28273666,-0.27165568,-0.2654244,-0.263573,-0.26028684,-0.25319135,-0.24419078,-0.24111049,-0.22577466,-0.21968955,-0.22256224,-0.22648397,-0.22343977,-0.21707474,-0.21364343,-0.21886201,-0.23612832,-0.25520775,-0.2658237,-0.2775963,-0.28298423,-0.2897596,-0.29348248,-0.30162296,-0.3086292,-0.31181508,-0.31164366,-0.30603525,-0.30484852,-0.30717286,-0.30048218,-0.2792015,-0.27622342,-0.27735952,-0.27920556,-0.26220652,-0.2510161,-0.2429156,-0.24474475,-0.24300142,-0.23499578,-0.21602075,-0.21045075,-0.20577586,-0.19148208,-0.17209904,-0.16810751,-0.1583301,-0.14883462,-0.14365579,-0.13443331,-0.13408592,-0.12821047,-0.11145466,-0.10750087,-0.10709692,-0.10672652,-0.094819,-0.094497666,-0.09414622,-0.09014226,-0.08568751,-0.081098005,-0.076838344,-0.07643516,-0.07611427,-0.07584052,-0.07554951,-0.07524282,-0.07044511,-0.070134945,-0.061656505,-0.055726323,-0.05549039,-0.055250157,-0.04951318,-0.049312033,-0.049129765,-0.04892715,-0.04871407,-0.048507914,-0.048300613,-0.048091862,-0.042700533,-0.035553243,-0.03539974,-0.03524992,-0.035094835,-0.034937467,-0.029578533,-0.026103733,-0.02600163,-0.025899032,-0.022946952,-0.022861896,-0.022760838,-0.022652855,-0.02254768,-0.022448895,-0.017374935,-0.017298287,-0.017228466,-0.017160872,-0.01708987,-0.013988163,-0.013920936,-0.011070587,-0.011021204,-0.010971814,-0.010922371,-0.010870097,-0.010816681,-0.010762654,-0.0071118083,-0.0070783673,-0.007046133,-0.007010805,-0.0041231895,-0.0041016513,-0.0040782364,-0.004054263,-0.0040292153,0.0,0.0,0.0,0.0,0.0,0.0,0.0,0.0,0.0,0.0,0.0,0.0,0.0,0.0,0.0,0.0,0.0,0.0,0.0,0.0,0.0,0.0,0.0,0.0,0.0,0.0,0.0,0.0,0.0,0.0,0.0,0.0,0.0,0.0,0.0,0.0,0.0,0.0,0.0,0.0,0.0,0.0,0.0,0.0,0.0,0.0,0.0,0.0,0.0,0.0,0.0,0.0,0.0,0.0,0.0,0.0,0.0,0.0,0.0,0.0,0.0,0.0,0.0,0.0,0.0,0.0,0.0,0.0,0.0,0.0,0.0,0.0,0.0,0.0,0.0,0.0,0.0,0.0,0.0,0.0,0.0,0.0,0.0,0.0,0.0,0.0,0.0,0.0,0.0,0.0,0.0,0.0,0.0,0.0,0.0,0.0,0.0,0.0,0.0,0.0,0.0,0.0,0.0,0.0,0.0,0.0,0.0,0.0,0.0,0.0,0.0,0.0,0.0,0.0,0.0,0.0,0.0,0.0,0.0,0.0,0.0,0.0,0.0,0.0,0.0,0.0,0.0,0.0,0.0,0.0,0.0,0.0,0.0,0.0,0.0,0.0,0.0,0.0,0.0,0.0,0.0,0.0,0.0,0.0,0.0,0.0,0.0,0.0,0.0,0.0,0.0,0.0,0.0,0.0,0.0,0.0,0.0,0.0,0.0,0.0,0.0,0.0,0.0,0.0,0.0,0.0,0.0,0.0,0.0,0.0,0.0,0.0,0.0,0.0,0.0,0.0,0.0,0.0,0.0,0.0,0.0,0.0,0.0,0.0,0.0,0.0,0.0,0.0,0.0,0.0,0.0,0.0,0.0,0.0,0.0,0.0,0.0,0.0,0.0,0.0,0.0,0.0,0.0,0.0,0.0,0.0,0.0,0.0,0.0,0.0,0.0,0.0,0.0,0.0,0.0,0.0,0.0,0.0,0.0,0.0,0.0,0.0,0.0,0.0,0.0,0.0,0.0,0.0,0.0,0.0,0.0,0.0,0.0,0.0,0.0,0.0,0.0,0.0,0.0,0.0,0.0,0.0,0.0,0.0,0.0,0.0,0.0,0.0,0.0,0.0,0.0,0.0,0.0,0.0,0.0,0.0,0.0,0.0,0.0,0.0,0.0,0.0,0.0,0.0,0.0,0.0,0.0,0.0,0.0,0.0,0.0,0.0,0.0,0.0,0.0,0.0,0.0,0.0,0.0,0.0,0.0,0.0,0.0,0.0,0.0,0.0,0.0,0.0,0.0,0.0,0.0,0.0,0.0,0.0,0.0,0.0,0.0,0.0,0.0,0.0,0.0,0.0,0.0,0.0,0.0,0.0,0.0,0.0,0.0,0.0,0.0,0.0,0.0,0.0,0.0,0.0,0.0,0.0,0.0,0.0,0.0,0.0,0.0,0.0,0.0,0.0,0.0,0.0,0.0,0.0,0.0,0.0,0.0,0.0,0.0,0.0,0.0,0.0,0.0,0.0,0.0,0.0,0.0,0.0,0.0,0.0,0.0,0.0,0.0,0.0,0.0,0.0,0.0,0.0,0.0,0.0,0.0,0.0,0.0,0.0,0.0,0.0,0.0,0.0,0.0,0.0,0.0,0.0,0.0,0.0,0.0,0.0,0.0,0.0,0.0,0.0,0.0,0.0,0.0,0.0,0.0,0.0,0.0,0.0,0.0,0.0,0.0,0.0,0.0,0.0,0.0,0.0,0.0,0.0,0.0,0.0,0.0,0.0,0.0,0.0,0.0,0.0,0.0,0.0,0.0,0.0,0.0,0.0,0.0,0.0,0.0,0.0,0.0,0.0,0.0,0.0,0.0,0.0,0.0,0.0,0.0,0.0,0.0,0.0,0.0,0.0,0.0,0.0,0.0,0.0,0.0,0.0,0.0,0.0,0.0,0.0,0.0,0.0,0.0,0.0,0.0,0.0,0.0,0.0,0.0,0.0,0.0,0.0,0.0,0.0,0.0,0.0,0.0,0.0,0.0,0.0,0.0,0.0,0.0,0.0,0.0,0.0,0.0,0.0,0.0,0.0,0.0,0.0,0.0,0.0,0.0,0.0,0.0,0.0,0.0,0.0,0.0,0.0,0.0,0.0,0.0,0.0,0.0,0.0,0.0,0.0,0.0,0.0,0.0,0.0,0.0,0.0,0.0,0.0,0.0,0.0,0.0,0.0,0.0,0.0,0.0,0.0,0.0,0.0,0.0,0.0,0.0,0.0,0.0,0.0,0.0,0.0,0.0,0.0,0.0,0.0,0.0,0.0,0.0,0.0,0.0,0.0,0.0,0.0,0.0,0.0,0.0,0.0,0.0,0.0,0.0,0.0,0.0,0.0,0.0,0.0,0.0,0.0,0.0,0.0,0.0,0.0,0.0,0.0,0.0,0.0,0.0,0.0,0.0,0.0,0.0,0.0,0.0,0.0,0.0,0.0,0.0,0.0,0.0,0.0,0.0,0.0,0.0,0.0,0.0,0.0,0.0,0.0,0.0,0.0,0.0,0.0,0.0,0.0,0.0,0.0,0.0,0.0,0.0,0.0,0.0,0.0,0.0,0.0,0.0,0.0,0.0,0.0,0.0,0.0,0.0,0.0,0.0,0.0,0.0,0.0,0.0,0.0,0.0,0.0,0.0,0.0,0.0,0.0,0.0,0.0,0.0,0.0,0.0,0.0,0.0,0.0,0.0,0.0,0.0,0.0,0.0,0.0,0.0,0.0,0.0,0.0,0.0,0.0,0.0,0.0,0.0,0.0,0.0,0.0,0.0,0.0,0.0,0.0,0.0,0.0,0.0,0.0,0.0,0.0,0.0,0.0,0.0,0.0,0.0,0.0,0.0,0.0,0.0,0.0,0.0,0.0,0.0,0.0,0.0,0.0,0.0,0.0,0.0,0.0,0.0,0.0,0.0,0.0,0.0,0.0,0.0,0.0,0.0,0.0,0.0,0.0,0.0,0.0,0.0,0.0,0.0,0.0,0.0,0.0,0.0,0.0,0.0,0.0,0.0,0.0,0.0,0.0,0.0,0.0,0.0,0.0,0.0,0.0,0.0,0.0,0.0,0.0,0.0,0.0,0.0,0.0,0.0,0.0,0.0,0.0,0.0,0.0,0.0,0.0,0.0,0.0,0.0,0.0,0.0,0.0,0.0,0.0,0.0,0.0,0.0,0.0,0.0,0.0,0.0,0.0,0.0,0.0,0.0,0.0,0.0,0.0,0.0,0.0,0.0,0.0,0.0,0.0,0.0,0.0,0.0,0.0,0.0,0.0,0.0,0.0,0.0,0.0,0.0,0.0,0.0,0.0,0.0,0.0,0.0,0.0,0.0,0.0,0.0,0.0,0.0,0.0,0.0,0.0,0.0,0.0,0.0,0.0,0.0,0.0,0.0,0.0,0.0,0.0,0.0,0.0,0.0,0.0,0.0,0.0,0.0,0.0,0.0,0.0,0.0,0.0,0.0,0.0,0.0,0.0,0.0,0.0,0.0,0.0,0.0,0.0,0.0,0.0,0.0,0.0,0.0,0.0,0.0,0.0,0.0,0.0,0.0,0.0,0.0,0.0,0.0,0.0,0.0,0.0,0.0,0.0,0.0,0.0,0.0,0.0,0.0,0.0,0.0,0.0,0.0,0.0,0.0,0.0,0.0,0.0,0.0,0.0,0.0,0.0,0.0,0.0,0.0,0.0,0.0,0.0,0.0,0.0,0.0,0.0,0.0,0.0,0.0,0.0,0.0,0.0,0.0,0.0,0.0,0.0,0.0,0.0,0.0,0.0,0.0,0.0,0.0,0.0,0.0,0.0,0.0,0.0,0.0,0.0,0.0,0.0,0.0,0.0,0.0,0.0,0.0,0.0,0.0,0.0,0.0,0.0,0.0,0.0,0.0,0.0,0.0,0.0,0.0,0.0,0.0,0.0,0.0,0.0,0.0,0.0,0.0,0.0,0.0,0.0,0.0,0.0,0.0,0.0,0.0,0.0,0.0,0.0,0.0,0.0,0.0,0.0,0.0,0.0,0.0,0.0,0.0,0.0,0.0,0.0,0.0,0.0,0.0,0.0,0.0,0.0,0.0,0.0,0.0,0.0,0.0,0.0,0.0,0.0,0.0,0.0,0.0,0.0,0.0,0.0,0.0,0.0,0.0,0.0,0.0,0.0,0.0,0.0,0.0,0.0,0.0,0.0,0.0,0.0,0.0,0.0,0.0,0.0,0.0,0.0,0.0,0.0,0.0,0.0,0.0,0.0,0.0,0.0,0.0,0.0,0.0,0.0,0.0,0.0,0.0,0.0,0.0,0.0,0.0,0.0,0.0,0.0,0.0,0.0,0.0,0.0,0.0,0.0,0.0,0.0,0.0,0.0,0.0,0.0,0.0,0.0,0.0,0.0,0.0,0.0,0.0,0.0,0.0,0.0,0.0,0.0,0.0,0.0,0.0,0.0,0.0,0.0,0.0,0.0,0.0,0.0,0.0,0.0,0.0,0.0,0.0,0.0,0.0,0.0,0.0,0.0,0.0,0.0,0.0,0.0,0.0,0.0,0.0,0.0,0.0,0.0,0.0,0.0,0.0,0.0,0.0,0.0,0.0,0.0,0.0,0.0,0.0,0.0,0.0,0.0,0.0,0.0,0.0,0.0,0.0,0.0,0.0,0.0,0.0,0.0,0.0,0.0,0.0,0.0,0.0,0.0,0.0,0.0,0.0,0.0,0.0,0.0,0.0,0.0,0.0,0.0,0.0,0.0,0.0,0.0,0.0,0.0,0.0,0.0,0.0,0.0,0.0,0.0,0.0,0.0,0.0,0.0,0.0,0.0,0.0,0.0,0.0,0.0,0.0,0.0,0.0,0.0,0.0,0.0,0.0,0.0,0.0,0.0,0.0,0.0,0.0,0.0,0.0,0.0,0.0,0.0,0.0,0.0,0.0,0.0,0.0,0.0,0.0,0.0,0.0,0.0,0.0,0.0,0.0,0.0,0.0,0.0,0.0,0.0,0.0,0.0,0.0,0.0,0.0,0.0,0.0,0.0,0.0,0.0,0.0,0.0,0.0,0.0,0.0,0.0,0.0,0.0,0.0,0.0,0.0,0.0,0.0,0.0,0.0,0.0,0.0,0.0,0.0,0.0,0.0,0.0,0.0,0.0,0.0,0.0,0.0,0.0,0.0,0.0,0.0,0.0,0.0,0.0,0.0,0.0,0.0,0.0,0.0,0.0,0.0,0.0,0.0,0.0,0.0,0.0,0.0,0.0,0.0,0.0,0.0,0.0,0.0,0.0,0.0,0.0,0.0,0.0,0.0,0.0,0.0,0.0,0.0,0.0,0.0,0.0,0.0,0.0,0.0,0.0,0.0,0.0,0.0,0.0,0.0,0.0,0.0,0.0,0.0,0.0,0.0,0.0,0.0,0.0,0.0,0.0,0.0,0.0,0.0,0.0,0.0,0.0,0.0,0.0,0.0,0.0,0.0,0.0,0.0,0.0,0.0,0.0,0.0,0.0,0.0,0.0,0.0,0.0,0.0,0.0,0.0,0.0,0.0,0.0,0.0,0.0,0.0,0.0,0.0,0.0,0.0,0.0,0.0,0.0,0.0,0.0,0.0,0.0,0.0,0.0,0.0,0.0,0.0,0.0,0.0,0.0,0.0,0.0,0.0,0.0,0.0,0.0,0.0,0.0,0.0,0.0,0.0,0.0,0.0,0.0,0.0,0.0,0.0,0.0,0.0,0.0,0.0,0.0,0.0,0.0,0.0,0.0,0.0,0.0,0.0,0.0,0.0,0.0,0.0,0.0,0.0,0.0,0.0,0.0,0.0,0.0,0.0,0.0,0.0,0.0,0.0,0.0,0.0,0.0,0.0,0.0,0.0,0.0,0.0,0.0,0.0,0.0,0.0,0.0,0.0,0.0,0.0,0.0,0.0,0.0,0.0,0.0,0.0,0.0,0.0,0.0,0.0,0.0,0.0,0.0,0.0,0.0,0.0,0.0,0.0,0.0,0.0,0.0,0.0,0.0,0.0,0.0,0.0,0.0,0.0,0.0,0.0,0.0,0.0,0.0,0.0,0.0,0.0,0.0,0.0,0.0,0.0,0.0,0.0,0.0,0.0,0.0,0.0,0.0,0.0,0.0,0.0,0.0,0.0,0.0,0.0,0.0,0.0,0.0,0.0,0.0,0.0,0.0,0.0,0.0,0.0,0.0,0.0,0.0,0.0,0.0,0.0,0.0,0.0,0.0,0.0,0.0,0.0,0.0,0.0,0.0,0.0,0.0,0.0,0.0,0.0,0.0,0.0,0.0,0.0,0.0,0.0,0.0,0.0,0.0,0.0,0.0,0.0,0.0,0.0,0.0,0.0,0.0,0.0,0.0,0.0,0.0,0.0,0.0,0.0,0.0,0.0,0.0,0.0,0.0,0.0,0.0,0.0,0.0,0.0,0.0,0.0,0.0,0.0,0.0,0.0,0.0,0.0,0.0,0.0,0.0,0.0,0.0,0.0,0.0,0.0,0.0,0.0,0.0,0.0,0.0,0.0,0.0,0.0,0.0,0.0,0.0,0.0,0.0,0.0,0.0,0.0,0.0,0.0,0.0,0.0,0.0,0.0,0.0,0.0,0.0,0.0,0.0,0.0,0.0,0.0,0.0,0.0,0.0,0.0,0.0,0.0,0.0,0.0,0.0,0.0,0.0,0.0,0.0,0.0,0.0,0.0,0.0,0.0,0.0,0.0,0.0,0.0,0.0,0.0,0.0,0.0,0.0,0.0,0.0,0.0,0.0,0.0,0.0,0.0,0.0,0.0,0.0,0.0,0.0,0.0,0.0,0.0,0.0,0.0,0.0,0.0,0.0,0.0,0.0,0.0,0.0,0.0,0.0,0.0,0.0,0.0,0.0,0.0,0.0,0.0,0.0,0.0,0.0,0.0,0.0,0.0,0.0,0.0,0.0,0.0,0.0,0.0,0.0,0.0,0.0,0.0,0.0,0.0,0.0,0.0,0.0,0.0,0.0,0.0,0.0,0.0,0.0,0.0,0.0,0.0,0.0,0.0,0.0,0.0,0.0,0.0,0.0,0.0,0.0,0.0,0.0,0.0,0.0,0.0,0.0,0.0,0.0,0.0,0.0,0.0,0.0,0.0,0.0,0.0,0.0,0.0,0.0,0.0,0.0,0.0,0.0,0.0,0.0,0.0,0.0,0.0,0.0,0.0,0.0,0.0,0.0,0.0,0.0,0.0,0.0,0.0,0.0,0.0,0.0,0.0,0.0,0.0,0.0,0.0,0.0,0.0,0.0,0.0,0.0,0.0,0.0,0.0,0.0,0.0,0.0,0.0,0.0,0.0,0.0,0.0,0.0,0.0,0.0,0.0,0.0,0.0,0.0,0.0,0.0,0.0,0.0,0.0,0.0,0.0,0.0,0.0,0.0,0.0,0.0,0.0,0.0,0.0,0.0,0.0,0.0,0.0,0.0,0.0,0.0,0.0,0.0,0.0,0.0,0.0,0.0,0.0,0.0,0.0,0.0,0.0,0.0,0.0,0.0,0.0,0.0,0.0,0.0,0.0,0.0,0.0,0.0,0.0,0.0,0.0,0.0,0.0,0.0,0.0,0.0,0.0,0.0,0.0,0.0,0.0,0.0,0.0,0.0,0.0,0.0,0.0,0.0,0.0,0.0,0.0,0.0,0.0,0.0,0.0,0.0,0.0,0.0,0.0,0.0,0.0,0.0,0.0,0.0,0.0,0.0,0.0,0.0,0.0,0.0,0.0,0.0,0.0,0.0,0.0,0.0,0.0,0.0,0.0,0.0,0.0,0.0,0.0,0.0,0.0,0.0,0.0,0.0,0.0,0.0,0.0,0.0,0.0,0.0,0.0,0.0,0.0,0.0,0.0,0.0,0.0,0.0,0.0,0.0,0.0,0.0,0.0,0.0,0.0,0.0,0.0,0.0,0.0,0.0,0.0,0.0,0.0,0.0,0.0,0.0,0.0,0.0,0.0,0.0,0.0,0.0,0.0,0.0,0.0,0.0,0.0,0.0,0.0,0.0,0.0,0.0,0.0,0.0,0.0,0.0,0.0,0.0,0.0,0.0,0.0,0.0,0.0,0.0,0.0,0.0,0.0,0.0,0.0,0.0,0.0,0.0,0.0,0.0,0.0,0.0,0.0,0.0,0.0,0.0,0.0,0.0,0.0,0.0,0.0,0.0,0.0,0.0,0.0,0.0,0.0,0.0,0.0,0.0,0.0,0.0,0.0,0.0,0.0,0.0,0.0,0.0,0.0,0.0,0.0,0.0,0.0,0.0,0.0,0.0,0.0,0.0,0.0,0.0,0.0,0.0,0.0,0.0,0.0,0.0,0.0,0.0,0.0,0.0,0.0,0.0,0.0,0.0,0.0,0.0,0.0,0.0,0.0,0.0,0.0,0.0,0.0,0.0,0.0,0.0,0.0,0.0,0.0,0.0,0.0,0.0,0.0,0.0,0.0,0.0,0.0,0.0,0.0,0.0,0.0,0.0,0.0,0.0,0.0,0.0,0.0,0.0,0.0,0.0,0.0,0.0,0.0,0.0,0.0,0.0,0.0,0.0,0.0,0.0,0.0,0.0,0.0,0.0,0.0,0.0,0.0,0.0,0.0,0.0,0.0,0.0,0.0,0.0,0.0,0.0,0.0,0.0,0.0,0.0,0.0,0.0,0.0,0.0,0.0,0.0,0.0,0.0,0.0,0.0,0.0,0.0,0.0,0.0,0.0,0.0,0.0,0.0,0.0,0.0,0.0,0.0,0.0,0.0,0.0,0.0,0.0,0.0,0.0,0.0,0.0,0.0,0.0,0.0,0.0,0.0,0.0,0.0,0.0,0.0,0.0,0.0,0.0,0.0,0.0,0.0,0.0,0.0,0.0,0.0,0.0,0.0,0.0,0.0,0.0,0.0,0.0,0.0,0.0,0.0,0.0,0.0,0.0,0.0,0.0,0.0,0.0,0.0,0.0,0.0,0.0,0.0,0.0,0.0,0.0,0.0,0.0,0.0,0.0,0.0,0.0,0.0,0.0,0.0,0.0,0.0,0.0,0.0,0.0,0.0,0.0,0.0,0.0,0.0,0.0,0.0,0.0,0.0,0.0,0.0,0.0,0.0,0.0,0.0,0.0,0.0,0.0,0.0,0.0,0.0,0.0,0.0,0.0,0.0,0.0,0.0,0.0,0.0,0.0,0.0,0.0,0.0,0.0,0.0,0.0,0.0,0.0,0.0,0.0,0.0,0.0,0.0,0.0,0.0,0.0,0.0,0.0,0.0,0.0,0.0,0.0,0.0,0.0,0.0,0.0,0.0,0.0,0.0,0.0,0.0,0.0,0.0,0.0,0.0,0.0,0.0,0.0,0.0,0.0,0.0,0.0,0.0,0.0,0.0,0.0,0.0,0.0,0.0,0.0,0.0,0.0,0.0,0.0,0.0,0.0,0.0,0.0,0.0,0.0,0.0,0.0,0.0,0.0,0.0,0.0,0.0,0.0,0.0,0.0,0.0,0.0,0.0,0.0,0.0,0.0,0.0,0.0,0.0,0.0,0.0,0.0,0.0,0.0,0.0,0.0,0.0,0.0,0.0,0.0,0.0,0.0,0.0,0.0,0.0,0.0,0.0,0.0,0.0,0.0,0.0,0.0,0.0,0.0,0.0,0.0,0.0,0.0,0.0,0.0,0.0,0.0,0.0,0.0,0.0,0.0,0.0,0.0,0.0,0.0,0.0,0.0,0.0,0.0,0.0,0.0,0.0,0.0,0.0,0.0,0.0,0.0,0.0,0.0,0.0,0.0,0.0,0.0,0.0,0.0,0.0,0.0,0.0,0.0,0.0,0.0,0.0,0.0,0.0,0.0,0.0,0.0,0.0,0.0,0.0,0.0,0.0,0.0,0.0,0.0,0.0,0.0,0.0,0.0,0.0,0.0,0.0,0.0,0.0,0.0,0.0,0.0,0.0,0.0,0.0,0.0,0.0,0.0,0.0,0.0,0.0,0.0,0.0,0.0,0.0,0.0,0.0,0.0,0.0,0.0,0.0,0.0,0.0,0.0,0.0,0.0,0.0,0.0,0.0,0.0,0.0,0.0,0.0,0.0,0.0,0.0,0.0,0.0,0.0,0.0,0.0,0.0,0.0,0.0,0.0,0.0,0.0,0.0,0.0,0.0,0.0,0.0,0.0,0.0,0.0,0.0,0.0,0.0,0.0,0.0,0.0,0.0,0.0,0.0,0.0,0.0,0.0,0.0,0.0,0.0,0.0,0.0,0.0,0.0,0.0,0.0,0.0,0.0,0.0,0.0,0.0,0.0,0.0,0.0,0.0,0.0,0.0,0.0,0.0,0.0,0.0,0.0,0.0,0.0,0.0,0.0,0.0,0.0,0.0,0.0,0.0,0.0,0.0,0.0,0.0,0.0,0.0,0.0,0.0,0.0,0.0,0.0,0.0,0.0,0.0,0.0,0.0,0.0,0.0,0.0,0.0,0.0,0.0,0.0,0.0,0.0,0.0,0.0,0.0,0.0,0.0,0.0,0.0,0.0,0.0,0.0,0.0,0.0,0.0,0.0,0.0,0.0,0.0,0.0,0.0,0.0,0.0,0.0,0.0,0.0,0.0,0.0,0.0,0.0,0.0,0.0,0.0,0.0,0.0,0.0,0.0,0.0,0.0,0.0,0.0,0.0,0.0,0.0,0.0,0.0,0.0,0.0,0.0,0.0,0.0,0.0,0.0,0.0,0.0,0.0,0.0,0.0,0.0,0.0,0.0,0.0,0.0,0.0,0.0,0.0,0.0,0.0,0.0,0.0,0.0,0.0,0.0,0.0,0.0,0.0,0.0,0.0,0.0,0.0,0.0,0.0,0.0,0.0,0.0,0.0,0.0,0.0,0.0,0.0,0.0,0.0,0.0,0.0,0.0,0.0,0.0,0.0,0.0,0.0,0.0,0.0,0.0,0.0,0.0,0.0,0.0,0.0,0.0,0.0,0.0,0.0,0.0,0.0,0.0,0.0,0.0,0.0,0.0,0.0,0.0,0.0,0.0,0.0,0.0,0.0,0.0,0.0,0.0,0.0,0.0,0.0,0.0,0.0,0.0,0.0,0.0,0.0,0.0,0.0,0.0,0.0,0.0,0.0,0.0,0.0,0.0,0.0,0.0,0.0,0.0,0.0,0.0,0.0,0.0,0.0,0.0,0.0,0.0,0.0,0.0,0.0,0.0,0.0,0.0,0.0,0.0,0.0,0.0,0.0,0.0,0.0,0.0,0.0,0.0,0.0,0.0,0.0,0.0,0.0,0.0,0.0,0.0,0.0,0.0,0.0,0.0,0.0,0.0,0.0,0.0,0.0,0.0,0.0,0.0,0.0,0.0,0.0,0.0,0.0,0.0,0.0,0.0,0.0,0.0,0.0,0.0,0.0,0.0,0.0,0.0,0.0,0.0,0.0,0.0,0.0,0.0,0.0,0.0,0.0,0.0,0.0,0.0,0.0,0.0,0.0,0.0,0.0,0.0,0.0,0.0,0.0,0.0,0.0,0.0,0.0,0.0,0.0,0.0,0.0,0.0,0.0,0.0,0.0,0.0,0.0,0.0,0.0,0.0,0.0,0.0,0.0,0.0,0.0,0.0,0.0
Tax31,0.0,-0.6795738,-0.6229635,-0.5462958,-0.46640283,-0.38049474,-0.29112408,-0.20024273,-0.10937264,-0.019650534,0.06774998,0.15225063,0.23309411,0.30994505,0.38255447,0.44984677,0.5114225,0.5634641,0.6184448,0.66476053,0.71514463,0.7583165,0.7946899,0.8442316,0.8909266,0.9192269,0.95973986,0.9700412,1.0063567,1.0427339,1.0610828,1.0893039,1.1639572,1.2092971,1.2558702,1.2858247,1.3464096,1.3759652,1.368429,1.3892596,1.4029455,1.4241701,1.5009152,1.5801792,1.588386,1.6452566,1.7229975,1.7166251,1.7341058,1.7454486,1.7686032,1.7663852,1.805209,1.7493854,1.8213949,1.7916582,1.7445716,1.7854118,1.6721492,1.5803704,1.4566684,1.4004018,1.325442,1.3269408,1.3208584,1.3437608,-0.042970866,-0.021408377,1.4880356,1.5290742,1.5472013,1.6224359,1.6397774,0.06101195,1.6822816,0.044334356,0.054221883,0.06534011,0.07639275,0.105173886,0.12703712,0.11735217,0.12525873,0.14340062,0.17372036,0.2208581,2.0830204,2.1156502,2.1855748,2.2239914,2.263129,2.2580917,2.2936149,2.277457,2.2633674,2.190658,2.1847682,2.1756418,2.2159183,2.1618993,2.1399477,2.1326582,2.1434772,2.0922751,2.0399647,2.106416,2.0412083,2.0515218,2.0244353,2.0172818,2.007148,2.012478,1.9357132,1.8730639,1.8524206,-0.076415114,-0.08672608,-0.0925305,-0.08578023,-0.09907146,-0.117933795,-0.14930885,-0.18640174,-0.19254252,-0.2318789,-0.24580546,-0.26051933,-0.3190856,-0.34935272,-0.37799868,-0.40885723,-0.4348411,-0.4717261,-0.4987588,-0.523287,-0.55635804,-0.584891,-0.6248603,-0.6567235,-0.68261176,-0.71973777,-0.7631676,-0.79406524,-0.81783754,-0.8363426,-0.839346,-0.8519603,-0.86361706,-0.8846308,-0.8964821,-0.9078717,-0.89416623,-0.87175447,-0.8415665,-0.8157364,-0.77310246,-0.74121326,-0.7149721,-0.6942017,-0.6875743,-0.6755826,-0.66580385,-0.67094064,-0.6777959,-0.6640363,-0.6680626,-0.6604906,-0.63895094,-0.62834895,-0.6033867,-0.5908214,-0.5807627,-0.56929815,-0.5678343,-0.5436404,-0.5281202,-0.5327105,-0.53613776,-0.5301859,-0.51004684,-0.48921797,-0.49419376,-0.5240979,-0.5620812,-0.5830793,-0.59625506,-0.61502945,-0.62362486,-0.6328414,-0.6335607,-0.638561,-0.641241,-0.6458405,-0.6438026,-0.6471067,-0.6442957,-0.6329186,-0.6230728,-0.6077415,-0.59631556,-0.583662,-0.5788603,-0.5777235,-0.57662517,-0.5714344,-0.5409304,-0.5397336,-0.5125,-0.49834588,-0.49644747,-0.4795442,-0.46429846,-0.4529908,-0.42064434,-0.41207448,-0.4046522,-0.39720377,-0.38515434,-0.38287127,-0.36867085,-0.36637306,-0.35960993,-0.35228714,-0.35006166,-0.34220403,-0.33556852,-0.32738853,-0.319961,-0.31291962,-0.30455074,-0.27408123,-0.26809248,-0.26636618,-0.264641,-0.25882128,-0.25714207,-0.2554729,-0.24546574,-0.24386989,-0.23646818,-0.22911775,-0.22330528,-0.21077776,-0.19822614,-0.19004741,-0.1819033,-0.1755472,-0.17440365,-0.17326745,-0.16243625,-0.15811,-0.14169459,-0.14077258,-0.13616237,-0.12505735,-0.121024944,-0.116681576,-0.11256648,-0.10745009,-0.10237905,-0.09702733,-0.09176842,-0.09117606,-0.09058479,-0.08999362,-0.089409165,-0.088825524,-0.08417536,-0.07805553,-0.07423237,-0.07068753,-0.061966006,-0.06156173,-0.061160736,-0.06076241,-0.060366668,-0.05620608,-0.055840366,-0.055476427,-0.055114496,-0.054754507,-0.05439716,-0.054040685,-0.053685382,-0.053330798,-0.049582355,-0.049249403,-0.04891495,-0.048583988,-0.045271687,-0.044966564,-0.041565966,-0.037266206,-0.037022263,-0.0367619,-0.036472216,-0.036139533,-0.035729814,-0.03522314,-0.03463752,-0.034052845,-0.033496875,-0.032781176,-0.031964704,-0.031079052,-0.030127913,-0.026647497,-0.025632031,-0.024507392,-0.023042073,-0.02143457,-0.019500956,-0.017463626,-0.015232823,-0.012712209,-0.009974235,-0.006627939,-0.002754156,0.001745331,0.0060012857,0.011387283,0.020329494,0.035126716,0.052033555,0.06716722,0.07144539,0.07226487,0.07351798,0.075698785,0.077124216,0.08098003,0.07728541,0.079857744,0.087231055,0.09316516,0.099921495,0.10785112,0.11646842,0.3409208,0.3701419,0.39769515,0.4306332,0.45770752,0.48624158,0.5071277,0.51924336,0.5121562,0.4910753,0.4623671,0.4289429,0.3777445,0.2972864,0.19363749,0.09776651,0.024432018,-0.02089814,-0.036029436,-0.04366501,-0.045655962,-0.04612013,-0.04443745,-0.044027023,-0.042963687,-0.042003766,-0.040440455,-0.039026085,-0.0129442625,-0.01199722,-0.010921108,-0.009780338,-0.008614233,-0.00744742,-0.006295611,-0.005167729,-0.0040713158,-0.0030110143,-0.0019896126,-0.0010093366,-6.914418e-05,0.0008293906,0.0016886801,0.002509803,0.0032928896,0.003982768,0.0045758476,0.0051291184,0.005593407,0.0060090716,0.0063884454,0.0067364452,0.007050416,0.0073491386,0.0076505337,0.0079521155,0.011139225,0.011354646,0.011416416,0.011768916,0.011685649,0.011659813,0.0116315745,0.011745913,0.008668432,0.01094668,0.010588159,0.010397879,0.010208203,0.010613949,0.010862956,0.010478929,0.010288147,0.014687171,0.014131118,0.013649225,0.013179132,0.012592716,0.014957846,0.014428223,0.013619235,0.013144259,0.01208152,0.011141451,0.0093428,0.012028141,0.0107093975,0.009047872,0.007990013,0.0070631998,0.0063782497,0.0063451855,0.00821973,-0.0063401065,-0.006198474,0.009493445,0.009580007,0.007437405,0.009623798,0.009141625,-0.005567588,0.008820685,-0.005647952,-0.0056490498,-0.0054886555,-0.0063128797,-0.005129706,-0.005034245,-0.004951428,-0.004953104,-0.004733461,-0.004418607,-0.0040889746,0.012042409,0.014566544,0.015212995,0.017680794,0.0137746995,0.017640669,0.0040672463,0.019746112,0.018015373,0.016319524,0.019587506,0.015514792,0.019285366,0.010688058,0.016333053,0.012463019,0.01087131,0.01752418,0.016704805,0.014477042,0.010324747,0.009637143,0.006222178,0.009193052,0.0119816,0.01445106,0.010555865,0.012951414,0.008638328,-0.005472111,-0.005576488,-0.0032126864,-0.0070763174,-0.0057763276,-0.0029443847,-0.0038162814,-0.0019933688,-0.0043639364,-0.002076893,-0.0027873614,-0.0030255725,-0.0038943798,-0.0048343856,-0.0039013452,-0.005598528,-0.0050916523,-0.0044439216,-0.005695599,-0.0067396658,-0.0066691907,-0.0065408824,-0.007920863,-0.0071807327,-0.008024356,-0.009567013,-0.009311165,-0.00992365,-0.010368221,-0.010975557,-0.010901447,-0.011142032,-0.011687381,-0.01190475,-0.012270315,-0.0125174895,-0.012549716,-0.012185739,-0.01169086,-0.011237466,-0.010760028,-0.01027411,-0.009854759,-0.00951022,-0.0093122255,-0.009103069,-0.008958252,-0.009005526,-0.009088868,-0.009109592,-0.009165772,-0.009088972,-0.008822881,-0.008761157,-0.008622979,-0.008391093,-0.008128672,-0.007979502,-0.007997006,-0.0074435733,-0.0070754588,-0.006874317,-0.0069248388,-0.0067324196,-0.006234645,-0.0059303087,-0.0020098216,-0.002320058,-0.002687639,-0.0029401854,-0.0031203052,-0.003288716,-0.0034285723,-0.0035166114,-0.0036181766,-0.0037064562,-0.0037875809,-0.0038374485,-0.0038689205,-0.0039048702,-0.003930278,-0.0039632637,-0.0039881775,-0.0039980174,-0.004005244,-0.0040175198,-0.0040226663,-0.004018332,-0.004013912,-0.0040209605,-0.004025125,-0.0040182937,-0.0040068026,-0.0039929175,-0.0039787106,-0.0039618337,-0.00394287,-0.0039206846,-0.0038965172,-0.003873608,-0.0038518035,-0.003829673,-0.0038070804,0.0,0.0,0.0,0.0,0.0,0.0,0.0,0.0,0.0,0.0,0.0,0.0,0.0,0.0,0.0,0.0,0.0,0.0,0.0,0.0,0.0,0.0,0.0,0.0,0.0,0.0,0.0,0.0,0.0,0.0,0.0,0.0,0.0,0.0,0.0,0.0,0.0,0.0,0.0,0.0,0.0,0.0,0.0,0.0,0.0,0.0,0.0,0.0,0.0,0.0,0.0,0.0,0.0,0.0,0.0,0.0,0.0,0.0,0.0,0.0,0.0,0.0,0.0,0.0,0.0,0.0,0.0,0.0,0.0,0.0,0.0,0.0,0.0,0.0,0.0,0.0,0.0,0.0,0.0,0.0,0.0,0.0,0.0,0.0,0.0,0.0,0.0,0.0,0.0,0.0,0.0,0.0,0.0,0.0,0.0,0.0,0.0,0.0,0.0,0.0,0.0,0.0,0.0,0.0,0.0,0.0,0.0,0.0,0.0,0.0,0.0,0.0,0.0,0.0,0.0,0.0,0.0,0.0,0.0,0.0,0.0,0.0,0.0,0.0,0.0,0.0,0.0,0.0,0.0,0.0,0.0,0.0,0.0,0.0,0.0,0.0,0.0,0.0,0.0,0.0,0.0,0.0,0.0,0.0,0.0,0.0,0.0,0.0,0.0,0.0,0.0,0.0,0.0,0.0,0.0,0.0,0.0,0.0,0.0,0.0,0.0,0.0,0.0,0.0,0.0,0.0,0.0,0.0,0.0,0.0,0.0,0.0,0.0,0.0,0.0,0.0,0.0,0.0,0.0,0.0,0.0,0.0,0.0,0.0,0.0,0.0,0.0,0.0,0.0,0.0,0.0,0.0,0.0,0.0,0.0,0.0,0.0,0.0,0.0,0.0,0.0,0.0,0.0,0.0,0.0,0.0,0.0,0.0,0.0,0.0,0.0,0.0,0.0,0.0,0.0,0.0,0.0,0.0,0.0,0.0,0.0,0.0,0.0,0.0,0.0,0.0,0.0,0.0,0.0,0.0,0.0,0.0,0.0,0.0,0.0,0.0,0.0,0.0,0.0,0.0,0.0,0.0,0.0,0.0,0.0,0.0,0.0,0.0,0.0,0.0,0.0,0.0,0.0,0.0,0.0,0.0,0.0,0.0,0.0,0.0,0.0,0.0,0.0,0.0,0.0,0.0,0.0,0.0,0.0,0.0,0.0,0.0,0.0,0.0,0.0,0.0,0.0,0.0,0.0,0.0,0.0,0.0,0.0,0.0,0.0,0.0,0.0,0.0,0.0,0.0,0.0,0.0,0.0,0.0,0.0,0.0,0.0,0.0,0.0,0.0,0.0,0.0,0.0,0.0,0.0,0.0,0.0,0.0,0.0,0.0,0.0,0.0,0.0,0.0,0.0,0.0,0.0,0.0,0.0,0.0,0.0,0.0,0.0,0.0,0.0,0.0,0.0,0.0,0.0,0.0,0.0,0.0,0.0,0.0,0.0,0.0,0.0,0.0,0.0,0.0,0.0,0.0,0.0,0.0,0.0,0.0,0.0,0.0,0.0,0.0,0.0,0.0,0.0,0.0,0.0,0.0,0.0,0.0,0.0,0.0,0.0,0.0,0.0,0.0,0.0,0.0,0.0,0.0,0.0,0.0,0.0,0.0,0.0,0.0,0.0,0.0,0.0,0.0,0.0,0.0,0.0,0.0,0.0,0.0,0.0,0.0,0.0,0.0,0.0,0.0,0.0,0.0,0.0,0.0,0.0,0.0,0.0,0.0,0.0,0.0,0.0,0.0,0.0,0.0,0.0,0.0,0.0,0.0,0.0,0.0,0.0,0.0,0.0,0.0,0.0,0.0,0.0,0.0,0.0,0.0,0.0,0.0,0.0,0.0,0.0,0.0,0.0,0.0,0.0,0.0,0.0,0.0,0.0,0.0,0.0,0.0,0.0,0.0,0.0,0.0,0.0,0.0,0.0,0.0,0.0,0.0,0.0,0.0,0.0,0.0,0.0,0.0,0.0,0.0,0.0,0.0,0.0,0.0,0.0,0.0,0.0,0.0,0.0,0.0,0.0,0.0,0.0,0.0,0.0,0.0,0.0,0.0,0.0,0.0,0.0,0.0,0.0,0.0,0.0,0.0,0.0,0.0,0.0,0.0,0.0,0.0,0.0,0.0,0.0,0.0,0.0,0.0,0.0,0.0,0.0,0.0,0.0,0.0,0.0,0.0,0.0,0.0,0.0,0.0,0.0,0.0,0.0,0.0,0.0,0.0,0.0,0.0,0.0,0.0,0.0,0.0,0.0,0.0,0.0,0.0,0.0,0.0,0.0,0.0,0.0,0.0,0.0,0.0,0.0,0.0,0.0,0.0,0.0,0.0,0.0,0.0,0.0,0.0,0.0,0.0,0.0,0.0,0.0,0.0,0.0,0.0,0.0,0.0,0.0,0.0,0.0,0.0,0.0,0.0,0.0,0.0,0.0,0.0,0.0,0.0,0.0,0.0,0.0,0.0,0.0,0.0,0.0,0.0,0.0,0.0,0.0,0.0,0.0,0.0,0.0,0.0,0.0,0.0,0.0,0.0,0.0,0.0,0.0,0.0,0.0,0.0,0.0,0.0,0.0,0.0,0.0,0.0,0.0,0.0,0.0,0.0,0.0,0.0,0.0,0.0,0.0,0.0,0.0,0.0,0.0,0.0,0.0,0.0,0.0,0.0,0.0,0.0,0.0,0.0,0.0,0.0,0.0,0.0,0.0,0.0,0.0,0.0,0.0,0.0,0.0,0.0,0.0,0.0,0.0,0.0,0.0,0.0,0.0,0.0,0.0,0.0,0.0,0.0,0.0,0.0,0.0,0.0,0.0,0.0,0.0,0.0,0.0,0.0,0.0,0.0,0.0,0.0,0.0,0.0,0.0,0.0,0.0,0.0,0.0,0.0,0.0,0.0,0.0,0.0,0.0,0.0,0.0,0.0,0.0,0.0,0.0,0.0,0.0,0.0,0.0,0.0,0.0,0.0,0.0,0.0,0.0,0.0,0.0,0.0,0.0,0.0,0.0,0.0,0.0,0.0,0.0,0.0,0.0,0.0,0.0,0.0,0.0,0.0,0.0,0.0,0.0,0.0,0.0,0.0,0.0,0.0,0.0,0.0,0.0,0.0,0.0,0.0,0.0,0.0,0.0,0.0,0.0,0.0,0.0,0.0,0.0,0.0,0.0,0.0,0.0,0.0,0.0,0.0,0.0,0.0,0.0,0.0,0.0,0.0,0.0,0.0,0.0,0.0,0.0,0.0,0.0,0.0,0.0,0.0,0.0,0.0,0.0,0.0,0.0,0.0,0.0,0.0,0.0,0.0,0.0,0.0,0.0,0.0,0.0,0.0,0.0,0.0,0.0,0.0,0.0,0.0,0.0,0.0,0.0,0.0,0.0,0.0,0.0,0.0,0.0,0.0,0.0,0.0,0.0,0.0,0.0,0.0,0.0,0.0,0.0,0.0,0.0,0.0,0.0,0.0,0.0,0.0,0.0,0.0,0.0,0.0,0.0,0.0,0.0,0.0,0.0,0.0,0.0,0.0,0.0,0.0,0.0,0.0,0.0,0.0,0.0,0.0,0.0,0.0,0.0,0.0,0.0,0.0,0.0,0.0,0.0,0.0,0.0,0.0,0.0,0.0,0.0,0.0,0.0,0.0,0.0,0.0,0.0,0.0,0.0,0.0,0.0,0.0,0.0,0.0,0.0,0.0,0.0,0.0,0.0,0.0,0.0,0.0,0.0,0.0,0.0,0.0,0.0,0.0,0.0,0.0,0.0,0.0,0.0,0.0,0.0,0.0,0.0,0.0,0.0,0.0,0.0,0.0,0.0,0.0,0.0,0.0,0.0,0.0,0.0,0.0,0.0,0.0,0.0,0.0,0.0,0.0,0.0,0.0,0.0,0.0,0.0,0.0,0.0,0.0,0.0,0.0,0.0,0.0,0.0,0.0,0.0,0.0,0.0,0.0,0.0,0.0,0.0,0.0,0.0,0.0,0.0,0.0,0.0,0.0,0.0,0.0,0.0,0.0,0.0,0.0,0.0,0.0,0.0,0.0,0.0,0.0,0.0,0.0,0.0,0.0,0.0,0.0,0.0,0.0,0.0,0.0,0.0,0.0,0.0,0.0,0.0,0.0,0.0,0.0,0.0,0.0,0.0,0.0,0.0,0.0,0.0,0.0,0.0,0.0,0.0,0.0,0.0,0.0,0.0,0.0,0.0,0.0,0.0,0.0,0.0,0.0,0.0,0.0,0.0,0.0,0.0,0.0,0.0,0.0,0.0,0.0,0.0,0.0,0.0,0.0,0.0,0.0,0.0,0.0,0.0,0.0,0.0,0.0,0.0,0.0,0.0,0.0,0.0,0.0,0.0,0.0,0.0,0.0,0.0,0.0,0.0,0.0,0.0,0.0,0.0,0.0,0.0,0.0,0.0,0.0,0.0,0.0,0.0,0.0,0.0,0.0,0.0,0.0,0.0,0.0,0.0,0.0,0.0,0.0,0.0,0.0,0.0,0.0,0.0,0.0,0.0,0.0,0.0,0.0,0.0,0.0,0.0,0.0,0.0,0.0,0.0,0.0,0.0,0.0,0.0,0.0,0.0,0.0,0.0,0.0,0.0,0.0,0.0,0.0,0.0,0.0,0.0,0.0,0.0,0.0,0.0,0.0,0.0,0.0,0.0,0.0,0.0,0.0,0.0,0.0,0.0,0.0,0.0,0.0,0.0,0.0,0.0,0.0,0.0,0.0,0.0,0.0,0.0,0.0,0.0,0.0,0.0,0.0,0.0,0.0,0.0,0.0,0.0,0.0,0.0,0.0,0.0,0.0,0.0,0.0,0.0,0.0,0.0,0.0,0.0,0.0,0.0,0.0,0.0,0.0,0.0,0.0,0.0,0.0,0.0,0.0,0.0,0.0,0.0,0.0,0.0,0.0,0.0,0.0,0.0,0.0,0.0,0.0,0.0,0.0,0.0,0.0,0.0,0.0,0.0,0.0,0.0,0.0,0.0,0.0,0.0,0.0,0.0,0.0,0.0,0.0,0.0,0.0,0.0,0.0,0.0,0.0,0.0,0.0,0.0,0.0,0.0,0.0,0.0,0.0,0.0,0.0,0.0,0.0,0.0,0.0,0.0,0.0,0.0,0.0,0.0,0.0,0.0,0.0,0.0,0.0,0.0,0.0,0.0,0.0,0.0,0.0,0.0,0.0,0.0,0.0,0.0,0.0,0.0,0.0,0.0,0.0,0.0,0.0,0.0,0.0,0.0,0.0,0.0,0.0,0.0,0.0,0.0,0.0,0.0,0.0,0.0,0.0,0.0,0.0,0.0,0.0,0.0,0.0,0.0,0.0,0.0,0.0,0.0,0.0,0.0,0.0,0.0,0.0,0.0,0.0,0.0,0.0,0.0,0.0,0.0,0.0,0.0,0.0,0.0,0.0,0.0,0.0,0.0,0.0,0.0,0.0,0.0,0.0,0.0,0.0,0.0,0.0,0.0,0.0,0.0,0.0,0.0,0.0,0.0,0.0,0.0,0.0,0.0,0.0,0.0,0.0,0.0,0.0,0.0,0.0,0.0,0.0,0.0,0.0,0.0,0.0,0.0,0.0,0.0,0.0,0.0,0.0,0.0,0.0,0.0,0.0,0.0,0.0,0.0,0.0,0.0,0.0,0.0,0.0,0.0,0.0,0.0,0.0,0.0,0.0,0.0,0.0,0.0,0.0,0.0,0.0,0.0,0.0,0.0,0.0,0.0,0.0,0.0,0.0,0.0,0.0,0.0,0.0,0.0,0.0,0.0,0.0,0.0,0.0,0.0,0.0,0.0,0.0,0.0,0.0,0.0,0.0,0.0,0.0,0.0,0.0,0.0,0.0,0.0,0.0,0.0,0.0,0.0,0.0,0.0,0.0,0.0,0.0,0.0,0.0,0.0,0.0,0.0,0.0,0.0,0.0,0.0,0.0,0.0,0.0,0.0,0.0,0.0,0.0,0.0,0.0,0.0,0.0,0.0,0.0,0.0,0.0,0.0,0.0,0.0,0.0,0.0,0.0,0.0,0.0,0.0,0.0,0.0,0.0,0.0,0.0,0.0,0.0,0.0,0.0,0.0,0.0,0.0,0.0,0.0,0.0,0.0,0.0,0.0,0.0,0.0,0.0,0.0,0.0,0.0,0.0,0.0,0.0,0.0,0.0,0.0,0.0,0.0,0.0,0.0,0.0,0.0,0.0,0.0,0.0,0.0,0.0,0.0,0.0,0.0,0.0,0.0,0.0,0.0,0.0,0.0,0.0,0.0,0.0,0.0,0.0,0.0,0.0,0.0,0.0,0.0,0.0,0.0,0.0,0.0,0.0,0.0,0.0,0.0,0.0,0.0,0.0,0.0,0.0,0.0,0.0,0.0,0.0,0.0,0.0,0.0,0.0,0.0,0.0,0.0,0.0,0.0,0.0,0.0,0.0,0.0,0.0,0.0,0.0,0.0,0.0,0.0,0.0,0.0,0.0,0.0,0.0,0.0,0.0,0.0,0.0,0.0,0.0,0.0,0.0,0.0,0.0,0.0,0.0,0.0,0.0,0.0,0.0,0.0,0.0,0.0,0.0,0.0,0.0,0.0,0.0,0.0,0.0,0.0,0.0,0.0,0.0,0.0,0.0,0.0,0.0,0.0,0.0,0.0,0.0,0.0,0.0,0.0,0.0,0.0,0.0,0.0,0.0,0.0,0.0,0.0,0.0,0.0,0.0,0.0,0.0,0.0,0.0,0.0,0.0,0.0,0.0,0.0,0.0,0.0,0.0,0.0,0.0,0.0,0.0,0.0,0.0,0.0,0.0,0.0,0.0,0.0,0.0,0.0,0.0,0.0,0.0,0.0,0.0,0.0,0.0,0.0,0.0,0.0,0.0,0.0,0.0,0.0,0.0,0.0,0.0,0.0,0.0,0.0,0.0,0.0,0.0,0.0,0.0,0.0,0.0,0.0,0.0,0.0,0.0,0.0,0.0,0.0,0.0,0.0,0.0,0.0,0.0,0.0,0.0,0.0,0.0,0.0,0.0,0.0,0.0,0.0,0.0,0.0,0.0,0.0,0.0,0.0,0.0,0.0,0.0,0.0,0.0,0.0,0.0,0.0,0.0,0.0,0.0,0.0,0.0,0.0,0.0,0.0,0.0,0.0,0.0,0.0,0.0,0.0,0.0,0.0,0.0,0.0,0.0,0.0,0.0,0.0,0.0,0.0,0.0,0.0,0.0,0.0,0.0,0.0,0.0,0.0,0.0,0.0,0.0,0.0,0.0,0.0,0.0,0.0,0.0,0.0,0.0,0.0,0.0,0.0,0.0,0.0,0.0,0.0,0.0,0.0,0.0,0.0,0.0,0.0,0.0,0.0,0.0,0.0,0.0,0.0,0.0,0.0,0.0,0.0,0.0,0.0,0.0,0.0,0.0,0.0,0.0,0.0,0.0,0.0,0.0,0.0,0.0,0.0,0.0,0.0,0.0,0.0,0.0,0.0,0.0,0.0,0.0,0.0,0.0,0.0,0.0,0.0,0.0,0.0,0.0,0.0,0.0,0.0,0.0,0.0,0.0,0.0,0.0,0.0,0.0,0.0,0.0,0.0,0.0,0.0,0.0,0.0,0.0,0.0,0.0,0.0,0.0,0.0,0.0,0.0,0.0,0.0,0.0,0.0,0.0,0.0,0.0,0.0,0.0,0.0,0.0,0.0,0.0,0.0,0.0,0.0,0.0,0.0,0.0,0.0,0.0,0.0,0.0,0.0,0.0,0.0,0.0,0.0,0.0,0.0,0.0,0.0,0.0,0.0,0.0,0.0,0.0,0.0,0.0,0.0,0.0,0.0,0.0,0.0,0.0,0.0,0.0,0.0,0.0,0.0,0.0,0.0,0.0,0.0,0.0,0.0,0.0,0.0,0.0,0.0,0.0,0.0,0.0,0.0,0.0,0.0,0.0,0.0,0.0,0.0,0.0,0.0,0.0,0.0,0.0,0.0,0.0,0.0,0.0,0.0,0.0,0.0,0.0,0.0,0.0,0.0,0.0,0.0,0.0,0.0,0.0,0.0,0.0,0.0,0.0,0.0,0.0,0.0,0.0,0.0,0.0,0.0,0.0,0.0,0.0,0.0,0.0,0.0,0.0,0.0,0.0,0.0,0.0,0.0,0.0,0.0,0.0,0.0,0.0,0.0,0.0,0.0,0.0,0.0,0.0,0.0,0.0,0.0,0.0,0.0,0.0,0.0,0.0,0.0,0.0,0.0,0.0,0.0,0.0,0.0,0.0,0.0,0.0,0.0,0.0,0.0,0.0,0.0,0.0,0.0,0.0,0.0,0.0,0.0,0.0,0.0,0.0,0.0,0.0,0.0,0.0,0.0,0.0,0.0,0.0,0.0,0.0,0.0,0.0,0.0,0.0,0.0,0.0,0.0,0.0,0.0,0.0,0.0,0.0,0.0,0.0,0.0,0.0,0.0,0.0,0.0,0.0,0.0,0.0,0.0,0.0,0.0,0.0,0.0,0.0,0.0,0.0,0.0,0.0,0.0,0.0,0.0,0.0,0.0,0.0,0.0,0.0,0.0,0.0,0.0,0.0,0.0,0.0,0.0,0.0,0.0,0.0,0.0,0.0,0.0,0.0,0.0,0.0,0.0,0.0,0.0,0.0,0.0,0.0,0.0,0.0,0.0,0.0,0.0,0.0,0.0,0.0,0.0,0.0,0.0,0.0,0.0,0.0,0.0,0.0,0.0,0.0,0.0,0.0,0.0,0.0,0.0,0.0,0.0,0.0,0.0,0.0,0.0,0.0,0.0,0.0,0.0,0.0,0.0,0.0,0.0,0.0,0.0,0.0,0.0,0.0,0.0,0.0,0.0,0.0,0.0,0.0,0.0,0.0,0.0,0.0,0.0,0.0,0.0,0.0,0.0,0.0,0.0,0.0,0.0,0.0,0.0,0.0,0.0,0.0,0.0,0.0,0.0,0.0,0.0,0.0,0.0,0.0,0.0,0.0,0.0,0.0,0.0,0.0,0.0,0.0,0.0,0.0,0.0,0.0,0.0,0.0,0.0,0.0,0.0,0.0,0.0,0.0,0.0,0.0,0.0,0.0,0.0,0.0,0.0,0.0,0.0,0.0,0.0,0.0,0.0,0.0,0.0,0.0,0.0,0.0,0.0,0.0,0.0,0.0,0.0,0.0,0.0,0.0,0.0,0.0,0.0,0.0,0.0,0.0,0.0,0.0,0.0,0.0,0.0,0.0,0.0,0.0,0.0,0.0,0.0,0.0,0.0,0.0,0.0,0.0,0.0,0.0,0.0,0.0,0.0,0.0,0.0,0.0,0.0,0.0,0.0,0.0,0.0,0.0,0.0,0.0,0.0,0.0,0.0,0.0,0.0,0.0,0.0,0.0,0.0,0.0,0.0,0.0,0.0,0.0,0.0,0.0,0.0,0.0,0.0,0.0,0.0,0.0,0.0,0.0,0.0,0.0,0.0,0.0,0.0,0.0,0.0,0.0,0.0,0.0,0.0,0.0,0.0,0.0,0.0,0.0,0.0,0.0,0.0,0.0,0.0,0.0,0.0,0.0,0.0,0.0,0.0,0.0,0.0,0.0,0.0,0.0,0.0,0.0,0.0,0.0,0.0,0.0,0.0,0.0,0.0,0.0,0.0,0.0,0.0,0.0,0.0,0.0,0.0,0.0,0.0,0.0,0.0,0.0,0.0,0.0,0.0,0.0,0.0,0.0,0.0,0.0,0.0,0.0,0.0,0.0,0.0,0.0,0.0,0.0,0.0,0.0,0.0,0.0,0.0,0.0,0.0,0.0,0.0,0.0,0.0,0.0,0.0,0.0,0.0,0.0,0.0,0.0,0.0,0.0,0.0,0.0,0.0,0.0,0.0,0.0,0.0,0.0,0.0,0.0,0.0,0.0,0.0,0.0,0.0,0.0,0.0,0.0,0.0,0.0,0.0,0.0,0.0,0.0,0.0,0.0,0.0,0.0,0.0,0.0,0.0,0.0,0.0,0.0,0.0,0.0,0.0,0.0,0.0,0.0,0.0,0.0,0.0,0.0,0.0,0.0,0.0,0.0,0.0,0.0,0.0,0.0,0.0,0.0,0.0,0.0,0.0,0.0,0.0,0.0,0.0,0.0,0.0,0.0,0.0,0.0,0.0,0.0,0.0,0.0,0.0,0.0,0.0,0.0,0.0,0.0,0.0,0.0,0.0,0.0,0.0,0.0,0.0,0.0,0.0,0.0,0.0,0.0,0.0,0.0,0.0,0.0,0.0,0.0,0.0,0.0,0.0,0.0,0.0,0.0,0.0,0.0
Tax32,0.0,-1.596341,-1.2311844,-0.8213905,-0.38310245,0.07428022,0.545936,1.0299526,1.5264279,2.0367396,2.5625591,3.1051135,3.6648426,4.1428933,4.732161,5.334363,5.949022,6.620545,7.174188,7.776886,8.376458,8.951511,9.465262,10.077449,10.775757,11.414352,12.127909,12.74413,13.351788,14.11375,15.091817,15.603561,16.707697,17.629232,18.780289,19.717928,20.665436,21.717873,22.172081,23.012608,24.00205,24.452272,25.745007,27.109241,28.337196,30.11408,31.979427,32.4934,33.53077,35.08178,35.67765,36.20855,37.57025,38.79929,40.372387,40.95701,41.474957,43.431946,43.01718,42.868916,41.59336,41.206543,41.079395,41.428955,43.0081,44.43355,29.942919,31.798466,51.66021,53.438465,55.69411,58.162292,59.57622,40.419357,65.307014,44.14331,46.065536,48.696865,50.672836,53.616276,56.22729,58.29182,60.507256,63.6303,67.42778,70.89982,110.343704,114.8879,120.12708,125.934975,131.30397,137.86081,144.65741,150.36328,151.78702,153.56297,155.72244,160.90611,164.10349,168.55884,172.01164,175.37741,180.30397,184.74608,187.81377,192.15843,196.81398,201.98146,207.41953,209.91147,214.43991,218.77979,222.36467,223.46051,224.0006,143.9817,147.1515,150.40633,152.43208,153.7239,154.51465,154.47884,153.15477,152.93729,151.64377,150.20361,147.74014,141.73453,135.5286,130.86324,126.102295,121.35582,117.28668,112.03415,105.72159,98.91216,92.23392,83.98453,75.979866,66.9863,57.58393,47.570095,39.45623,32.466976,26.255833,21.9874,17.171818,11.061661,5.301925,-0.14378434,-3.804758,-4.353768,1.0547283,7.6648235,12.85717,17.89964,22.51859,25.87768,27.61358,27.865305,28.26854,27.721018,25.34041,22.882599,21.50407,19.681152,19.280561,20.737228,20.080921,20.17023,21.104942,22.435345,22.68323,21.108606,25.267382,27.49696,25.30713,23.931198,24.303825,27.353254,28.738575,26.956316,19.03271,10.35187,4.376017,-0.05163529,-4.3970494,-8.022191,-10.1398115,-12.810952,-14.950776,-16.887804,-17.664558,-18.03985,-18.585491,-18.72682,-19.182121,-19.197315,-18.927542,-18.706083,-18.473818,-18.067625,-17.238014,-16.41016,-16.077097,-15.693198,-14.99186,-14.317846,-13.548182,-12.805864,-12.0697775,-11.128006,-10.25837,-9.365236,-8.570342,-7.9544683,-7.333315,-6.7296834,-6.2729588,-5.7576194,-5.269164,-4.8274555,-4.3522077,-3.990416,-3.7523606,-3.2461658,-3.0673082,-2.777232,-2.5211337,-2.2256489,-2.0554178,-1.9080598,-1.7665876,-1.6223763,-1.5287504,-1.4052577,-1.3203422,-1.1234039,-1.065148,-0.9359875,-0.8888881,-0.81975895,-0.73639154,-0.6596183,-0.59081405,-0.5303876,-0.47954562,-0.42973626,-0.39547703,-0.328545,-0.30411446,-0.2562829,-0.22359045,-0.21142107,-0.20123708,-0.19809109,-0.19521195,-0.1836763,-0.14392643,-0.14193061,-0.12614264,-0.10293573,-0.1010402,-0.09133669,-0.07515174,-0.06557205,-0.06447575,-0.05324293,-0.052462038,-0.051641617,-0.044251394,-0.03601548,-0.035409108,-0.034807652,-0.03421364,-0.033626642,-0.03301195,-0.03239168,-0.022447575,-0.010900196,-0.01070652,-0.0058726147,-0.0057614595,-0.0056526,-0.005542281,-0.00542469,-0.0053067496,-0.005186432,-0.005078125,-0.0049676346,-0.0048732795,-0.0047887806,-0.0047145425,-0.0046363324,-0.0045249183,-0.004371492,-0.0041765273,-0.003922592,-0.0036147255,-0.0032810643,-0.0029787843,-0.0027170833,-0.0023704015,-0.0019878529,-0.0015882879,-0.0011728364,-0.0007125926,-0.00024115318,0.00027857372,0.0009638164,0.001710065,0.0026150772,0.003578341,0.004653631,0.0059005003,0.0073060873,0.009078775,0.011221956,0.013844374,0.016590891,0.020215204,0.0,0.0,0.0,0.0,0.0,0.0,0.0,0.0,0.0,0.0,0.0,0.0,0.0,0.0,0.0,0.0,0.0,0.0,0.0,0.0,0.0,0.0,0.0,0.0,0.0,0.0,0.0,0.0,0.0,0.0,0.0,0.0,0.0,0.0,0.0,0.0,0.0,0.0,0.0,0.0,0.0,0.0,0.0,0.0,0.0,0.0,0.0,0.0,0.0,0.0,0.0,0.0,0.0,0.0,0.0,0.0,0.0,0.0,0.0,0.0,0.0,0.0,0.0,0.0,0.0,0.0,0.0,0.0,0.0,0.0,0.0,0.0,0.0,0.0,0.0,0.0,0.0,0.0,0.0,0.0,0.0,0.0,0.0,0.0,0.0,0.0,0.0,0.0,0.0,0.0,0.0,0.0,0.0,0.0,0.0,0.0,0.0,0.0,0.0,0.0,0.0,0.0,0.0,0.0,0.0,0.0,0.0,0.0,0.0,0.0,0.0,0.0,0.0,0.0,0.0,0.0,0.0,0.0,0.0,0.0,0.0,0.0,0.0,0.0,0.0,0.0,0.0,0.0,0.0,0.0,0.0,0.0,0.0,0.0,0.0,0.0,0.0,0.0,0.0,0.0,0.0,0.0,0.0,0.0,0.0,0.0,0.0,0.0,0.0,0.0,0.0,0.0,0.0,0.0,0.0,0.0,0.0,0.0,0.0,0.0,0.0,0.0,0.0,0.0,0.0,0.0,0.0,0.0,0.0,0.0,0.0,0.0,0.0,0.0,0.0,0.0,0.0,0.0,0.0,0.0,0.0,0.0,0.0,0.0,0.0,0.0,0.0,0.0,0.0,0.0,0.0,0.0,0.0,0.0,0.0,0.0,0.0,0.0,0.0,0.0,0.0,0.0,0.0,0.0,0.0,0.0,0.0,0.0,0.0,0.0,0.0,0.0,0.0,0.0,0.0,0.0,0.0,0.0,0.0,0.0,0.0,0.0,0.0,0.0,0.0,0.0,0.0,0.0,0.0,0.0,0.0,0.0,0.0,0.0,0.0,0.0,0.0,0.0,0.0,0.0,0.0,0.0,0.0,0.0,0.0,0.0,0.0,0.0,0.0,0.0,0.0,0.0,0.0,0.0,0.0,0.0,0.0,0.0,0.0,0.0,0.0,0.0,0.0,0.0,0.0,0.0,0.0,0.0,0.0,0.0,0.0,0.0,0.0,0.0,0.0,0.0,0.0,0.0,0.0,0.0,0.0,0.0,0.0,0.0,0.0,0.0,0.0,0.0,0.0,0.0,0.0,0.0,0.0,0.0,0.0,0.0,0.0,0.0,0.0,0.0,0.0,0.0,0.0,0.0,0.0,0.0,0.0,0.0,0.0,0.0,0.0,0.0,0.0,0.0,0.0,0.0,0.0,0.0,0.0,0.0,0.0,0.0,0.0,0.0,0.0,0.0,0.0,0.0,0.0,0.0,0.0,0.0,0.0,0.0,0.0,0.0,0.0,0.0,0.0,0.0,0.0,0.0,0.0,0.0,0.0,0.0,0.0,0.0,0.0,0.0,0.0,0.0,0.0,0.0,0.0,0.0,0.0,0.0,0.0,0.0,0.0,0.0,0.0,0.0,0.0,0.0,0.0,0.0,0.0,0.0,0.0,0.0,0.0,0.0,0.0,0.0,0.0,0.0,0.0,0.0,0.0,0.0,0.0,0.0,0.0,0.0,0.0,0.0,0.0,0.0,0.0,0.0,0.0,0.0,0.0,0.0,0.0,0.0,0.0,0.0,0.0,0.0,0.0,0.0,0.0,0.0,0.0,0.0,0.0,0.0,0.0,0.0,0.0,0.0,0.0,0.0,0.0,0.0,0.0,0.0,0.0,0.0,0.0,0.0,0.0,0.0,0.0,0.0,0.0,0.0,0.0,0.0,0.0,0.0,0.0,0.0,0.0,0.0,0.0,0.0,0.0,0.0,0.0,0.0,0.0,0.0,0.0,0.0,0.0,0.0,0.0,0.0,0.0,0.0,0.0,0.0,0.0,0.0,0.0,0.0,0.0,0.0,0.0,0.0,0.0,0.0,0.0,0.0,0.0,0.0,0.0,0.0,0.0,0.0,0.0,0.0,0.0,0.0,0.0,0.0,0.0,0.0,0.0,0.0,0.0,0.0,0.0,0.0,0.0,0.0,0.0,0.0,0.0,0.0,0.0,0.0,0.0,0.0,0.0,0.0,0.0,0.0,0.0,0.0,0.0,0.0,0.0,0.0,0.0,0.0,0.0,0.0,0.0,0.0,0.0,0.0,0.0,0.0,0.0,0.0,0.0,0.0,0.0,0.0,0.0,0.0,0.0,0.0,0.0,0.0,0.0,0.0,0.0,0.0,0.0,0.0,0.0,0.0,0.0,0.0,0.0,0.0,0.0,0.0,0.0,0.0,0.0,0.0,0.0,0.0,0.0,0.0,0.0,0.0,0.0,0.0,0.0,0.0,0.0,0.0,0.0,0.0,0.0,0.0,0.0,0.0,0.0,0.0,0.0,0.0,0.0,0.0,0.0,0.0,0.0,0.0,0.0,0.0,0.0,0.0,0.0,0.0,0.0,0.0,0.0,0.0,0.0,0.0,0.0,0.0,0.0,0.0,0.0,0.0,0.0,0.0,0.0,0.0,0.0,0.0,0.0,0.0,0.0,0.0,0.0,0.0,0.0,0.0,0.0,0.0,0.0,0.0,0.0,0.0,0.0,0.0,0.0,0.0,0.0,0.0,0.0,0.0,0.0,0.0,0.0,0.0,0.0,0.0,0.0,0.0,0.0,0.0,0.0,0.0,0.0,0.0,0.0,0.0,0.0,0.0,0.0,0.0,0.0,0.0,0.0,0.0,0.0,0.0,0.0,0.0,0.0,0.0,0.0,0.0,0.0,0.0,0.0,0.0,0.0,0.0,0.0,0.0,0.0,0.0,0.0,0.0,0.0,0.0,0.0,0.0,0.0,0.0,0.0,0.0,0.0,0.0,0.0,0.0,0.0,0.0,0.0,0.0,0.0,0.0,0.0,0.0,0.0,0.0,0.0,0.0,0.0,0.0,0.0,0.0,0.0,0.0,0.0,0.0,0.0,0.0,0.0,0.0,0.0,0.0,0.0,0.0,0.0,0.0,0.0,0.0,0.0,0.0,0.0,0.0,0.0,0.0,0.0,0.0,0.0,0.0,0.0,0.0,0.0,0.0,0.0,0.0,0.0,0.0,0.0,0.0,0.0,0.0,0.0,0.0,0.0,0.0,0.0,0.0,0.0,0.0,0.0,0.0,0.0,0.0,0.0,0.0,0.0,0.0,0.0,0.0,0.0,0.0,0.0,0.0,0.0,0.0,0.0,0.0,0.0,0.0,0.0,0.0,0.0,0.0,0.0,0.0,0.0,0.0,0.0,0.0,0.0,0.0,0.0,0.0,0.0,0.0,0.0,0.0,0.0,0.0,0.0,0.0,0.0,0.0,0.0,0.0,0.0,0.0,0.0,0.0,0.0,0.0,0.0,0.0,0.0,0.0,0.0,0.0,0.0,0.0,0.0,0.0,0.0,0.0,0.0,0.0,0.0,0.0,0.0,0.0,0.0,0.0,0.0,0.0,0.0,0.0,0.0,0.0,0.0,0.0,0.0,0.0,0.0,0.0,0.0,0.0,0.0,0.0,0.0,0.0,0.0,0.0,0.0,0.0,0.0,0.0,0.0,0.0,0.0,0.0,0.0,0.0,0.0,0.0,0.0,0.0,0.0,0.0,0.0,0.0,0.0,0.0,0.0,0.0,0.0,0.0,0.0,0.0,0.0,0.0,0.0,0.0,0.0,0.0,0.0,0.0,0.0,0.0,0.0,0.0,0.0,0.0,0.0,0.0,0.0,0.0,0.0,0.0,0.0,0.0,0.0,0.0,0.0,0.0,0.0,0.0,0.0,0.0,0.0,0.0,0.0,0.0,0.0,0.0,0.0,0.0,0.0,0.0,0.0,0.0,0.0,0.0,0.0,0.0,0.0,0.0,0.0,0.0,0.0,0.0,0.0,0.0,0.0,0.0,0.0,0.0,0.0,0.0,0.0,0.0,0.0,0.0,0.0,0.0,0.0,0.0,0.0,0.0,0.0,0.0,0.0,0.0,0.0,0.0,0.0,0.0,0.0,0.0,0.0,0.0,0.0,0.0,0.0,0.0,0.0,0.0,0.0,0.0,0.0,0.0,0.0,0.0,0.0,0.0,0.0,0.0,0.0,0.0,0.0,0.0,0.0,0.0,0.0,0.0,0.0,0.0,0.0,0.0,0.0,0.0,0.0,0.0,0.0,0.0,0.0,0.0,0.0,0.0,0.0,0.0,0.0,0.0,0.0,0.0,0.0,0.0,0.0,0.0,0.0,0.0,0.0,0.0,0.0,0.0,0.0,0.0,0.0,0.0,0.0,0.0,0.0,0.0,0.0,0.0,0.0,0.0,0.0,0.0,0.0,0.0,0.0,0.0,0.0,0.0,0.0,0.0,0.0,0.0,0.0,0.0,0.0,0.0,0.0,0.0,0.0,0.0,0.0,0.0,0.0,0.0,0.0,0.0,0.0,0.0,0.0,0.0,0.0,0.0,0.0,0.0,0.0,0.0,0.0,0.0,0.0,0.0,0.0,0.0,0.0,0.0,0.0,0.0,0.0,0.0,0.0,0.0,0.0,0.0,0.0,0.0,0.0,0.0,0.0,0.0,0.0,0.0,0.0,0.0,0.0,0.0,0.0,0.0,0.0,0.0,0.0,0.0,0.0,0.0,0.0,0.0,0.0,0.0,0.0,0.0,0.0,0.0,0.0,0.0,0.0,0.0,0.0,0.0,0.0,0.0,0.0,0.0,0.0,0.0,0.0,0.0,0.0,0.0,0.0,0.0,0.0,0.0,0.0,0.0,0.0,0.0,0.0,0.0,0.0,0.0,0.0,0.0,0.0,0.0,0.0,0.0,0.0,0.0,0.0,0.0,0.0,0.0,0.0,0.0,0.0,0.0,0.0,0.0,0.0,0.0,0.0,0.0,0.0,0.0,0.0,0.0,0.0,0.0,0.0,0.0,0.0,0.0,0.0,0.0,0.0,0.0,0.0,0.0,0.0,0.0,0.0,0.0,0.0,0.0,0.0,0.0,0.0,0.0,0.0,0.0,0.0,0.0,0.0,0.0,0.0,0.0,0.0,0.0,0.0,0.0,0.0,0.0,0.0,0.0,0.0,0.0,0.0,0.0,0.0,0.0,0.0,0.0,0.0,0.0,0.0,0.0,0.0,0.0,0.0,0.0,0.0,0.0,0.0,0.0,0.0,0.0,0.0,0.0,0.0,0.0,0.0,0.0,0.0,0.0,0.0,0.0,0.0,0.0,0.0,0.0,0.0,0.0,0.0,0.0,0.0,0.0,0.0,0.0,0.0,0.0,0.0,0.0,0.0,0.0,0.0,0.0,0.0,0.0,0.0,0.0,0.0,0.0,0.0,0.0,0.0,0.0,0.0,0.0,0.0,0.0,0.0,0.0,0.0,0.0,0.0,0.0,0.0,0.0,0.0,0.0,0.0,0.0,0.0,0.0,0.0,0.0,0.0,0.0,0.0,0.0,0.0,0.0,0.0,0.0,0.0,0.0,0.0,0.0,0.0,0.0,0.0,0.0,0.0,0.0,0.0,0.0,0.0,0.0,0.0,0.0,0.0,0.0,0.0,0.0,0.0,0.0,0.0,0.0,0.0,0.0,0.0,0.0,0.0,0.0,0.0,0.0,0.0,0.0,0.0,0.0,0.0,0.0,0.0,0.0,0.0,0.0,0.0,0.0,0.0,0.0,0.0,0.0,0.0,0.0,0.0,0.0,0.0,0.0,0.0,0.0,0.0,0.0,0.0,0.0,0.0,0.0,0.0,0.0,0.0,0.0,0.0,0.0,0.0,0.0,0.0,0.0,0.0,0.0,0.0,0.0,0.0,0.0,0.0,0.0,0.0,0.0,0.0,0.0,0.0,0.0,0.0,0.0,0.0,0.0,0.0,0.0,0.0,0.0,0.0,0.0,0.0,0.0,0.0,0.0,0.0,0.0,0.0,0.0,0.0,0.0,0.0,0.0,0.0,0.0,0.0,0.0,0.0,0.0,0.0,0.0,0.0,0.0,0.0,0.0,0.0,0.0,0.0,0.0,0.0,0.0,0.0,0.0,0.0,0.0,0.0,0.0,0.0,0.0,0.0,0.0,0.0,0.0,0.0,0.0,0.0,0.0,0.0,0.0,0.0,0.0,0.0,0.0,0.0,0.0,0.0,0.0,0.0,0.0,0.0,0.0,0.0,0.0,0.0,0.0,0.0,0.0,0.0,0.0,0.0,0.0,0.0,0.0,0.0,0.0,0.0,0.0,0.0,0.0,0.0,0.0,0.0,0.0,0.0,0.0,0.0,0.0,0.0,0.0,0.0,0.0,0.0,0.0,0.0,0.0,0.0,0.0,0.0,0.0,0.0,0.0,0.0,0.0,0.0,0.0,0.0,0.0,0.0,0.0,0.0,0.0,0.0,0.0,0.0,0.0,0.0,0.0,0.0,0.0,0.0,0.0,0.0,0.0,0.0,0.0,0.0,0.0,0.0,0.0,0.0,0.0,0.0,0.0,0.0,0.0,0.0,0.0,0.0,0.0,0.0,0.0,0.0,0.0,0.0,0.0,0.0,0.0,0.0,0.0,0.0,0.0,0.0,0.0,0.0,0.0,0.0,0.0,0.0,0.0,0.0,0.0,0.0,0.0,0.0,0.0,0.0,0.0,0.0,0.0,0.0,0.0,0.0,0.0,0.0,0.0,0.0,0.0,0.0,0.0,0.0,0.0,0.0,0.0,0.0,0.0,0.0,0.0,0.0,0.0,0.0,0.0,0.0,0.0,0.0,0.0,0.0,0.0,0.0,0.0,0.0,0.0,0.0,0.0,0.0,0.0,0.0,0.0,0.0,0.0,0.0,0.0,0.0,0.0,0.0,0.0,0.0,0.0,0.0,0.0,0.0,0.0,0.0,0.0,0.0,0.0,0.0,0.0,0.0,0.0,0.0,0.0,0.0,0.0,0.0,0.0,0.0,0.0,0.0,0.0,0.0,0.0,0.0,0.0,0.0,0.0,0.0,0.0,0.0,0.0,0.0,0.0,0.0,0.0,0.0,0.0,0.0,0.0,0.0,0.0,0.0,0.0,0.0,0.0,0.0,0.0,0.0,0.0,0.0,0.0,0.0,0.0,0.0,0.0,0.0,0.0,0.0,0.0,0.0,0.0,0.0,0.0,0.0,0.0,0.0,0.0,0.0,0.0,0.0,0.0,0.0,0.0,0.0,0.0,0.0,0.0,0.0,0.0,0.0,0.0,0.0,0.0,0.0,0.0,0.0,0.0,0.0,0.0,0.0,0.0,0.0,0.0,0.0,0.0,0.0,0.0,0.0,0.0,0.0,0.0,0.0,0.0,0.0,0.0,0.0,0.0,0.0,0.0,0.0,0.0,0.0,0.0,0.0,0.0,0.0,0.0,0.0,0.0,0.0,0.0,0.0,0.0,0.0,0.0,0.0,0.0,0.0,0.0,0.0,0.0,0.0,0.0,0.0,0.0,0.0,0.0,0.0,0.0,0.0,0.0,0.0,0.0,0.0,0.0,0.0,0.0,0.0,0.0,0.0,0.0,0.0,0.0,0.0,0.0,0.0,0.0,0.0,0.0,0.0,0.0,0.0,0.0,0.0,0.0,0.0,0.0,0.0,0.0,0.0,0.0,0.0,0.0,0.0,0.0,0.0,0.0,0.0,0.0,0.0,0.0,0.0,0.0,0.0,0.0,0.0,0.0,0.0,0.0,0.0,0.0,0.0,0.0,0.0,0.0,0.0,0.0,0.0,0.0,0.0,0.0,0.0,0.0,0.0,0.0,0.0,0.0,0.0,0.0,0.0,0.0,0.0,0.0,0.0,0.0,0.0,0.0,0.0,0.0,0.0,0.0,0.0,0.0,0.0,0.0,0.0,0.0,0.0,0.0,0.0,0.0,0.0,0.0,0.0,0.0,0.0,0.0,0.0,0.0,0.0,0.0,0.0,0.0,0.0,0.0,0.0,0.0,0.0,0.0,0.0,0.0,0.0,0.0,0.0,0.0,0.0,0.0,0.0,0.0,0.0,0.0,0.0,0.0,0.0,0.0,0.0,0.0,0.0,0.0,0.0,0.0,0.0,0.0,0.0,0.0,0.0,0.0,0.0,0.0,0.0,0.0,0.0,0.0,0.0,0.0,0.0,0.0,0.0,0.0,0.0,0.0,0.0,0.0,0.0,0.0,0.0,0.0,0.0,0.0,0.0,0.0,0.0,0.0,0.0,0.0,0.0,0.0,0.0,0.0,0.0,0.0,0.0,0.0,0.0,0.0,0.0,0.0,0.0,0.0,0.0,0.0,0.0,0.0,0.0,0.0,0.0,0.0,0.0,0.0,0.0,0.0,0.0,0.0,0.0,0.0,0.0,0.0,0.0,0.0,0.0,0.0,0.0,0.0,0.0,0.0,0.0,0.0,0.0,0.0,0.0,0.0,0.0,0.0,0.0,0.0,0.0,0.0,0.0,0.0,0.0,0.0,0.0,0.0,0.0,0.0,0.0,0.0,0.0,0.0,0.0,0.0,0.0,0.0,0.0,0.0,0.0,0.0,0.0,0.0,0.0,0.0,0.0,0.0,0.0,0.0,0.0,0.0,0.0,0.0,0.0,0.0,0.0,0.0,0.0,0.0,0.0,0.0,0.0,0.0,0.0,0.0,0.0,0.0,0.0,0.0,0.0,0.0,0.0,0.0,0.0,0.0,0.0,0.0,0.0,0.0,0.0,0.0,0.0,0.0,0.0,0.0,0.0,0.0,0.0,0.0,0.0,0.0,0.0,0.0,0.0,0.0,0.0,0.0,0.0,0.0,0.0,0.0,0.0,0.0,0.0,0.0,0.0,0.0,0.0,0.0,0.0,0.0,0.0,0.0,0.0,0.0,0.0,0.0,0.0,0.0,0.0,0.0,0.0,0.0,0.0,0.0,0.0,0.0,0.0,0.0,0.0,0.0,0.0,0.0,0.0,0.0,0.0,0.0,0.0,0.0,0.0,0.0,0.0,0.0,0.0,0.0,0.0,0.0,0.0,0.0,0.0,0.0,0.0,0.0,0.0,0.0,0.0,0.0,0.0,0.0,0.0,0.0,0.0,0.0,0.0,0.0,0.0,0.0,0.0,0.0,0.0,0.0,0.0,0.0,0.0,0.0,0.0,0.0,0.0,0.0,0.0,0.0,0.0,0.0,0.0,0.0,0.0,0.0,0.0,0.0,0.0,0.0,0.0,0.0,0.0,0.0,0.0,0.0,0.0,0.0,0.0,0.0,0.0,0.0,0.0,0.0,0.0,0.0,0.0,0.0,0.0,0.0,0.0,0.0,0.0,0.0,0.0,0.0,0.0,0.0,0.0,0.0,0.0,0.0,0.0,0.0,0.0,0.0,0.0,0.0,0.0,0.0,0.0,0.0,0.0,0.0,0.0,0.0,0.0,0.0,0.0,0.0,0.0,0.0,0.0,0.0,0.0,0.0,0.0,0.0,0.0,0.0,0.0,0.0,0.0,0.0,0.0,0.0,0.0,0.0,0.0,0.0,0.0,0.0,0.0,0.0,0.0,0.0,0.0,0.0,0.0,0.0,0.0,0.0,0.0,0.0,0.0,0.0,0.0,0.0,0.0,0.0,0.0,0.0,0.0,0.0,0.0,0.0,0.0,0.0,0.0,0.0,0.0,0.0,0.0,0.0,0.0,0.0,0.0,0.0,0.0,0.0,0.0,0.0,0.0,0.0,0.0,0.0,0.0,0.0,0.0,0.0,0.0,0.0,0.0,0.0,0.0,0.0,0.0,0.0,0.0,0.0,0.0,0.0,0.0,0.0,0.0,0.0,0.0,0.0,0.0,0.0,0.0,0.0,0.0,0.0,0.0,0.0,0.0,0.0,0.0,0.0,0.0,0.0,0.0,0.0,0.0,0.0,0.0,0.0,0.0,0.0,0.0,0.0,0.0,0.0,0.0,0.0,0.0,0.0,0.0,0.0,0.0,0.0,0.0,0.0,0.0,0.0,0.0,0.0,0.0,0.0,0.0,0.0,0.0,0.0,0.0,0.0,0.0,0.0,0.0,0.0,0.0,0.0,0.0,0.0,0.0,0.0,0.0,0.0,0.0,0.0,0.0,0.0,0.0,0.0,0.0,0.0,0.0,0.0,0.0,0.0,0.0,0.0,0.0,0.0,0.0,0.0,0.0,0.0,0.0,0.0,0.0,0.0,0.0,0.0,0.0,0.0,0.0,0.0,0.0,0.0,0.0,0.0,0.0,0.0,0.0,0.0,0.0,0.0,0.0,0.0,0.0,0.0,0.0,0.0,0.0,0.0,0.0,0.0,0.0,0.0,0.0,0.0,0.0,0.0,0.0,0.0,0.0,0.0,0.0,0.0,0.0,0.0,0.0,0.0,0.0,0.0,0.0,0.0,0.0,0.0,0.0,0.0,0.0,0.0,0.0,0.0,0.0,0.0,0.0,0.0,0.0,0.0,0.0,0.0,0.0,0.0,0.0,0.0,0.0,0.0,0.0,0.0,0.0,0.0,0.0,0.0,0.0,0.0,0.0,0.0,0.0,0.0,0.0,0.0,0.0,0.0,0.0,0.0,0.0,0.0,0.0,0.0,0.0,0.0,0.0,0.0,0.0,0.0,0.0,0.0,0.0,0.0,0.0,0.0,0.0,0.0,0.0,0.0,0.0,0.0,0.0,0.0,0.0,0.0,0.0,0.0,0.0,0.0,0.0,0.0,0.0,0.0,0.0,0.0,0.0,0.0,0.0,0.0,0.0,0.0,0.0,0.0,0.0,0.0,0.0,0.0,0.0,0.0,0.0,0.0,0.0,0.0,0.0,0.0,0.0,0.0,0.0,0.0,0.0,0.0,0.0,0.0,0.0,0.0,0.0,0.0,0.0,0.0,0.0,0.0,0.0,0.0,0.0,0.0,0.0,0.0,0.0,0.0,0.0,0.0,0.0,0.0,0.0,0.0,0.0,0.0,0.0,0.0,0.0,0.0,0.0,0.0,0.0,0.0,0.0,0.0,0.0,0.0,0.0,0.0,0.0,0.0,0.0,0.0,0.0,0.0,0.0,0.0,0.0,0.0,0.0,0.0,0.0,0.0,0.0,0.0,0.0,0.0,0.0,0.0,0.0,0.0,0.0,0.0,0.0,0.0,0.0,0.0,0.0,0.0,0.0,0.0,0.0,0.0,0.0,0.0,0.0,0.0,0.0,0.0,0.0,0.0,0.0,0.0,0.0,0.0,0.0,0.0,0.0,0.0,0.0,0.0,0.0,0.0,0.0,0.0,0.0,0.0,0.0,0.0,0.0,0.0,0.0,0.0,0.0,0.0,0.0,0.0,0.0,0.0,0.0,0.0,0.0,0.0,0.0,0.0,0.0,0.0,0.0,0.0,0.0,0.0
Tax33,0.0,-1.0192344,-0.86098737,-0.6827935,-0.4926858,-0.29527742,-0.094007954,0.108780436,0.31147966,0.51312584,0.7128332,0.90969145,1.1031992,1.2935015,1.4801416,1.660298,1.8609049,2.0382147,2.2153695,2.4288926,2.6180434,2.8024786,3.017153,3.1840374,3.319215,3.568585,3.6761026,3.8414762,3.9848428,4.232376,4.251527,4.355763,4.5698442,4.806281,4.992635,5.189945,5.4393687,5.6696577,5.8353405,5.931088,6.0713634,6.335129,6.654683,7.0297537,7.3300543,7.610583,7.8423357,7.9014134,8.029283,8.1910095,8.464205,8.467189,8.568223,8.618626,8.660452,8.812332,8.76143,8.669461,8.4087715,8.274617,7.7836294,7.5552187,7.330446,7.0569544,7.1562567,7.4388065,0.6797243,0.76818085,8.069605,8.405264,8.679574,8.92686,9.096848,0.9969664,9.400509,1.0428588,1.11325,1.1218,1.2493364,1.2944597,1.3857524,1.4536699,1.4587089,1.5116627,1.6458973,1.7619005,11.54718,11.600422,11.950869,12.169791,12.603483,13.076884,13.355686,13.857218,13.495487,13.129879,13.26291,13.511514,13.463689,13.370026,13.581943,13.610973,13.668993,13.76722,14.100077,14.019916,13.964326,14.111176,14.040278,14.169554,14.200029,14.168858,14.32092,14.253101,13.790227,0.12935711,0.13607477,0.13815746,0.15138817,0.041178674,-0.12456678,-0.28360868,-0.4083349,-0.56925935,-0.7088164,-0.86015886,-1.005558,-1.3108851,-1.6145933,-1.7952157,-2.020452,-2.154143,-2.3416486,-2.5128245,-2.7248256,-2.949981,-3.1291082,-3.3467588,-3.562738,-3.7932074,-3.9994695,-4.205717,-4.387688,-4.5246735,-4.64146,-4.7143426,-4.7971725,-4.888634,-4.977251,-5.0701504,-5.08574,-5.0141683,-4.7899694,-4.5354443,-4.3386116,-4.0977974,-3.8952425,-3.734108,-3.6176662,-3.5294826,-3.4517233,-3.3555696,-3.3610532,-3.3752632,-3.3524206,-3.3421636,-3.2901802,-3.203355,-3.1498072,-3.092388,-3.016699,-2.9449499,-2.8686693,-2.870281,-2.6831334,-2.5647595,-2.5779054,-2.592276,-2.5437257,-2.4019697,-2.3051713,-2.3234828,-2.5262973,-2.7488465,-2.8719683,-2.9580727,-2.9957168,-3.040761,-3.0401342,-3.0907276,-3.112199,-3.101219,-3.0962958,-3.0548804,-3.0392902,-2.9826,-2.9310453,-2.8973467,-2.82146,-2.7318652,-2.6963725,-2.6216779,-2.5738914,-2.537678,-2.4790237,-2.4304514,-2.3566232,-2.3143687,-2.208729,-2.1441042,-2.0850017,-2.0272787,-1.9443147,-1.9146472,-1.8608814,-1.824857,-1.7815596,-1.7391273,-1.6700145,-1.612811,-1.5554607,-1.5245653,-1.4928141,-1.4210262,-1.3965814,-1.3514338,-1.2991128,-1.2556827,-1.195414,-1.175196,-1.1546875,-1.1282121,-1.10097,-1.0691563,-1.026909,-0.9876693,-0.94797254,-0.91658676,-0.9058542,-0.8713942,-0.8394187,-0.8153504,-0.79442537,-0.7666984,-0.7576987,-0.71769524,-0.67683977,-0.6689069,-0.65524244,-0.63841957,-0.6221237,-0.6075274,-0.6004085,-0.58802277,-0.5606995,-0.54651564,-0.53561294,-0.51965004,-0.502352,-0.4872896,-0.46109775,-0.44300506,-0.42441556,-0.41170555,-0.3952916,-0.36263373,-0.3583889,-0.3504808,-0.33118019,-0.327281,-0.31315783,-0.29921222,-0.2841173,-0.27307978,-0.25916773,-0.25156838,-0.2322048,-0.2139138,-0.2052848,-0.19879664,-0.1892517,-0.18704203,-0.1784291,-0.1763514,-0.1742972,-0.16747129,-0.16551763,-0.16086794,-0.15529422,-0.15000701,-0.14543913,-0.13983682,-0.13819572,-0.13274097,-0.1311574,-0.12686914,-0.122782916,-0.115191154,-0.113103226,-0.10739389,-0.10229601,-0.10017519,-0.09760957,-0.09475945,-0.09171924,-0.08850249,-0.08498793,-0.0760204,-0.0723285,-0.065452375,-0.058707166,-0.053030554,-0.047089156,-0.03968228,-0.032589026,-0.0249128,-0.015553496,-0.004716437,0.007898947,0.019892823,0.034300987,0.059219304,0.10092173,0.14959835,0.19477879,0.21011083,0.21576308,0.22284065,0.23293331,0.24102347,0.25699332,0.27514577,0.2891237,0.32111847,0.34925717,0.38183367,0.42059332,0.46415535,1.4538361,1.6837791,1.9340713,2.1550965,2.4592474,2.810422,3.1618817,3.502597,3.732767,3.9057574,3.9848711,3.9951215,3.732825,3.12523,2.1542785,1.195907,0.48080978,0.07079383,-0.09263182,-0.17051885,-0.18707499,-0.16910452,-0.15737155,-0.15015747,-0.14072488,-0.12769291,-0.10807292,-0.09328689,-0.35904852,-0.3206928,-0.27852294,-0.23469044,-0.19051047,-0.14677306,-0.10393743,-0.06226258,-0.021945816,0.016869236,0.054134324,0.08975986,0.12382967,0.15635113,0.18724829,0.21649861,0.24389245,0.26991007,0.294289,0.3167656,0.33798113,0.35799012,0.3983919,0.41713804,0.43230158,0.4556685,0.48700333,0.5279879,0.54288477,0.57107836,0.5933981,0.6277974,0.6435651,0.72079927,0.72874427,0.757532,0.77377,0.79577345,0.77318686,0.79319996,0.829851,0.8657539,0.9072801,0.9475095,0.9177887,0.96376264,1.0181295,1.0275478,1.0505432,1.0081437,0.9619738,0.9879829,1.0080744,1.0206174,1.0467378,0.9764271,1.0019277,0.954491,0.91136557,0.8495697,0.83878523,0.8140959,0.7775027,0.8045004,0.8148132,-0.13080561,-0.10595104,0.96321404,0.9750248,0.9800896,1.0587124,1.0656716,-0.08323326,1.0911525,-0.058858756,-0.045409746,-0.034532603,-0.021817226,-3.47835e-05,0.022960005,0.029760063,0.038107656,0.046049777,0.07943755,0.10494257,1.5523382,1.5872691,1.6372348,1.7119715,1.7926289,1.7340152,1.8736386,1.8648487,1.9214708,1.8318229,1.8406713,1.9078912,2.0087752,2.019257,1.9703413,1.938928,2.0744734,2.016109,1.9882376,2.0262764,1.9775312,2.0321934,2.0471246,2.074281,2.1617904,2.151403,2.2634807,2.2799864,2.193888,-0.0017923496,0.008223981,0.034051877,0.07223368,0.07038523,-0.0040151794,0.025236111,0.014147881,0.010674588,-0.008777373,-0.021309122,-0.036361072,-0.0657908,-0.12032268,-0.12812553,-0.16265734,-0.19103694,-0.23730074,-0.27686653,-0.30145997,-0.35433474,-0.3866994,-0.4326158,-0.4921061,-0.5553189,-0.59676594,-0.6525219,-0.6951795,-0.7241575,-0.74102324,-0.753951,-0.7523701,-0.7782734,-0.80418783,-0.8185893,-0.8344288,-0.8271414,-0.79887044,-0.76148206,-0.7170901,-0.6616228,-0.6281993,-0.59380555,-0.56564903,-0.5533199,-0.54042864,-0.531599,-0.52673215,-0.5316073,-0.53323054,-0.5367851,-0.52631056,-0.5054271,-0.50180066,-0.48909217,-0.4764274,-0.4573067,-0.4487433,-0.45070922,-0.4116443,-0.38710243,-0.39154592,-0.38514152,-0.37456682,-0.34664682,-0.32754213,-0.33041772,-0.37388423,-0.4309389,-0.46188787,-0.4904092,-0.48949492,-0.509676,-0.5217825,-0.5353873,-0.54663235,-0.55647045,-0.55049926,-0.5526501,-0.55526304,-0.54885507,-0.53724504,-0.53794473,-0.53653306,-0.52592325,-0.5120257,-0.50993156,-0.4958774,-0.49268907,-0.47995487,-0.46906453,-0.46561325,-0.4482315,-0.44417515,-0.4322541,-0.42798662,-0.423551,-0.41889188,-0.3980227,-0.38742632,-0.3831315,-0.3685929,-0.3482467,-0.33836123,-0.33446303,-0.3247663,-0.30768207,-0.3041015,-0.30055076,-0.2898531,-0.28646025,-0.28311756,-0.26638892,-0.26327905,-0.25184035,-0.24302688,-0.21993211,-0.21097608,-0.20153695,-0.19917302,-0.19089231,-0.18348539,-0.18134134,-0.17921892,-0.17711996,-0.16910258,-0.16065589,-0.15174817,-0.14995174,-0.14334288,-0.13312215,-0.13156192,-0.13002048,-0.12849848,-0.12699445,-0.109371334,-0.10165664,-0.10046549,-0.09929392,-0.09402687,-0.08835083,-0.08730425,-0.08626806,-0.08524487,-0.08422721,-0.07687001,-0.067979164,-0.067196295,-0.066417865,-0.0656404,-0.060971126,-0.060257617,-0.055286024,-0.050376456,-0.049783066,-0.049203157,-0.048635416,-0.048066743,-0.04750572,-0.043925326,-0.043413106,-0.035250172,-0.03484264,-0.03443984,-0.034039296,-0.03364273,-0.028352141,-0.028022885,-0.027696652,-0.027374107,-0.027055485,-0.026739845,-0.026426615,-0.026115397,-0.0258064,-0.025500871,-0.025199383,-0.024903508,-0.024611725,-0.024317555,-0.024012871,-0.023686502,-0.023315258,-0.022882137,-0.022395814,-0.018227156,-0.017837182,-0.017362066,-0.016832313,-0.016266126,-0.015666207,-0.015010262,-0.014333912,-0.01359682,-0.012657401,-0.0098612085,-0.008835676,-0.0057903146,-0.004925765,-0.0031712363,-0.0023358734,-0.0013205637,-0.0001514355,0.001199737,0.0024649962,0.0040681204,0.006756887,0.0112411715,0.016361717,0.020911748,0.022057034,0.022076279,0.022178529,0.022510113,0.022558244,0.02328711,0.024090651,0.024363467,0.026076967,0.02717249,0.028358163,0.02972093,0.023088934,0.0732548,0.07814427,0.08142829,0.08439423,0.08449354,0.08344916,0.07984798,0.073882595,0.064877674,0.05509936,0.04547614,0.03657989,0.026993204,0.016366906,0.00793747,0.0038806982,0.0026974978,0.0021357033,0.0034813555,0.0032302279,0.0030559574,0.003431877,0.0035122456,0.0035501304,0.005716668,0.005711683,0.0017889491,0.00643781,-0.01158221,-0.01043907,-0.009199791,-0.007922033,-0.0066401535,-0.0053739506,-0.0041359705,-0.002932183,-0.0017657536,-0.00063916994,0.0004485827,0.0014978345,0.002512231,0.003492467,0.0044391616,0.0053515234,0.006230817,0.00708035,0.00790471,0.008704644,0.009480374,0.01024099,0.010982199,0.011710806,0.01242191,0.013063397,0.013594106,0.014086919,0.014557936,0.015011339,0.015426967,0.01623397,0.016630264,0.012951292,0.014236711,0.015673738,0.020566773,0.02105023,0.022087539,0.023314059,0.024407469,0.026319837,0.028764399,0.030131184,0.032116186,0.033575032,0.034123585,0.034758803,0.04422339,0.04455314,0.044545323,0.045464378,0.045709617,0.046502203,0.04595968,0.035057895,0.035195492,0.034608245,0.03946676,0.036860276,0.013009051,0.01258759,0.01236006,0.01312146,0.013938016,-0.008919103,-0.008342715,0.019519156,0.021049485,0.026251934,0.027183656,0.027491817,-0.004510819,0.02884112,-0.004062189,-0.0037753815,-0.0036135442,-0.0031899363,-0.002627574,-0.0021165041,-0.0010550406,-0.00081023667,-3.4478493e-05,0.00021189172,0.00206687,0.04548208,0.04624012,0.055054966,0.05813294,0.05948674,0.0673965,0.06776299,0.056143545,0.06553367,0.057935636,0.0606169,0.060748845,0.07217188,0.069958046,0.059956312,0.05647729,0.08586312,0.04705672,0.048192184,0.04963489,0.055193793,0.06287865,0.06984377,0.05137799,0.053732347,0.07002696,0.07669258,0.07542189,0.079343565,-0.0016980022,-0.0017612935,0.0073189,0.009320812,0.005426348,0.008130964,0.007966423,-0.002864311,0.0036362289,0.005500325,-0.0032549938,-0.0006021019,0.003441277,0.0013349606,-0.0009876462,-0.002472979,-0.0028962926,-0.000836859,-0.0040361383,-0.002814008,-0.0037615336,-0.008218817,-0.007516463,-0.010475362,-0.013588546,-0.013362382,-0.016003352,-0.01734488,-0.018279657,-0.019176412,-0.01965027,-0.020222727,-0.02098677,-0.021758229,-0.022467116,-0.022958284,-0.02301764,-0.0222617,-0.021226924,-0.020243231,-0.019209117,-0.018163085,-0.017238926,-0.016472306,-0.01601781,-0.0155685805,-0.015259501,-0.015329738,-0.015491268,-0.015541986,-0.01566716,-0.015533571,-0.015033919,-0.014904802,-0.014640345,-0.014213748,-0.013725638,-0.01340357,-0.013444159,-0.012253394,-0.011346087,-0.011405507,-0.01143817,-0.011030113,-0.009923137,-0.009109216,-0.009127168,-0.010984514,-0.0132398475,-0.014834487,-0.016007101,-0.017077558,-0.017949607,-0.018495003,-0.019076735,-0.019557692,-0.019974172,-0.020200528,-0.020312658,-0.020434985,-0.020492077,-0.020576911,-0.020616733,-0.020571703,-0.020509094,-0.020465143,-0.02038374,-0.020256184,-0.020126238,-0.020044006,-0.019944662,-0.019795917,-0.019626677,-0.019447282,-0.019265728,-0.019073896,-0.009828247,-0.00971969,-0.009608915,-0.009500917,-0.009395184,-0.009289549,-0.009184022,-0.009079174,-0.008974405,-0.008870377,-0.008767271,-0.008665162,-0.008563936,-0.008463606,-0.008364519,-0.00826687,-0.0081700105,-0.008074603,-0.0079809055,-0.007888897,-0.0077967807,-0.0077049946,-0.007614343,-0.007525063,-0.007437112,-0.0073504183,-0.007264543,-0.0071795485,-0.0070955018,-0.0070126345,-0.006930823,-0.0068496047,-0.0067686317,-0.006689242,-0.006611149,-0.0065337177,-0.006457218,-0.0063816793,-0.0063070324,-0.0062335082,-0.0061606388,-0.0060885074,-0.0060175313,-0.0059474707,-0.005877628,-0.0058081253,-0.0057393247,-0.005671381,-0.005603839,-0.0055369125,-0.0054724305,-0.005409375,-0.005346711,-0.005284178,-0.0052229655,-0.0051618963,-0.005100975,-0.005040589,-0.004981296,-0.004923298,-0.004866474,-0.00480962,-0.00475352,-0.0046980996,-0.0046433457,-0.0045895297,-0.004536463,-0.0044840127,-0.004431881,-0.0043802764,-0.0043291654,-0.0042789034,-0.0042291135,-0.004179888,-0.004131258,-0.004083091,-0.0040353066,-0.0039878506,-0.003940751,-0.0038941829,-0.0038482253,-0.0038030955,-0.003758578,-0.0037137675,-0.0036675246,-0.0036182825,-0.003562788,-0.0034986506,-0.0034270822,-0.0033553608,-0.0032863237,-0.0032029576,-0.0031103946,-0.0030117042,-0.002907338,-0.0027935652,-0.002676392,-0.002549009,-0.0023875232,-0.0022124946,-0.0020053391,-0.0017894357,-0.0015556411,-0.0012942626,-0.0010133353,-0.0006726828,-0.0002811274,0.00017056044,0.0005930322,0.0011272931,0.002021878,0.0035117832,0.0052093277,0.0067125726,0.007082708,0.00708088,0.0071096206,0.0072176936,0.0072359014,0.007483609,0.0077608903,0.007867412,0.008457867,0.008851981,0.009286039,0.00979166,0.010305613,0.03319643,0.03562947,0.03745519,0.039288454,0.039967008,0.040241696,0.03947564,0.037786704,0.034948587,0.031792477,0.02868051,0.02578329,0.022231705,0.017235186,0.013372935,0.002420412,0.004213485,0.0032182438,0.0031001596,0.0031185416,0.0032384163,0.0035386444,-0.0004898801,0.0035044956,0.0036026048,0.0037591392,0.0040064417,0.00418434,-0.01158221,-0.01043907,-0.009208349,-0.007944681,-0.0066798525,-0.0054326807,-0.0042141345,-0.003029176,-0.0018798255,-0.0007699232,0.00030287215,0.0013382947,0.0023364788,0.0033010133,0.0042336565,0.0051366775,0.0060107736,0.0068589887,0.0076816524,0.00848352,0.00926446,0.010025842,0.010768392,0.011497609,0.012216252,0.012879228,0.0134305395,0.013942901,0.01443778,0.014906526,0.015342278,0.016195407,0.01660217,0.016966427,0.017275825,0.017907884,0.022406243,0.021998776,0.02234856,0.022969715,0.023376152,0.024741944,0.026654728,0.027219996,0.028621465,0.029733624,0.029659208,0.029726254,0.030071922,0.030104714,0.029932538,0.03042027,0.030329105,0.030645154,0.030022673,0.02942916,0.02933782,0.027919255,0.02634982,0.023480415,0.02160046,0.019984402,0.01859184,0.018723326,0.019114044,-0.0061083357,-0.0056960382,0.021556465,0.02300935,0.024504865,0.012823258,0.012820115,-0.009353934,0.013223188,-0.009119639,-0.008994244,-0.008618003,-0.008430611,-0.008122554,-0.007848459,-0.00757335,-0.0074495277,-0.006954075,-0.0063287234,-0.005698368,0.021362014,0.022592513,0.024338251,0.0252912,0.026604092,0.02787478,0.028499499,0.027495924,0.027006518,0.025403153,0.022899482,0.025571417,0.025658574,0.024685064,0.026499825,0.02621625,0.02638776,0.026404923,0.027114693,0.025151962,0.026213456,0.02744932,0.022153197,0.029814074,0.029998051,0.035453737,0.032976862,0.029690461,0.033037663,-0.0072305817,-0.004472731,-0.0049102083,-0.0060643777,-0.0036327802,-0.00380799,-0.004158276,-0.0044870093,-0.00475846,-0.005147584,-0.0054344693,-0.005806713,-0.007301083,-0.008410867,-0.009072766,-0.009910669,-0.010569852,-0.011059238,-0.011878959,-0.012700658,-0.013620085,-0.014432972,-0.015228723,-0.016121859,-0.01703677,-0.017919775,-0.018734507,-0.019306941,-0.01963329,-0.019874245,-0.019946411,-0.020100335,-0.020416643,-0.020772658,-0.021107461,-0.02131755,-0.02124754,-0.02062218,-0.01978423,-0.018981237,-0.018149007,-0.017319616,-0.016577587,-0.015949972,-0.015548476,-0.01515854,-0.014867374,-0.014849073,-0.014899624,-0.014875241,-0.0149060525,-0.014748591,-0.014330394,-0.014182973,-0.013937099,-0.013584838,-0.013198291,-0.012925234,-0.01291693,-0.01201801,-0.011327101,-0.011339458,-0.011339087,-0.011017853,-0.010205319,-0.009611396,-0.00961681,-0.010930462,-0.012522498,-0.013639004,-0.014456184,-0.015209684,-0.015826639,-0.016206946,-0.016621584,-0.016965847,-0.017265666,-0.017422127,-0.017491672,-0.01757086,-0.017600082,-0.017653583,-0.017670214,-0.017620191,-0.017556896,-0.01750933,-0.017431762,-0.017317565,-0.017201716,-0.01712473,-0.017034248,-0.016903892,-0.016757008,-0.016601972,-0.016445294,-0.01628034,-0.016109612,-0.015931249,-0.015749484,-0.0155721735,-0.015398515,-0.015225112,-0.0060962196,-0.0060265725,-0.0059570097,-0.0058879564,-0.005819519,-0.0057517546,-0.0056845862,-0.0056180237,-0.005552278,-0.0054874793,-0.005423219,-0.0053599095,-0.0052977083,-0.0052366043,-0.0051754797,-0.005114605,-0.00505448,-0.0049952515,-0.0049368935,-0.004879359,-0.0048223776,-0.0047659846,-0.0047102217,-0.0046552336,-0.004600941,-0.0045470553,-0.004493358,-0.0044406895,-0.004388867,-0.0043374924,-0.0042867362,-0.0042366153,-0.0041870847,-0.004138289,-0.004089935,-0.004042075,-0.003994969,-0.0039484687,-0.0039021347,-0.0038560447,-0.0038104241,-0.0037653693,-0.0037205936,-0.0036762315,-0.0036334307,-0.0035915528,-0.0035499465,-0.0035084514,-0.00346781,-0.0034272857,-0.0033868768,-0.0033468287,-0.0033074925,-0.0032689949,-0.003231258,-0.003193526,-0.0031562913,-0.0031195062,-0.003083163,-0.0030474314,-0.003012193,-0.0029773633,-0.002942756,-0.0029085004,-0.0028745763,-0.0028412067,-0.0028081553,-0.002775479,-0.0027431974,-0.0027112255,-0.0026795128,-0.0026480276,-0.002616785,-0.0025858958,-0.0025554097,-0.0025254618,-0.0024959166,-0.0024662032,-0.002435606,-0.0024031387,-0.002366752,-0.002324942,-0.00227847,-0.0022319185,-0.0021870711,-0.0021332202,-0.0020735916,-0.0020101182,-0.0019430842,-0.001870155,-0.0017951098,-0.0017136643,-0.0016107813,-0.0014993998,-0.0013678534,-0.0012308639,-0.001082691,-0.00091726275,-0.0007396708,-0.00052469893,-0.00027795602,6.23957e-06,0.0002717484,0.0006069918,0.0011676165,0.0021000374,0.0031599985,0.0040954766,0.004320753,0.0043138857,0.004326879,0.004390158,0.0043986887,0.004551089,0.0047229193,0.004789859,0.0051590893,0.0054081194,0.005684317,0.0060084173,0.006341588,0.02066554,0.022199312,0.023388574,0.024622496,0.025181165,0.025524076,0.025226278,0.024350055,0.02271089,0.020834235,0.018995661,0.017466992,0.0153441625,0.012207681,0.008464623,0.006682383,0.005157142,0.0040406487,0.002320642,0.003650796,0.0017426608,0.003852758,0.003909097,0.003939764,0.0038471438,0.0039057464,0.0042634048,0.004521588,0.0,0.0,0.0,0.0,0.0,0.0,0.0,0.0,0.0,0.0,0.0,0.0,0.0,0.0,0.0,0.0,0.0,0.0,0.0,0.0,0.0,0.0,0.0,0.0,0.0,0.0,0.0,0.0,0.0,0.0,0.0,0.0,0.0,0.0,0.0,0.0,0.0,0.0,0.0,0.0,0.0,0.0,0.0,0.0,0.0,0.0,0.0,0.0,0.0,0.0,0.0,0.0,0.0,0.0,0.0,0.0,0.0,0.0,0.0,0.0,0.0,0.0,0.0,0.0,0.0,0.0,0.0,0.0,0.0,0.0,0.0,0.0,0.0,0.0,0.0,0.0,0.0,0.0,0.0,0.0,0.0,0.0,0.0,0.0,0.0,0.0,0.0,0.0,0.0,0.0,0.0,0.0,0.0,0.0,0.0,0.0,0.0,0.0,0.0,0.0,0.0,0.0,0.0,0.0,0.0,0.0,0.0,0.0,0.0,0.0,0.0,0.0,0.0,0.0,0.0,0.0,0.0,0.0,0.0,0.0,0.0,0.0,0.0,0.0,0.0,0.0,0.0,0.0,0.0,0.0,0.0,0.0,0.0,0.0,0.0,0.0,0.0,0.0,0.0,0.0,0.0,0.0,0.0,0.0,0.0,0.0,0.0,0.0,0.0,0.0,0.0,0.0,0.0,0.0,0.0,0.0,0.0,0.0,0.0,0.0,0.0,0.0,0.0,0.0,0.0,0.0,0.0,0.0,0.0,0.0,0.0,0.0,0.0,0.0,0.0,0.0,0.0,0.0,0.0,0.0,0.0,0.0,0.0,0.0,0.0,0.0,0.0,0.0,0.0,0.0,0.0,0.0,0.0,0.0,0.0,0.0,0.0,0.0,0.0,0.0,0.0,0.0,0.0,0.0,0.0,0.0,0.0,0.0,0.0,0.0,0.0,0.0,0.0,0.0,0.0,0.0,0.0,0.0,0.0,0.0,0.0,0.0,0.0,0.0,0.0,0.0,0.0,0.0,0.0,0.0,0.0,0.0,0.0,0.0,0.0,0.0,0.0,0.0,0.0,0.0,0.0,0.0,0.0,0.0,0.0,0.0,0.0,0.0,0.0,0.0,0.0,0.0,0.0,0.0,0.0,0.0,0.0,0.0,0.0,0.0,0.0,0.0,0.0,0.0,0.0,0.0,0.0,0.0,0.0,0.0,0.0,0.0,0.0,0.0,0.0,0.0,0.0,0.0,0.0,0.0,0.0,0.0,0.0,0.0,0.0,0.0,0.0,0.0,0.0,0.0,0.0,0.0,0.0,0.0,0.0,0.0,0.0,0.0,0.0,0.0,0.0,0.0,0.0,0.0,0.0,0.0,0.0,0.0,0.0,0.0,0.0,0.0,0.0,0.0,0.0,0.0,0.0,0.0,0.0,0.0,0.0,0.0,0.0,0.0,0.0,0.0,0.0,0.0,0.0,0.0,0.0,0.0,0.0,0.0,0.0,0.0,0.0,0.0,0.0,0.0,0.0,0.0,0.0,0.0,0.0,0.0,0.0,0.0,0.0,0.0,0.0,0.0,0.0,0.0,0.0,0.0,0.0,0.0,0.0,0.0,0.0,0.0,0.0,0.0,0.0,0.0,0.0,0.0,0.0,0.0,0.0,0.0,0.0,0.0,0.0,0.0,0.0,0.0,0.0,0.0,0.0,0.0,0.0,0.0,0.0,0.0,0.0,0.0,0.0,0.0,0.0,0.0,0.0,0.0,0.0,0.0,0.0,0.0,0.0,0.0,0.0,0.0,0.0,0.0,0.0,0.0,0.0,0.0,0.0,0.0,0.0,0.0,0.0,0.0,0.0,0.0,0.0,0.0,0.0,0.0,0.0,0.0,0.0,0.0,0.0,0.0,0.0,0.0,0.0,0.0,0.0,0.0,0.0,0.0,0.0,0.0,0.0,0.0,0.0,0.0,0.0,0.0,0.0,0.0,0.0,0.0,0.0,0.0,0.0,0.0,0.0,0.0,0.0,0.0,0.0,0.0,0.0,0.0,0.0,0.0,0.0,0.0,0.0,0.0,0.0,0.0,0.0,0.0,0.0,0.0,0.0,0.0,0.0,0.0,0.0,0.0,0.0,0.0,0.0,0.0,0.0,0.0,0.0,0.0,0.0,0.0,0.0,0.0,0.0,0.0,0.0,0.0,0.0,0.0,0.0,0.0,0.0,0.0,0.0,0.0,0.0,0.0,0.0,0.0,0.0,0.0,0.0,0.0,0.0,0.0,0.0,0.0,0.0,0.0,0.0,0.0,0.0,0.0,0.0,0.0,0.0,0.0,0.0,0.0,0.0,0.0,0.0,0.0,0.0,0.0,0.0,0.0,0.0,0.0,0.0,0.0,0.0,0.0,0.0,0.0,0.0,0.0,0.0,0.0,0.0,0.0,0.0,0.0,0.0,0.0,0.0,0.0,0.0,0.0,0.0,0.0,0.0,0.0,0.0,0.0,0.0,0.0,0.0,0.0,0.0,0.0,0.0,0.0,0.0,0.0,0.0,0.0,0.0,0.0,0.0,0.0,0.0,0.0,0.0,0.0,0.0,0.0,0.0,0.0,0.0,0.0,0.0,0.0,0.0,0.0,0.0,0.0,0.0,0.0,0.0,0.0,0.0,0.0,0.0,0.0,0.0,0.0,0.0,0.0,0.0,0.0,0.0,0.0,0.0,0.0,0.0,0.0,0.0,0.0,0.0,0.0,0.0,0.0,0.0,0.0,0.0,0.0,0.0,0.0,0.0,0.0,0.0,0.0,0.0,0.0,0.0,0.0,0.0,0.0,0.0,0.0,0.0,0.0,0.0,0.0,0.0,0.0,0.0,0.0,0.0,0.0,0.0,0.0,0.0,0.0,0.0,0.0,0.0,0.0,0.0,0.0,0.0,0.0,0.0,0.0,0.0,0.0,0.0,0.0,0.0,0.0,0.0,0.0,0.0,0.0,0.0,0.0,0.0,0.0,0.0,0.0,0.0,0.0,0.0,0.0,0.0,0.0,0.0,0.0,0.0,0.0,0.0,0.0,0.0,0.0,0.0,0.0,0.0,0.0,0.0,0.0,0.0,0.0,0.0,0.0,0.0,0.0,0.0,0.0,0.0,0.0,0.0,0.0,0.0,0.0,0.0,0.0,0.0,0.0,0.0,0.0,0.0,0.0,0.0,0.0,0.0,0.0,0.0,0.0,0.0,0.0,0.0,0.0,0.0,0.0,0.0,0.0,0.0,0.0,0.0,0.0,0.0,0.0,0.0,0.0,0.0,0.0,0.0,0.0,0.0,0.0,0.0,0.0,0.0,0.0,0.0,0.0,0.0,0.0,0.0,0.0,0.0,0.0,0.0,0.0,0.0,0.0,0.0,0.0,0.0,0.0,0.0,0.0,0.0,0.0,0.0,0.0,0.0,0.0,0.0,0.0,0.0,0.0,0.0,0.0,0.0,0.0,0.0,0.0,0.0,0.0,0.0,0.0,0.0,0.0,0.0,0.0,0.0,0.0,0.0,0.0,0.0,0.0,0.0,0.0,0.0,0.0,0.0,0.0,0.0,0.0,0.0,0.0,0.0,0.0,0.0,0.0,0.0,0.0,0.0,0.0,0.0,0.0,0.0,0.0,0.0,0.0,0.0,0.0,0.0,0.0,0.0,0.0,0.0,0.0,0.0,0.0,0.0,0.0,0.0,0.0,0.0,0.0,0.0,0.0,0.0,0.0,0.0,0.0,0.0,0.0,0.0,0.0,0.0,0.0,0.0,0.0,0.0,0.0,0.0,0.0,0.0,0.0,0.0,0.0,0.0,0.0,0.0,0.0,0.0,0.0,0.0,0.0,0.0,0.0,0.0,0.0,0.0,0.0,0.0,0.0,0.0,0.0,0.0,0.0,0.0,0.0,0.0,0.0,0.0,0.0,0.0,0.0,0.0,0.0,0.0,0.0,0.0,0.0,0.0,0.0,0.0,0.0,0.0,0.0,0.0,0.0,0.0,0.0,0.0,0.0,0.0,0.0,0.0,0.0,0.0,0.0,0.0,0.0,0.0,0.0,0.0,0.0,0.0,0.0,0.0,0.0,0.0,0.0,0.0,0.0,0.0,0.0,0.0,0.0,0.0,0.0,0.0,0.0,0.0,0.0,0.0,0.0,0.0,0.0,0.0,0.0,0.0,0.0,0.0,0.0,0.0,0.0,0.0,0.0,0.0,0.0,0.0,0.0,0.0,0.0,0.0,0.0,0.0,0.0,0.0,0.0,0.0,0.0,0.0,0.0,0.0,0.0,0.0,0.0,0.0,0.0,0.0,0.0,0.0,0.0,0.0,0.0,0.0,0.0,0.0,0.0,0.0,0.0,0.0,0.0,0.0,0.0,0.0,0.0,0.0,0.0,0.0,0.0,0.0,0.0,0.0,0.0,0.0,0.0,0.0,0.0,0.0,0.0,0.0,0.0,0.0,0.0,0.0,0.0,0.0,0.0,0.0,0.0,0.0,0.0,0.0,0.0,0.0,0.0,0.0,0.0,0.0,0.0,0.0,0.0,0.0,0.0,0.0,0.0,0.0,0.0,0.0,0.0,0.0,0.0,0.0,0.0,0.0,0.0,0.0,0.0,0.0,0.0,0.0,0.0,0.0,0.0,0.0,0.0,0.0,0.0,0.0,0.0,0.0,0.0,0.0,0.0,0.0,0.0,0.0,0.0,0.0,0.0,0.0,0.0,0.0,0.0,0.0,0.0,0.0,0.0,0.0,0.0,0.0,0.0,0.0,0.0,0.0,0.0,0.0,0.0,0.0,0.0,0.0,0.0,0.0,0.0,0.0,0.0,0.0,0.0,0.0,0.0,0.0,0.0,0.0,0.0,0.0,0.0,0.0,0.0,0.0,0.0,0.0,0.0,0.0,0.0,0.0,0.0,0.0,0.0,0.0,0.0,0.0,0.0,0.0,0.0,0.0,0.0,0.0,0.0,0.0,0.0,0.0,0.0,0.0,0.0,0.0,0.0,0.0,0.0,0.0,0.0,0.0,0.0,0.0,0.0,0.0,0.0,0.0,0.0,0.0,0.0,0.0,0.0,0.0,0.0,0.0,0.0,0.0,0.0,0.0,0.0,0.0,0.0,0.0,0.0,0.0,0.0,0.0,0.0,0.0,0.0,0.0,0.0,0.0,0.0,0.0,0.0,0.0,0.0,0.0,0.0,0.0,0.0,0.0,0.0,0.0,0.0,0.0,0.0,0.0,0.0,0.0,0.0,0.0,0.0,0.0,0.0,0.0,0.0,0.0,0.0,0.0,0.0,0.0,0.0,0.0,0.0,0.0,0.0,0.0,0.0,0.0,0.0,0.0,0.0,0.0,0.0,0.0,0.0,0.0,0.0,0.0,0.0,0.0,0.0,0.0,0.0,0.0,0.0,0.0,0.0,0.0,0.0,0.0,0.0,0.0,0.0,0.0,0.0,0.0,0.0,0.0,0.0,0.0,0.0,0.0,0.0,0.0,0.0,0.0,0.0,0.0,0.0,0.0,0.0,0.0,0.0,0.0,0.0,0.0,0.0,0.0,0.0,0.0,0.0,0.0,0.0,0.0,0.0,0.0,0.0,0.0,0.0,0.0,0.0,0.0,0.0,0.0,0.0,0.0,0.0,0.0,0.0,0.0,0.0,0.0,0.0,0.0,0.0,0.0,0.0,0.0,0.0,0.0,0.0,0.0,0.0,0.0,0.0,0.0,0.0,0.0,0.0,0.0,0.0,0.0,0.0,0.0,0.0,0.0,0.0,0.0,0.0,0.0,0.0,0.0,0.0,0.0,0.0,0.0,0.0,0.0,0.0,0.0,0.0,0.0,0.0,0.0,0.0,0.0,0.0,0.0,0.0,0.0,0.0,0.0,0.0,0.0,0.0,0.0,0.0,0.0,0.0,0.0,0.0,0.0,0.0,0.0,0.0,0.0,0.0,0.0,0.0,0.0,0.0,0.0,0.0,0.0,0.0,0.0,0.0,0.0,0.0,0.0,0.0,0.0,0.0,0.0,0.0,0.0,0.0,0.0,0.0,0.0,0.0,0.0,0.0,0.0,0.0,0.0,0.0,0.0,0.0,0.0,0.0,0.0,0.0,0.0,0.0,0.0,0.0,0.0,0.0,0.0,0.0,0.0,0.0,0.0,0.0,0.0,0.0,0.0,0.0,0.0,0.0,0.0,0.0,0.0,0.0,0.0,0.0,0.0,0.0,0.0,0.0,0.0,0.0,0.0,0.0,0.0,0.0,0.0,0.0,0.0,0.0,0.0,0.0,0.0,0.0,0.0,0.0,0.0,0.0,0.0,0.0,0.0,0.0,0.0,0.0,0.0,0.0,0.0,0.0,0.0,0.0,0.0,0.0,0.0,0.0,0.0,0.0,0.0,0.0,0.0,0.0,0.0,0.0,0.0,0.0,0.0,0.0,0.0,0.0,0.0,0.0,0.0,0.0
Tax34,0.0,-0.52055156,-0.43341237,-0.3275304,-0.20503798,-0.07139271,0.0694315,0.21446137,0.3631217,0.5103522,0.6562946,0.7997151,0.93534744,1.0594006,1.1869091,1.308544,1.4237324,1.531624,1.6314894,1.7637829,1.8371409,1.9533049,2.0511112,2.1606514,2.236657,2.3536146,2.4164197,2.4601684,2.572418,2.5700393,2.6672344,2.724273,2.7716506,2.8816082,2.8589175,2.8982868,2.9814494,3.0552626,3.047277,3.1188998,3.1834545,3.2990894,3.4873078,3.6082425,3.6616669,3.6579077,3.79309,3.8265698,3.9137323,3.9935024,4.017006,4.1365666,4.2222443,4.226076,4.321078,4.3514347,4.406649,4.4602904,4.411801,4.265909,4.0939245,4.0500484,3.9959848,3.9811864,4.1188803,4.2090087,1.4702358,1.5036519,4.541891,4.6055584,4.811397,4.8779645,4.93382,1.7381792,5.0980763,1.8185582,1.860441,1.9026858,1.9864384,2.0783906,2.1280892,2.142496,2.186104,2.2448375,2.3959196,2.4784281,6.732287,6.8957896,7.067209,7.191875,7.5042496,7.7661085,7.9943824,7.971507,8.053862,8.03243,7.862365,7.950568,8.229701,8.232914,8.202619,8.187553,8.139138,8.342502,8.491322,8.525878,8.554527,8.716004,8.778929,8.985675,8.95931,9.056427,8.992404,8.924893,8.7975,2.983449,3.0060256,3.0936744,3.0676415,2.9922109,2.9554315,2.8464613,2.7655814,2.6843817,2.5991971,2.550183,2.416927,2.270676,2.079712,1.9337485,1.8047141,1.6895921,1.5737969,1.4153485,1.2585726,1.1008805,0.9249041,0.77358735,0.5864903,0.38611427,0.21982683,0.00989259,-0.14526883,-0.27362585,-0.38773134,-0.46467677,-0.54220057,-0.6545437,-0.76697266,-0.8629899,-0.933968,-0.94268423,-0.8261606,-0.68710124,-0.56652635,-0.44578356,-0.32229918,-0.23420782,-0.17085359,-0.1553933,-0.13241056,-0.12667213,-0.16498579,-0.20825607,-0.22731856,-0.25247076,-0.25109497,-0.20245758,-0.20282023,-0.19055134,-0.15731758,-0.11474014,-0.101018384,-0.12132462,-0.007159817,0.06281953,0.02262231,-0.0013784193,0.018871373,0.11081566,0.15504844,0.11404108,-0.08437714,-0.3041123,-0.4545333,-0.56178844,-0.67194575,-0.76194644,-0.8261371,-0.89762205,-0.94392943,-0.9849534,-1.0158889,-1.0306157,-1.0543822,-1.0535079,-1.0743263,-1.0872145,-1.0619152,-1.0583036,-1.0474437,-1.0472126,-1.0391369,-1.0353708,-1.0330135,-1.0243174,-1.0024245,-0.97226477,-0.96047735,-0.9444473,-0.91474617,-0.8688912,-0.8531566,-0.8080302,-0.80021954,-0.7641939,-0.72877985,-0.7023383,-0.6833435,-0.67101264,-0.6562412,-0.64761186,-0.6020163,-0.59475106,-0.5878835,-0.5601109,-0.5447431,-0.52419513,-0.5031207,-0.48263687,-0.46383834,-0.4463906,-0.43949172,-0.43278807,-0.4185512,-0.411592,-0.39260158,-0.37434286,-0.36114046,-0.35926193,-0.34729618,-0.31863233,-0.30167878,-0.28837305,-0.28690815,-0.2759289,-0.25357088,-0.24730729,-0.23247656,-0.2312343,-0.22996327,-0.2184017,-0.20732866,-0.2062022,-0.1809835,-0.16425826,-0.163462,-0.1576596,-0.14817451,-0.14747925,-0.13439383,-0.1291905,-0.12843652,-0.1277014,-0.12221507,-0.121505894,-0.111335225,-0.11077697,-0.10318508,-0.09809276,-0.08902832,-0.08850185,-0.082838595,-0.077576734,-0.07714713,-0.07067655,-0.0702596,-0.069834165,-0.0694041,-0.06899807,-0.06383723,-0.05960481,-0.05923544,-0.058866475,-0.04757158,-0.04723429,-0.043215364,-0.042881045,-0.042572897,-0.037965167,-0.037713803,-0.037486713,-0.03728908,-0.032951545,-0.027950322,-0.024528135,-0.024088852,-0.02346003,-0.02262383,-0.021643106,-0.020700207,-0.019843759,-0.01865559,-0.017280629,-0.015785515,-0.014176884,-0.010178745,-0.00861117,-0.0068578674,-0.0045199897,-0.0019480024,0.0011779482,0.0044836067,0.008127589,0.012279824,0.016832635,0.022449765,0.029017374,0.036732547,0.044183325,0.05369386,0.06941497,0.09543687,0.125929,0.15473017,0.1660982,0.13137041,0.13649447,0.14311121,0.14887126,0.15843289,0.16916159,0.17803772,0.1957277,0.21179205,0.23020712,0.25179547,0.27590147,0.63711315,0.7222595,0.8109561,0.91608614,1.0170536,1.1252309,1.2063472,1.2699512,1.2958068,1.2857945,1.2780691,1.2363851,1.1141441,0.9241019,0.6695129,0.41798306,0.2216778,0.100638635,0.053058345,0.032887165,0.029903797,0.02841087,0.032482155,0.031014947,0.0361354,0.0398592,0.04611811,0.05203783,-0.021466043,-0.019223925,-0.016419126,-0.0132964235,-0.010006998,-0.00664726,-0.0032800059,5.7351426e-05,0.0033322184,0.006523017,0.009615254,0.012595315,0.0154625205,0.018205013,0.020825604,0.02332191,0.025687838,0.027929798,0.030057464,0.03207887,0.033990934,0.0357931,0.037404653,0.03881579,0.040083278,0.041276358,0.04244068,0.04355597,0.044611365,0.045719955,0.0468228,0.049223475,0.050535947,0.052111387,0.053632274,0.056289867,0.058818743,0.06402098,0.06491128,0.060917605,0.062411338,0.06633548,0.07789966,0.07887359,0.08218232,0.08538692,0.0852131,0.08549684,0.086441785,0.08333805,0.07893689,0.08952677,0.077676654,0.08253088,0.07682851,0.07614928,0.07675816,0.066812865,0.07277396,0.06839716,0.06253601,0.061554775,0.06063133,0.061121073,0.065084524,0.012409493,0.015143814,0.07395542,0.07684766,0.0833871,0.08612162,0.090887316,0.022116147,0.0910156,0.028218605,0.029196981,0.031072712,0.032145705,0.033869732,0.035362806,0.036735386,0.037500322,0.037269022,0.042586993,0.04566951,0.13811357,0.14169836,0.15274297,0.15453197,0.15691848,0.15511715,0.15887982,0.15206671,0.15324752,0.13528717,0.14703137,0.13540806,0.15267392,0.14797981,0.15838133,0.16579397,0.19364397,0.17291775,0.17853644,0.16076294,0.121625185,0.15778592,0.14932722,0.14238243,0.17364892,0.16908649,0.16786565,0.14581686,0.14608838,0.042379517,0.05755833,0.05318954,0.06142188,0.061984014,0.06309626,0.06263453,0.059566613,0.054711375,0.058899865,0.0543772,0.0522423,0.052254185,0.05200078,0.03971644,0.047600247,0.04259077,0.041714534,0.036770955,0.041928276,0.033908304,0.031280633,0.024673155,0.02034647,0.014255831,0.011404181,0.004163735,0.0017568492,-0.0033953865,-0.0047928635,-0.0059584775,-0.010024903,-0.012130875,-0.014915779,-0.017615212,-0.020049738,-0.02064076,-0.017588638,-0.013406483,-0.009644913,-0.005729464,-0.0012086537,0.0017737118,0.0041923765,0.005421413,0.0066631776,0.0074824016,0.007448546,0.004759799,0.0041674837,0.003753488,0.0046281046,0.0061526396,0.0063647367,0.007086486,0.008591402,0.00989414,0.010514494,0.0079990085,0.010883618,0.014000525,0.0132374065,0.012309456,0.013055095,0.015920583,0.01768494,0.017002296,0.011995783,0.0031419825,0.0005728542,-0.0013399371,-0.0031312073,-0.004641679,-0.0056533758,-0.006794747,-0.0078051123,-0.0087754335,-0.009438204,-0.009920532,-0.010455633,-0.010889182,-0.011410574,-0.01185951,-0.012151262,-0.012421833,-0.0127581265,-0.013023693,-0.013185395,-0.01335155,-0.006019546,-0.006148903,-0.0062217475,-0.0062709292,-0.0063083284,-0.006347296,-0.0063717603,-0.0063840467,-0.006373234,-0.006346201,-0.00632888,-0.00632108,-0.006311275,0.0,0.0,0.0,0.0,0.0,0.0,0.0,0.0,0.0,0.0,0.0,0.0,0.0,0.0,0.0,0.0,0.0,0.0,0.0,0.0,0.0,0.0,0.0,0.0,0.0,0.0,0.0,0.0,0.0,0.0,0.0,0.0,0.0,0.0,0.0,0.0,0.0,0.0,0.0,0.0,0.0,0.0,0.0,0.0,0.0,0.0,0.0,0.0,0.0,0.0,0.0,0.0,0.0,0.0,0.0,0.0,0.0,0.0,0.0,0.0,0.0,0.0,0.0,0.0,0.0,0.0,0.0,0.0,0.0,0.0,0.0,0.0,0.0,0.0,0.0,0.0,0.0,0.0,0.0,0.0,0.0,0.0,0.0,0.0,0.0,0.0,0.0,0.0,0.0,0.0,0.0,0.0,0.0,0.0,0.0,0.0,0.0,0.0,0.0,0.0,0.0,0.0,0.0,0.0,0.0,0.0,0.0,0.0,0.0,0.0,0.0,0.0,0.0,0.0,0.0,0.0,0.0,0.0,0.0,0.0,0.0,0.0,0.0,0.0,0.0,0.0,0.0,0.0,0.0,0.0,0.0,0.0,0.0,0.0,0.0,0.0,0.0,0.0,0.0,0.0,0.0,0.0,0.0,0.0,0.0,0.0,0.0,0.0,0.0,0.0,0.0,0.0,0.0,0.0,0.0,0.0,0.0,0.0,0.0,0.0,0.0,0.0,0.0,0.0,0.0,0.0,0.0,0.0,0.0,0.0,0.0,0.0,0.0,0.0,0.0,0.0,0.0,0.0,0.0,0.0,0.0,0.0,0.0,0.0,0.0,0.0,0.0,0.0,0.0,0.0,0.0,0.0,0.0,0.0,0.0,0.0,0.0,0.0,0.0,0.0,0.0,0.0,0.0,0.0,0.0,0.0,0.0,0.0,0.0,0.0,0.0,0.0,0.0,0.0,0.0,0.0,0.0,0.0,0.0,0.0,0.0,0.0,0.0,0.0,0.0,0.0,0.0,0.0,0.0,0.0,0.0,0.0,0.0,0.0,0.0,0.0,0.0,0.0,0.0,0.0,0.0,0.0,0.0,0.0,0.0,0.0,0.0,0.0,0.0,0.0,0.0,0.0,0.0,0.0,0.0,0.0,0.0,0.0,0.0,0.0,0.0,0.0,0.0,0.0,0.0,0.0,0.0,0.0,0.0,0.0,0.0,0.0,0.0,0.0,0.0,0.0,0.0,0.0,0.0,0.0,0.0,0.0,0.0,0.0,0.0,0.0,0.0,0.0,0.0,0.0,0.0,0.0,0.0,0.0,0.0,0.0,0.0,0.0,0.0,0.0,0.0,0.0,0.0,0.0,0.0,0.0,0.0,0.0,0.0,0.0,0.0,0.0,0.0,0.0,0.0,0.0,0.0,0.0,0.0,0.0,0.0,0.0,0.0,0.0,0.0,0.0,0.0,0.0,0.0,0.0,0.0,0.0,0.0,0.0,0.0,0.0,0.0,0.0,0.0,0.0,0.0,0.0,0.0,0.0,0.0,0.0,0.0,0.0,0.0,0.0,0.0,0.0,0.0,0.0,0.0,0.0,0.0,0.0,0.0,0.0,0.0,0.0,0.0,0.0,0.0,0.0,0.0,0.0,0.0,0.0,0.0,0.0,0.0,0.0,0.0,0.0,0.0,0.0,0.0,0.0,0.0,0.0,0.0,0.0,0.0,0.0,0.0,0.0,0.0,0.0,0.0,0.0,0.0,0.0,0.0,0.0,0.0,0.0,0.0,0.0,0.0,0.0,0.0,0.0,0.0,0.0,0.0,0.0,0.0,0.0,0.0,0.0,0.0,0.0,0.0,0.0,0.0,0.0,0.0,0.0,0.0,0.0,0.0,0.0,0.0,0.0,0.0,0.0,0.0,0.0,0.0,0.0,0.0,0.0,0.0,0.0,0.0,0.0,0.0,0.0,0.0,0.0,0.0,0.0,0.0,0.0,0.0,0.0,0.0,0.0,0.0,0.0,0.0,0.0,0.0,0.0,0.0,0.0,0.0,0.0,0.0,0.0,0.0,0.0,0.0,0.0,0.0,0.0,0.0,0.0,0.0,0.0,0.0,0.0,0.0,0.0,0.0,0.0,0.0,0.0,0.0,0.0,0.0,0.0,0.0,0.0,0.0,0.0,0.0,0.0,0.0,0.0,0.0,0.0,0.0,0.0,0.0,0.0,0.0,0.0,0.0,0.0,0.0,0.0,0.0,0.0,0.0,0.0,0.0,0.0,0.0,0.0,0.0,0.0,0.0,0.0,0.0,0.0,0.0,0.0,0.0,0.0,0.0,0.0,0.0,0.0,0.0,0.0,0.0,0.0,0.0,0.0,0.0,0.0,0.0,0.0,0.0,0.0,0.0,0.0,0.0,0.0,0.0,0.0,0.0,0.0,0.0,0.0,0.0,0.0,0.0,0.0,0.0,0.0,0.0,0.0,0.0,0.0,0.0,0.0,0.0,0.0,0.0,0.0,0.0,0.0,0.0,0.0,0.0,0.0,0.0,0.0,0.0,0.0,0.0,0.0,0.0,0.0,0.0,0.0,0.0,0.0,0.0,0.0,0.0,0.0,0.0,0.0,0.0,0.0,0.0,0.0,0.0,0.0,0.0,0.0,0.0,0.0,0.0,0.0,0.0,0.0,0.0,0.0,0.0,0.0,0.0,0.0,0.0,0.0,0.0,0.0,0.0,0.0,0.0,0.0,0.0,0.0,0.0,0.0,0.0,0.0,0.0,0.0,0.0,0.0,0.0,0.0,0.0,0.0,0.0,0.0,0.0,0.0,0.0,0.0,0.0,0.0,0.0,0.0,0.0,0.0,0.0,0.0,0.0,0.0,0.0,0.0,0.0,0.0,0.0,0.0,0.0,0.0,0.0,0.0,0.0,0.0,0.0,0.0,0.0,0.0,0.0,0.0,0.0,0.0,0.0,0.0,0.0,0.0,0.0,0.0,0.0,0.0,0.0,0.0,0.0,0.0,0.0,0.0,0.0,0.0,0.0,0.0,0.0,0.0,0.0,0.0,0.0,0.0,0.0,0.0,0.0,0.0,0.0,0.0,0.0,0.0,0.0,0.0,0.0,0.0,0.0,0.0,0.0,0.0,0.0,0.0,0.0,0.0,0.0,0.0,0.0,0.0,0.0,0.0,0.0,0.0,0.0,0.0,0.0,0.0,0.0,0.0,0.0,0.0,0.0,0.0,0.0,0.0,0.0,0.0,0.0,0.0,0.0,0.0,0.0,0.0,0.0,0.0,0.0,0.0,0.0,0.0,0.0,0.0,0.0,0.0,0.0,0.0,0.0,0.0,0.0,0.0,0.0,0.0,0.0,0.0,0.0,0.0,0.0,0.0,0.0,0.0,0.0,0.0,0.0,0.0,0.0,0.0,0.0,0.0,0.0,0.0,0.0,0.0,0.0,0.0,0.0,0.0,0.0,0.0,0.0,0.0,0.0,0.0,0.0,0.0,0.0,0.0,0.0,0.0,0.0,0.0,0.0,0.0,0.0,0.0,0.0,0.0,0.0,0.0,0.0,0.0,0.0,0.0,0.0,0.0,0.0,0.0,0.0,0.0,0.0,0.0,0.0,0.0,0.0,0.0,0.0,0.0,0.0,0.0,0.0,0.0,0.0,0.0,0.0,0.0,0.0,0.0,0.0,0.0,0.0,0.0,0.0,0.0,0.0,0.0,0.0,0.0,0.0,0.0,0.0,0.0,0.0,0.0,0.0,0.0,0.0,0.0,0.0,0.0,0.0,0.0,0.0,0.0,0.0,0.0,0.0,0.0,0.0,0.0,0.0,0.0,0.0,0.0,0.0,0.0,0.0,0.0,0.0,0.0,0.0,0.0,0.0,0.0,0.0,0.0,0.0,0.0,0.0,0.0,0.0,0.0,0.0,0.0,0.0,0.0,0.0,0.0,0.0,0.0,0.0,0.0,0.0,0.0,0.0,0.0,0.0,0.0,0.0,0.0,0.0,0.0,0.0,0.0,0.0,0.0,0.0,0.0,0.0,0.0,0.0,0.0,0.0,0.0,0.0,0.0,0.0,0.0,0.0,0.0,0.0,0.0,0.0,0.0,0.0,0.0,0.0,0.0,0.0,0.0,0.0,0.0,0.0,0.0,0.0,0.0,0.0,0.0,0.0,0.0,0.0,0.0,0.0,0.0,0.0,0.0,0.0,0.0,0.0,0.0,0.0,0.0,0.0,0.0,0.0,0.0,0.0,0.0,0.0,0.0,0.0,0.0,0.0,0.0,0.0,0.0,0.0,0.0,0.0,0.0,0.0,0.0,0.0,0.0,0.0,0.0,0.0,0.0,0.0,0.0,0.0,0.0,0.0,0.0,0.0,0.0,0.0,0.0,0.0,0.0,0.0,0.0,0.0,0.0,0.0,0.0,0.0,0.0,0.0,0.0,0.0,0.0,0.0,0.0,0.0,0.0,0.0,0.0,0.0,0.0,0.0,0.0,0.0,0.0,0.0,0.0,0.0,0.0,0.0,0.0,0.0,0.0,0.0,0.0,0.0,0.0,0.0,0.0,0.0,0.0,0.0,0.0,0.0,0.0,0.0,0.0,0.0,0.0,0.0,0.0,0.0,0.0,0.0,0.0,0.0,0.0,0.0,0.0,0.0,0.0,0.0,0.0,0.0,0.0,0.0,0.0,0.0,0.0,0.0,0.0,0.0,0.0,0.0,0.0,0.0,0.0,0.0,0.0,0.0,0.0,0.0,0.0,0.0,0.0,0.0,0.0,0.0,0.0,0.0,0.0,0.0,0.0,0.0,0.0,0.0,0.0,0.0,0.0,0.0,0.0,0.0,0.0,0.0,0.0,0.0,0.0,0.0,0.0,0.0,0.0,0.0,0.0,0.0,0.0,0.0,0.0,0.0,0.0,0.0,0.0,0.0,0.0,0.0,0.0,0.0,0.0,0.0,0.0,0.0,0.0,0.0,0.0,0.0,0.0,0.0,0.0,0.0,0.0,0.0,0.0,0.0,0.0,0.0,0.0,0.0,0.0,0.0,0.0,0.0,0.0,0.0,0.0,0.0,0.0,0.0,0.0,0.0,0.0,0.0,0.0,0.0,0.0,0.0,0.0,0.0,0.0,0.0,0.0,0.0,0.0,0.0,0.0,0.0,0.0,0.0,0.0,0.0,0.0,0.0,0.0,0.0,0.0,0.0,0.0,0.0,0.0,0.0,0.0,0.0,0.0,0.0,0.0,0.0,0.0,0.0,0.0,0.0,0.0,0.0,0.0,0.0,0.0,0.0,0.0,0.0,0.0,0.0,0.0,0.0,0.0,0.0,0.0,0.0,0.0,0.0,0.0,0.0,0.0,0.0,0.0,0.0,0.0,0.0,0.0,0.0,0.0,0.0,0.0,0.0,0.0,0.0,0.0,0.0,0.0,0.0,0.0,0.0,0.0,0.0,0.0,0.0,0.0,0.0,0.0,0.0,0.0,0.0,0.0,0.0,0.0,0.0,0.0,0.0,0.0,0.0,0.0,0.0,0.0,0.0,0.0,0.0,0.0,0.0,0.0,0.0,0.0,0.0,0.0,0.0,0.0,0.0,0.0,0.0,0.0,0.0,0.0,0.0,0.0,0.0,0.0,0.0,0.0,0.0,0.0,0.0,0.0,0.0,0.0,0.0,0.0,0.0,0.0,0.0,0.0,0.0,0.0,0.0,0.0,0.0,0.0,0.0,0.0,0.0,0.0,0.0,0.0,0.0,0.0,0.0,0.0,0.0,0.0,0.0,0.0,0.0,0.0,0.0,0.0,0.0,0.0,0.0,0.0,0.0,0.0,0.0,0.0,0.0,0.0,0.0,0.0,0.0,0.0,0.0,0.0,0.0,0.0,0.0,0.0,0.0,0.0,0.0,0.0,0.0,0.0,0.0,0.0,0.0,0.0,0.0,0.0,0.0,0.0,0.0,0.0,0.0,0.0,0.0,0.0,0.0,0.0,0.0,0.0,0.0,0.0,0.0,0.0,0.0,0.0,0.0,0.0,0.0,0.0,0.0,0.0,0.0,0.0,0.0,0.0,0.0,0.0,0.0,0.0,0.0,0.0,0.0,0.0,0.0,0.0,0.0,0.0,0.0,0.0,0.0,0.0,0.0,0.0,0.0,0.0,0.0,0.0,0.0,0.0,0.0,0.0,0.0,0.0,0.0,0.0,0.0,0.0,0.0,0.0,0.0,0.0,0.0,0.0,0.0,0.0,0.0,0.0,0.0,0.0,0.0,0.0,0.0,0.0,0.0,0.0,0.0,0.0,0.0,0.0,0.0,0.0,0.0,0.0,0.0,0.0,0.0,0.0,0.0,0.0,0.0,0.0,0.0,0.0,0.0,0.0,0.0,0.0,0.0,0.0,0.0,0.0,0.0,0.0,0.0,0.0,0.0,0.0,0.0,0.0,0.0,0.0,0.0,0.0,0.0,0.0,0.0,0.0,0.0,0.0,0.0,0.0,0.0,0.0,0.0,0.0,0.0,0.0,0.0,0.0,0.0,0.0,0.0,0.0,0.0,0.0,0.0,0.0,0.0,0.0,0.0,0.0,0.0,0.0,0.0,0.0,0.0,0.0,0.0,0.0,0.0,0.0,0.0,0.0,0.0,0.0,0.0,0.0,0.0,0.0,0.0,0.0,0.0,0.0,0.0,0.0,0.0,0.0,0.0,0.0,0.0,0.0,0.0,0.0,0.0,0.0,0.0,0.0,0.0,0.0,0.0,0.0,0.0,0.0,0.0,0.0,0.0,0.0,0.0,0.0,0.0,0.0,0.0,0.0,0.0,0.0,0.0,0.0,0.0,0.0,0.0,0.0,0.0,0.0,0.0,0.0,0.0,0.0,0.0,0.0,0.0,0.0,0.0,0.0,0.0,0.0,0.0,0.0,0.0,0.0,0.0,0.0,0.0,0.0,0.0,0.0,0.0,0.0,0.0,0.0,0.0,0.0,0.0,0.0,0.0,0.0,0.0,0.0,0.0,0.0,0.0,0.0,0.0,0.0,0.0,0.0,0.0,0.0,0.0,0.0,0.0,0.0,0.0,0.0,0.0,0.0,0.0,0.0,0.0,0.0,0.0,0.0,0.0,0.0,0.0,0.0,0.0,0.0,0.0,0.0,0.0,0.0,0.0,0.0,0.0,0.0,0.0,0.0,0.0,0.0,0.0,0.0,0.0,0.0,0.0,0.0,0.0,0.0,0.0,0.0,0.0,0.0,0.0,0.0,0.0,0.0,0.0,0.0,0.0,0.0,0.0,0.0,0.0,0.0,0.0,0.0,0.0,0.0,0.0,0.0,0.0,0.0,0.0,0.0,0.0,0.0,0.0,0.0,0.0,0.0,0.0,0.0,0.0,0.0,0.0,0.0,0.0,0.0,0.0,0.0,0.0,0.0,0.0,0.0,0.0,0.0,0.0,0.0,0.0,0.0,0.0,0.0,0.0,0.0,0.0,0.0,0.0,0.0,0.0,0.0,0.0,0.0,0.0,0.0,0.0,0.0,0.0,0.0,0.0,0.0,0.0,0.0,0.0,0.0,0.0,0.0,0.0,0.0,0.0,0.0,0.0,0.0,0.0,0.0,0.0,0.0,0.0,0.0,0.0,0.0,0.0,0.0,0.0,0.0,0.0,0.0,0.0,0.0,0.0,0.0,0.0,0.0,0.0,0.0,0.0,0.0,0.0,0.0,0.0,0.0,0.0,0.0,0.0,0.0,0.0,0.0,0.0,0.0,0.0,0.0,0.0,0.0,0.0,0.0,0.0,0.0,0.0,0.0,0.0,0.0,0.0,0.0,0.0,0.0,0.0,0.0,0.0,0.0,0.0,0.0,0.0,0.0,0.0,0.0,0.0,0.0,0.0,0.0,0.0,0.0,0.0,0.0,0.0,0.0,0.0,0.0,0.0,0.0,0.0,0.0,0.0,0.0,0.0,0.0,0.0,0.0,0.0,0.0,0.0,0.0,0.0,0.0,0.0,0.0,0.0,0.0,0.0,0.0,0.0,0.0,0.0,0.0,0.0,0.0,0.0,0.0,0.0,0.0,0.0,0.0,0.0,0.0,0.0,0.0,0.0,0.0,0.0,0.0,0.0,0.0,0.0,0.0,0.0,0.0,0.0,0.0,0.0,0.0,0.0,0.0,0.0,0.0,0.0,0.0,0.0,0.0,0.0,0.0,0.0,0.0,0.0,0.0,0.0,0.0,0.0,0.0,0.0,0.0,0.0,0.0,0.0,0.0,0.0,0.0,0.0,0.0,0.0,0.0,0.0,0.0,0.0,0.0,0.0,0.0,0.0,0.0,0.0,0.0,0.0,0.0,0.0,0.0,0.0,0.0,0.0,0.0,0.0,0.0,0.0,0.0,0.0,0.0,0.0,0.0,0.0,0.0,0.0,0.0,0.0,0.0,0.0,0.0,0.0,0.0,0.0,0.0,0.0,0.0,0.0,0.0,0.0,0.0,0.0,0.0,0.0,0.0,0.0,0.0,0.0,0.0,0.0,0.0,0.0,0.0,0.0,0.0,0.0,0.0,0.0,0.0,0.0,0.0,0.0,0.0,0.0,0.0,0.0,0.0,0.0,0.0,0.0,0.0,0.0,0.0,0.0,0.0,0.0,0.0,0.0,0.0,0.0,0.0,0.0,0.0,0.0,0.0,0.0,0.0,0.0,0.0,0.0,0.0,0.0,0.0,0.0,0.0,0.0,0.0,0.0,0.0,0.0,0.0,0.0,0.0,0.0,0.0,0.0,0.0,0.0,0.0,0.0,0.0,0.0,0.0,0.0,0.0,0.0,0.0,0.0,0.0,0.0,0.0,0.0,0.0,0.0,0.0,0.0,0.0,0.0,0.0,0.0,0.0,0.0,0.0,0.0,0.0,0.0,0.0,0.0,0.0,0.0,0.0,0.0,0.0,0.0,0.0,0.0,0.0,0.0,0.0,0.0,0.0,0.0,0.0,0.0,0.0,0.0,0.0,0.0,0.0,0.0,0.0,0.0,0.0,0.0,0.0,0.0,0.0,0.0,0.0,0.0,0.0,0.0,0.0,0.0,0.0,0.0,0.0,0.0,0.0,0.0,0.0,0.0,0.0,0.0,0.0,0.0,0.0,0.0,0.0,0.0,0.0,0.0,0.0,0.0,0.0,0.0,0.0,0.0,0.0,0.0,0.0,0.0,0.0,0.0,0.0,0.0,0.0,0.0,0.0,0.0,0.0,0.0,0.0,0.0,0.0,0.0,0.0,0.0,0.0,0.0,0.0,0.0,0.0,0.0,0.0,0.0,0.0,0.0,0.0,0.0,0.0,0.0,0.0,0.0,0.0,0.0,0.0,0.0,0.0,0.0,0.0,0.0,0.0,0.0,0.0,0.0,0.0,0.0,0.0,0.0,0.0,0.0,0.0,0.0,0.0,0.0,0.0,0.0,0.0,0.0,0.0,0.0,0.0,0.0,0.0,0.0,0.0,0.0,0.0,0.0,0.0,0.0,0.0,0.0,0.0,0.0,0.0,0.0,0.0,0.0,0.0,0.0,0.0,0.0,0.0,0.0,0.0,0.0,0.0,0.0,0.0,0.0,0.0,0.0,0.0,0.0,0.0,0.0,0.0,0.0,0.0,0.0,0.0,0.0,0.0,0.0,0.0,0.0,0.0,0.0,0.0,0.0,0.0,0.0,0.0,0.0,0.0,0.0,0.0,0.0,0.0,0.0,0.0,0.0,0.0,0.0,0.0,0.0,0.0,0.0,0.0,0.0,0.0,0.0,0.0,0.0,0.0,0.0,0.0,0.0,0.0,0.0,0.0,0.0,0.0,0.0,0.0,0.0,0.0,0.0,0.0,0.0,0.0,0.0,0.0,0.0,0.0,0.0,0.0,0.0,0.0,0.0,0.0,0.0,0.0,0.0,0.0,0.0,0.0,0.0,0.0,0.0,0.0,0.0,0.0,0.0,0.0,0.0,0.0,0.0,0.0,0.0,0.0,0.0,0.0,0.0,0.0,0.0,0.0,0.0,0.0,0.0,0.0,0.0,0.0,0.0,0.0,0.0,0.0,0.0,0.0,0.0,0.0,0.0,0.0,0.0,0.0,0.0,0.0,0.0,0.0,0.0,0.0,0.0,0.0,0.0,0.0,0.0,0.0,0.0,0.0,0.0,0.0,0.0,0.0,0.0,0.0,0.0,0.0,0.0,0.0,0.0,0.0,0.0,0.0,0.0,0.0,0.0,0.0,0.0,0.0,0.0,0.0,0.0,0.0,0.0,0.0,0.0,0.0,0.0,0.0,0.0,0.0,0.0,0.0,0.0,0.0,0.0,0.0,0.0,0.0,0.0,0.0,0.0
Tax35,0.0,-0.5949813,-0.53091705,-0.44084713,-0.3321048,-0.2105537,-0.08049523,0.054786574,0.19274557,0.33110496,0.46784455,0.6020983,0.7325272,0.8586233,0.9799007,1.0950935,1.2030028,1.3043067,1.4073689,1.4859968,1.5757782,1.639094,1.6955105,1.772873,1.8278983,1.8745338,1.9389006,1.9870399,2.0423088,2.0891356,2.1268446,2.1892955,2.2659886,2.3532872,2.391502,2.4326687,2.443583,2.475649,2.4810195,2.4343708,2.3926651,2.4535499,2.5142784,2.6607783,2.7144103,2.756284,2.8099651,2.8154917,2.746614,2.735894,2.789999,2.7947533,2.8719754,2.8007934,2.7867482,2.7422926,2.754598,2.7481773,2.6691127,2.5952997,2.5490284,2.4183629,2.4183419,2.3601277,2.4250321,2.4339836,1.3746017,1.4489679,2.5646293,2.6046002,2.6406906,2.5409558,2.5818913,1.4742283,2.6401243,1.5301603,1.5409133,1.580969,1.6196619,1.626766,1.6275421,1.6054548,1.6095132,1.6104453,1.6765283,1.702943,2.9283597,2.937743,2.8806827,2.8610911,2.947148,2.9577258,2.9882164,3.0393558,2.9980438,2.8926191,2.7741587,2.7754054,2.7344356,2.6332226,2.6641405,2.6201699,2.5694358,2.604398,2.576741,2.5446484,2.5171745,2.4826896,2.6229997,2.5215929,2.5534868,2.4732575,2.3708634,2.3091586,2.241524,1.1930954,1.1758231,1.1727942,1.2001184,1.1325501,1.128341,1.0630817,1.0611559,1.0099716,0.96257555,0.90003824,0.85379684,0.7729715,0.6764075,0.64947635,0.5740467,0.53012305,0.47940946,0.4072044,0.36385328,0.3154011,0.27561572,0.21166097,0.16134167,0.10004089,0.055838924,-0.0036338605,-0.048007585,-0.09300624,-0.11799125,-0.12963238,-0.14699431,-0.16718216,-0.19507433,-0.22168088,-0.23299654,-0.23221171,-0.19302256,-0.14670098,-0.11607222,-0.0913017,-0.06327473,-0.044667765,-0.032834373,-0.029809453,-0.026849657,-0.026563874,-0.03222808,-0.034062266,-0.040291958,-0.04637113,-0.044579245,-0.038842775,-0.03657155,-0.03302939,-0.02106035,-0.018653778,-0.017923333,-0.024232283,-0.00027949596,0.011577395,-0.000687568,-0.0077036107,-0.0052713677,0.01518959,0.019036332,0.013791012,-0.021956565,-0.06515572,-0.0960065,-0.11691527,-0.13822465,-0.14923823,-0.14335905,-0.14824192,-0.15342022,-0.15890974,-0.14502008,-0.14141262,-0.13927534,-0.14250271,-0.14696454,-0.14694768,-0.14919426,-0.13194333,-0.121324584,-0.11811025,-0.11908681,-0.11571351,-0.11832828,-0.11614694,-0.10450814,-0.105411395,-0.106145814,-0.10699384,-0.10759361,-0.10332785,-0.09371951,-0.087428205,-0.081000455,-0.06490389,-0.055308133,-0.055244576,-0.046125237,-0.04601103,-0.045876507,-0.039324686,-0.03919446,-0.03907819,-0.03415489,-0.02935301,-0.029201707,-0.023272734,-0.023151206,-0.022997059,-0.022798821,-0.022675507,-0.022595016,-0.022499125,-0.022387965,-0.022264197,-0.022130165,-0.017313667,-0.017217616,-0.017123584,-0.017024692,-0.009491088,-0.009444,-0.009408454,-0.009360313,-0.009305531,-0.009254858,-0.004507219,-0.004481449,-0.00445572,-0.0044283234,-0.0044030016,-0.0043790084,-0.004352732,-0.0043254844,-0.0043029874,0.0,0.0,0.0,0.0,0.0,0.0,0.0,0.0,0.0,0.0,0.0,0.0,0.0,0.0,0.0,0.0,0.0,0.0,0.0,0.0,0.0,0.0,0.0,0.0,0.0,0.0,0.0,0.0,0.0,0.0,0.0,0.0,0.0,0.0,0.0,0.0,0.0,0.0,0.0,0.0,0.0,0.0,0.0,0.0,0.0,0.0,0.0,0.0,0.0,0.0,0.0,0.0,0.0,0.0,0.0,0.0,0.0,0.0,0.0,0.0,0.0,0.0,0.0,0.0,0.0,0.0,0.0,0.0,0.0,0.0,0.0,0.0,0.0,0.0,0.0,0.0,0.0,0.0,0.0,0.0,0.0,0.0,0.0,0.0,0.0,0.0,0.0,0.0,0.0,0.0,0.0,0.0,0.0,0.0,0.0,0.0,0.0,0.0,0.0,0.0,0.0,0.0,0.0,0.0,0.0,0.0,0.0,0.0,0.0,0.0,0.0,0.0,0.0,0.0,0.0,0.0,0.0,0.0,0.0,0.0,0.0,0.0,0.0,0.0,0.0,0.0,0.0,0.0,0.0,0.0,0.0,0.0,0.0,0.0,0.0,0.0,0.0,0.0,0.0,0.0,0.0,0.0,0.0,0.0,0.0,0.0,0.0,0.0,0.0,0.0,0.0,0.0,0.0,0.0,0.0,0.0,0.0,0.0,0.0,0.0,0.0,0.0,0.0,0.0,0.0,0.0,0.0,0.0,0.0,0.0,0.0,0.0,0.0,0.0,0.0,0.0,0.0,0.0,0.0,0.0,0.0,0.0,0.0,0.0,0.0,0.0,0.0,0.0,0.0,0.0,0.0,0.0,0.0,0.0,0.0,0.0,0.0,0.0,0.0,0.0,0.0,0.0,0.0,0.0,0.0,0.0,0.0,0.0,0.0,0.0,0.0,0.0,0.0,0.0,0.0,0.0,0.0,0.0,0.0,0.0,0.0,0.0,0.0,0.0,0.0,0.0,0.0,0.0,0.0,0.0,0.0,0.0,0.0,0.0,0.0,0.0,0.0,0.0,0.0,0.0,0.0,0.0,0.0,0.0,0.0,0.0,0.0,0.0,0.0,0.0,0.0,0.0,0.0,0.0,0.0,0.0,0.0,0.0,0.0,0.0,0.0,0.0,0.0,0.0,0.0,0.0,0.0,0.0,0.0,0.0,0.0,0.0,0.0,0.0,0.0,0.0,0.0,0.0,0.0,0.0,0.0,0.0,0.0,0.0,0.0,0.0,0.0,0.0,0.0,0.0,0.0,0.0,0.0,0.0,0.0,0.0,0.0,0.0,0.0,0.0,0.0,0.0,0.0,0.0,0.0,0.0,0.0,0.0,0.0,0.0,0.0,0.0,0.0,0.0,0.0,0.0,0.0,0.0,0.0,0.0,0.0,0.0,0.0,0.0,0.0,0.0,0.0,0.0,0.0,0.0,0.0,0.0,0.0,0.0,0.0,0.0,0.0,0.0,0.0,0.0,0.0,0.0,0.0,0.0,0.0,0.0,0.0,0.0,0.0,0.0,0.0,0.0,0.0,0.0,0.0,0.0,0.0,0.0,0.0,0.0,0.0,0.0,0.0,0.0,0.0,0.0,0.0,0.0,0.0,0.0,0.0,0.0,0.0,0.0,0.0,0.0,0.0,0.0,0.0,0.0,0.0,0.0,0.0,0.0,0.0,0.0,0.0,0.0,0.0,0.0,0.0,0.0,0.0,0.0,0.0,0.0,0.0,0.0,0.0,0.0,0.0,0.0,0.0,0.0,0.0,0.0,0.0,0.0,0.0,0.0,0.0,0.0,0.0,0.0,0.0,0.0,0.0,0.0,0.0,0.0,0.0,0.0,0.0,0.0,0.0,0.0,0.0,0.0,0.0,0.0,0.0,0.0,0.0,0.0,0.0,0.0,0.0,0.0,0.0,0.0,0.0,0.0,0.0,0.0,0.0,0.0,0.0,0.0,0.0,0.0,0.0,0.0,0.0,0.0,0.0,0.0,0.0,0.0,0.0,0.0,0.0,0.0,0.0,0.0,0.0,0.0,0.0,0.0,0.0,0.0,0.0,0.0,0.0,0.0,0.0,0.0,0.0,0.0,0.0,0.0,0.0,0.0,0.0,0.0,0.0,0.0,0.0,0.0,0.0,0.0,0.0,0.0,0.0,0.0,0.0,0.0,0.0,0.0,0.0,0.0,0.0,0.0,0.0,0.0,0.0,0.0,0.0,0.0,0.0,0.0,0.0,0.0,0.0,0.0,0.0,0.0,0.0,0.0,0.0,0.0,0.0,0.0,0.0,0.0,0.0,0.0,0.0,0.0,0.0,0.0,0.0,0.0,0.0,0.0,0.0,0.0,0.0,0.0,0.0,0.0,0.0,0.0,0.0,0.0,0.0,0.0,0.0,0.0,0.0,0.0,0.0,0.0,0.0,0.0,0.0,0.0,0.0,0.0,0.0,0.0,0.0,0.0,0.0,0.0,0.0,0.0,0.0,0.0,0.0,0.0,0.0,0.0,0.0,0.0,0.0,0.0,0.0,0.0,0.0,0.0,0.0,0.0,0.0,0.0,0.0,0.0,0.0,0.0,0.0,0.0,0.0,0.0,0.0,0.0,0.0,0.0,0.0,0.0,0.0,0.0,0.0,0.0,0.0,0.0,0.0,0.0,0.0,0.0,0.0,0.0,0.0,0.0,0.0,0.0,0.0,0.0,0.0,0.0,0.0,0.0,0.0,0.0,0.0,0.0,0.0,0.0,0.0,0.0,0.0,0.0,0.0,0.0,0.0,0.0,0.0,0.0,0.0,0.0,0.0,0.0,0.0,0.0,0.0,0.0,0.0,0.0,0.0,0.0,0.0,0.0,0.0,0.0,0.0,0.0,0.0,0.0,0.0,0.0,0.0,0.0,0.0,0.0,0.0,0.0,0.0,0.0,0.0,0.0,0.0,0.0,0.0,0.0,0.0,0.0,0.0,0.0,0.0,0.0,0.0,0.0,0.0,0.0,0.0,0.0,0.0,0.0,0.0,0.0,0.0,0.0,0.0,0.0,0.0,0.0,0.0,0.0,0.0,0.0,0.0,0.0,0.0,0.0,0.0,0.0,0.0,0.0,0.0,0.0,0.0,0.0,0.0,0.0,0.0,0.0,0.0,0.0,0.0,0.0,0.0,0.0,0.0,0.0,0.0,0.0,0.0,0.0,0.0,0.0,0.0,0.0,0.0,0.0,0.0,0.0,0.0,0.0,0.0,0.0,0.0,0.0,0.0,0.0,0.0,0.0,0.0,0.0,0.0,0.0,0.0,0.0,0.0,0.0,0.0,0.0,0.0,0.0,0.0,0.0,0.0,0.0,0.0,0.0,0.0,0.0,0.0,0.0,0.0,0.0,0.0,0.0,0.0,0.0,0.0,0.0,0.0,0.0,0.0,0.0,0.0,0.0,0.0,0.0,0.0,0.0,0.0,0.0,0.0,0.0,0.0,0.0,0.0,0.0,0.0,0.0,0.0,0.0,0.0,0.0,0.0,0.0,0.0,0.0,0.0,0.0,0.0,0.0,0.0,0.0,0.0,0.0,0.0,0.0,0.0,0.0,0.0,0.0,0.0,0.0,0.0,0.0,0.0,0.0,0.0,0.0,0.0,0.0,0.0,0.0,0.0,0.0,0.0,0.0,0.0,0.0,0.0,0.0,0.0,0.0,0.0,0.0,0.0,0.0,0.0,0.0,0.0,0.0,0.0,0.0,0.0,0.0,0.0,0.0,0.0,0.0,0.0,0.0,0.0,0.0,0.0,0.0,0.0,0.0,0.0,0.0,0.0,0.0,0.0,0.0,0.0,0.0,0.0,0.0,0.0,0.0,0.0,0.0,0.0,0.0,0.0,0.0,0.0,0.0,0.0,0.0,0.0,0.0,0.0,0.0,0.0,0.0,0.0,0.0,0.0,0.0,0.0,0.0,0.0,0.0,0.0,0.0,0.0,0.0,0.0,0.0,0.0,0.0,0.0,0.0,0.0,0.0,0.0,0.0,0.0,0.0,0.0,0.0,0.0,0.0,0.0,0.0,0.0,0.0,0.0,0.0,0.0,0.0,0.0,0.0,0.0,0.0,0.0,0.0,0.0,0.0,0.0,0.0,0.0,0.0,0.0,0.0,0.0,0.0,0.0,0.0,0.0,0.0,0.0,0.0,0.0,0.0,0.0,0.0,0.0,0.0,0.0,0.0,0.0,0.0,0.0,0.0,0.0,0.0,0.0,0.0,0.0,0.0,0.0,0.0,0.0,0.0,0.0,0.0,0.0,0.0,0.0,0.0,0.0,0.0,0.0,0.0,0.0,0.0,0.0,0.0,0.0,0.0,0.0,0.0,0.0,0.0,0.0,0.0,0.0,0.0,0.0,0.0,0.0,0.0,0.0,0.0,0.0,0.0,0.0,0.0,0.0,0.0,0.0,0.0,0.0,0.0,0.0,0.0,0.0,0.0,0.0,0.0,0.0,0.0,0.0,0.0,0.0,0.0,0.0,0.0,0.0,0.0,0.0,0.0,0.0,0.0,0.0,0.0,0.0,0.0,0.0,0.0,0.0,0.0,0.0,0.0,0.0,0.0,0.0,0.0,0.0,0.0,0.0,0.0,0.0,0.0,0.0,0.0,0.0,0.0,0.0,0.0,0.0,0.0,0.0,0.0,0.0,0.0,0.0,0.0,0.0,0.0,0.0,0.0,0.0,0.0,0.0,0.0,0.0,0.0,0.0,0.0,0.0,0.0,0.0,0.0,0.0,0.0,0.0,0.0,0.0,0.0,0.0,0.0,0.0,0.0,0.0,0.0,0.0,0.0,0.0,0.0,0.0,0.0,0.0,0.0,0.0,0.0,0.0,0.0,0.0,0.0,0.0,0.0,0.0,0.0,0.0,0.0,0.0,0.0,0.0,0.0,0.0,0.0,0.0,0.0,0.0,0.0,0.0,0.0,0.0,0.0,0.0,0.0,0.0,0.0,0.0,0.0,0.0,0.0,0.0,0.0,0.0,0.0,0.0,0.0,0.0,0.0,0.0,0.0,0.0,0.0,0.0,0.0,0.0,0.0,0.0,0.0,0.0,0.0,0.0,0.0,0.0,0.0,0.0,0.0,0.0,0.0,0.0,0.0,0.0,0.0,0.0,0.0,0.0,0.0,0.0,0.0,0.0,0.0,0.0,0.0,0.0,0.0,0.0,0.0,0.0,0.0,0.0,0.0,0.0,0.0,0.0,0.0,0.0,0.0,0.0,0.0,0.0,0.0,0.0,0.0,0.0,0.0,0.0,0.0,0.0,0.0,0.0,0.0,0.0,0.0,0.0,0.0,0.0,0.0,0.0,0.0,0.0,0.0,0.0,0.0,0.0,0.0,0.0,0.0,0.0,0.0,0.0,0.0,0.0,0.0,0.0,0.0,0.0,0.0,0.0,0.0,0.0,0.0,0.0,0.0,0.0,0.0,0.0,0.0,0.0,0.0,0.0,0.0,0.0,0.0,0.0,0.0,0.0,0.0,0.0,0.0,0.0,0.0,0.0,0.0,0.0,0.0,0.0,0.0,0.0,0.0,0.0,0.0,0.0,0.0,0.0,0.0,0.0,0.0,0.0,0.0,0.0,0.0,0.0,0.0,0.0,0.0,0.0,0.0,0.0,0.0,0.0,0.0,0.0,0.0,0.0,0.0,0.0,0.0,0.0,0.0,0.0,0.0,0.0,0.0,0.0,0.0,0.0,0.0,0.0,0.0,0.0,0.0,0.0,0.0,0.0,0.0,0.0,0.0,0.0,0.0,0.0,0.0,0.0,0.0,0.0,0.0,0.0,0.0,0.0,0.0,0.0,0.0,0.0,0.0,0.0,0.0,0.0,0.0,0.0,0.0,0.0,0.0,0.0,0.0,0.0,0.0,0.0,0.0,0.0,0.0,0.0,0.0,0.0,0.0,0.0,0.0,0.0,0.0,0.0,0.0,0.0,0.0,0.0,0.0,0.0,0.0,0.0,0.0,0.0,0.0,0.0,0.0,0.0,0.0,0.0,0.0,0.0,0.0,0.0,0.0,0.0,0.0,0.0,0.0,0.0,0.0,0.0,0.0,0.0,0.0,0.0,0.0,0.0,0.0,0.0,0.0,0.0,0.0,0.0,0.0,0.0,0.0,0.0,0.0,0.0,0.0,0.0,0.0,0.0,0.0,0.0,0.0,0.0,0.0,0.0,0.0,0.0,0.0,0.0,0.0,0.0,0.0,0.0,0.0,0.0,0.0,0.0,0.0,0.0,0.0,0.0,0.0,0.0,0.0,0.0,0.0,0.0,0.0,0.0,0.0,0.0,0.0,0.0,0.0,0.0,0.0,0.0,0.0,0.0,0.0,0.0,0.0,0.0,0.0,0.0,0.0,0.0,0.0,0.0,0.0,0.0,0.0,0.0,0.0,0.0,0.0,0.0,0.0,0.0,0.0,0.0,0.0,0.0,0.0,0.0,0.0,0.0,0.0,0.0,0.0,0.0,0.0,0.0,0.0,0.0,0.0,0.0,0.0,0.0,0.0,0.0,0.0,0.0,0.0,0.0,0.0,0.0,0.0,0.0,0.0,0.0,0.0,0.0,0.0,0.0,0.0,0.0,0.0,0.0,0.0,0.0,0.0,0.0,0.0,0.0,0.0,0.0,0.0,0.0,0.0,0.0,0.0,0.0,0.0,0.0,0.0,0.0,0.0,0.0,0.0,0.0,0.0,0.0,0.0,0.0,0.0,0.0,0.0,0.0,0.0,0.0,0.0,0.0,0.0,0.0,0.0,0.0,0.0,0.0,0.0,0.0,0.0,0.0,0.0,0.0,0.0,0.0,0.0,0.0,0.0,0.0,0.0,0.0,0.0,0.0,0.0,0.0,0.0,0.0,0.0,0.0,0.0,0.0,0.0,0.0,0.0,0.0,0.0,0.0,0.0,0.0,0.0,0.0,0.0,0.0,0.0,0.0,0.0,0.0,0.0,0.0,0.0,0.0,0.0,0.0,0.0,0.0,0.0,0.0,0.0,0.0,0.0,0.0,0.0,0.0,0.0,0.0,0.0,0.0,0.0,0.0,0.0,0.0,0.0,0.0,0.0,0.0,0.0,0.0,0.0,0.0,0.0,0.0,0.0,0.0,0.0,0.0,0.0,0.0,0.0,0.0,0.0,0.0,0.0,0.0,0.0,0.0,0.0,0.0,0.0,0.0,0.0,0.0,0.0,0.0,0.0,0.0,0.0,0.0,0.0,0.0,0.0,0.0,0.0,0.0,0.0,0.0,0.0,0.0,0.0,0.0,0.0,0.0,0.0,0.0,0.0,0.0,0.0,0.0,0.0,0.0,0.0,0.0,0.0,0.0,0.0,0.0,0.0,0.0,0.0,0.0,0.0,0.0,0.0,0.0,0.0,0.0,0.0,0.0,0.0,0.0,0.0,0.0,0.0,0.0,0.0,0.0,0.0,0.0,0.0,0.0,0.0,0.0,0.0,0.0,0.0,0.0,0.0,0.0,0.0,0.0,0.0,0.0,0.0,0.0,0.0,0.0,0.0,0.0,0.0,0.0,0.0,0.0,0.0,0.0,0.0,0.0,0.0,0.0,0.0,0.0,0.0,0.0,0.0,0.0,0.0,0.0,0.0,0.0,0.0,0.0,0.0,0.0,0.0,0.0,0.0,0.0,0.0,0.0,0.0,0.0,0.0,0.0,0.0,0.0,0.0,0.0,0.0,0.0,0.0,0.0,0.0,0.0,0.0,0.0,0.0,0.0,0.0,0.0,0.0,0.0,0.0,0.0,0.0,0.0,0.0,0.0,0.0,0.0,0.0,0.0,0.0,0.0,0.0,0.0,0.0,0.0,0.0,0.0,0.0,0.0,0.0,0.0,0.0,0.0,0.0,0.0,0.0,0.0,0.0,0.0,0.0,0.0,0.0,0.0,0.0,0.0,0.0,0.0,0.0,0.0,0.0,0.0,0.0,0.0,0.0,0.0,0.0,0.0,0.0,0.0,0.0,0.0,0.0,0.0,0.0,0.0,0.0,0.0,0.0,0.0,0.0,0.0,0.0,0.0,0.0,0.0,0.0,0.0,0.0,0.0,0.0,0.0,0.0,0.0,0.0,0.0,0.0,0.0,0.0,0.0,0.0,0.0,0.0,0.0,0.0,0.0,0.0,0.0,0.0,0.0,0.0,0.0,0.0,0.0,0.0,0.0,0.0,0.0,0.0,0.0,0.0,0.0,0.0,0.0,0.0,0.0,0.0,0.0,0.0,0.0,0.0,0.0,0.0,0.0,0.0,0.0,0.0,0.0,0.0,0.0,0.0,0.0,0.0,0.0,0.0,0.0,0.0,0.0,0.0,0.0,0.0,0.0,0.0,0.0,0.0,0.0,0.0,0.0,0.0,0.0,0.0,0.0,0.0,0.0,0.0,0.0,0.0,0.0,0.0,0.0,0.0,0.0,0.0,0.0,0.0,0.0,0.0,0.0,0.0,0.0,0.0,0.0,0.0,0.0,0.0,0.0,0.0,0.0,0.0,0.0,0.0,0.0,0.0,0.0,0.0,0.0,0.0,0.0,0.0,0.0,0.0,0.0,0.0,0.0,0.0,0.0,0.0,0.0,0.0,0.0,0.0,0.0,0.0,0.0,0.0,0.0,0.0,0.0,0.0,0.0,0.0,0.0,0.0,0.0,0.0,0.0,0.0,0.0,0.0,0.0,0.0,0.0,0.0,0.0,0.0,0.0,0.0,0.0,0.0,0.0,0.0,0.0,0.0,0.0,0.0,0.0,0.0,0.0,0.0,0.0,0.0,0.0,0.0,0.0,0.0,0.0,0.0,0.0,0.0,0.0,0.0,0.0,0.0,0.0,0.0,0.0,0.0,0.0,0.0,0.0,0.0,0.0,0.0,0.0,0.0,0.0,0.0,0.0,0.0,0.0,0.0,0.0,0.0,0.0,0.0,0.0,0.0,0.0,0.0,0.0,0.0,0.0,0.0,0.0,0.0,0.0,0.0,0.0,0.0,0.0,0.0,0.0,0.0,0.0,0.0,0.0,0.0,0.0,0.0,0.0,0.0,0.0,0.0,0.0,0.0,0.0,0.0,0.0,0.0,0.0,0.0,0.0,0.0,0.0,0.0,0.0,0.0,0.0,0.0,0.0,0.0,0.0,0.0,0.0,0.0,0.0,0.0,0.0,0.0,0.0,0.0,0.0,0.0,0.0,0.0,0.0,0.0,0.0,0.0,0.0,0.0,0.0,0.0,0.0,0.0,0.0,0.0,0.0,0.0,0.0,0.0,0.0,0.0,0.0,0.0,0.0,0.0,0.0,0.0,0.0,0.0,0.0,0.0,0.0,0.0,0.0,0.0,0.0,0.0,0.0,0.0,0.0,0.0,0.0,0.0,0.0,0.0,0.0,0.0,0.0,0.0,0.0,0.0,0.0,0.0,0.0,0.0,0.0,0.0,0.0,0.0,0.0,0.0,0.0,0.0,0.0,0.0,0.0,0.0,0.0,0.0,0.0,0.0,0.0,0.0,0.0,0.0,0.0,0.0,0.0,0.0,0.0,0.0,0.0,0.0,0.0,0.0,0.0,0.0,0.0,0.0,0.0,0.0,0.0,0.0,0.0,0.0,0.0,0.0,0.0,0.0,0.0,0.0,0.0,0.0,0.0,0.0,0.0,0.0,0.0,0.0,0.0,0.0,0.0,0.0,0.0,0.0,0.0,0.0,0.0,0.0,0.0,0.0,0.0,0.0,0.0,0.0,0.0,0.0,0.0,0.0,0.0,0.0,0.0,0.0,0.0,0.0,0.0,0.0,0.0,0.0,0.0,0.0,0.0,0.0,0.0,0.0,0.0,0.0,0.0,0.0,0.0,0.0,0.0,0.0,0.0,0.0,0.0,0.0,0.0,0.0,0.0,0.0,0.0,0.0,0.0,0.0,0.0,0.0,0.0,0.0,0.0,0.0,0.0,0.0,0.0,0.0,0.0,0.0,0.0,0.0,0.0,0.0,0.0,0.0,0.0,0.0,0.0,0.0,0.0,0.0,0.0,0.0,0.0,0.0,0.0,0.0,0.0,0.0,0.0,0.0,0.0,0.0,0.0,0.0,0.0,0.0,0.0,0.0,0.0,0.0,0.0,0.0,0.0,0.0,0.0,0.0,0.0,0.0,0.0,0.0,0.0,0.0,0.0,0.0,0.0,0.0,0.0,0.0,0.0,0.0,0.0,0.0,0.0,0.0,0.0,0.0,0.0,0.0,0.0,0.0,0.0,0.0,0.0,0.0,0.0,0.0,0.0,0.0,0.0,0.0,0.0,0.0,0.0,0.0,0.0,0.0,0.0,0.0,0.0,0.0,0.0,0.0,0.0,0.0,0.0,0.0,0.0,0.0,0.0,0.0,0.0,0.0,0.0,0.0,0.0,0.0,0.0,0.0,0.0,0.0,0.0,0.0,0.0,0.0,0.0,0.0,0.0,0.0,0.0,0.0,0.0,0.0,0.0,0.0,0.0,0.0,0.0,0.0,0.0,0.0,0.0,0.0,0.0,0.0,0.0,0.0,0.0,0.0,0.0,0.0,0.0,0.0,0.0,0.0,0.0,0.0,0.0,0.0,0.0,0.0,0.0,0.0,0.0,0.0,0.0,0.0,0.0,0.0,0.0,0.0,0.0,0.0,0.0,0.0,0.0,0.0,0.0,0.0,0.0,0.0,0.0,0.0,0.0,0.0,0.0,0.0,0.0,0.0,0.0,0.0,0.0,0.0,0.0,0.0,0.0,0.0,0.0,0.0,0.0,0.0,0.0,0.0,0.0,0.0,0.0,0.0,0.0,0.0,0.0,0.0,0.0,0.0,0.0,0.0,0.0,0.0,0.0,0.0,0.0,0.0,0.0,0.0,0.0,0.0,0.0,0.0,0.0,0.0,0.0,0.0,0.0,0.0,0.0,0.0,0.0,0.0,0.0,0.0,0.0,0.0,0.0,0.0,0.0,0.0,0.0,0.0,0.0,0.0,0.0,0.0,0.0,0.0,0.0,0.0,0.0,0.0,0.0,0.0,0.0,0.0,0.0,0.0,0.0,0.0,0.0,0.0,0.0,0.0,0.0,0.0,0.0,0.0,0.0,0.0,0.0,0.0,0.0,0.0,0.0,0.0,0.0,0.0,0.0,0.0,0.0,0.0,0.0,0.0,0.0,0.0,0.0,0.0,0.0,0.0,0.0,0.0,0.0,0.0,0.0,0.0,0.0,0.0,0.0,0.0,0.0,0.0,0.0,0.0,0.0,0.0,0.0,0.0,0.0,0.0,0.0,0.0,0.0,0.0,0.0,0.0,0.0,0.0,0.0,0.0,0.0,0.0,0.0,0.0,0.0,0.0,0.0,0.0,0.0,0.0,0.0,0.0,0.0,0.0,0.0,0.0,0.0,0.0,0.0,0.0,0.0,0.0,0.0,0.0,0.0,0.0,0.0,0.0,0.0,0.0,0.0,0.0,0.0,0.0,0.0,0.0,0.0,0.0,0.0,0.0,0.0,0.0,0.0,0.0,0.0,0.0,0.0,0.0,0.0,0.0,0.0,0.0,0.0,0.0,0.0,0.0,0.0,0.0,0.0,0.0,0.0,0.0,0.0,0.0,0.0,0.0,0.0,0.0,0.0,0.0,0.0,0.0,0.0,0.0,0.0,0.0,0.0,0.0,0.0,0.0,0.0,0.0,0.0,0.0,0.0,0.0,0.0,0.0,0.0,0.0,0.0,0.0,0.0,0.0,0.0,0.0,0.0
Tax36,0.0,-1.2207966,-0.9790276,-0.6922183,-0.375342,-0.036749765,0.30680746,0.66591144,1.034767,1.4123346,1.7887698,2.178628,2.5746672,2.95273,3.3591595,3.7712405,4.18602,4.5944343,5.003592,5.3251977,5.834265,6.127364,6.4672627,6.783933,7.0989833,7.4174166,7.7439957,8.020741,8.435625,8.81737,9.090887,9.368324,9.867616,10.275969,10.219502,10.4242525,10.87485,11.170267,11.211246,11.475342,11.796153,11.960518,12.354383,12.748099,12.769033,13.044133,13.370225,13.550298,13.663886,13.921178,13.9188795,13.725438,14.1245365,14.072201,14.180979,14.098994,13.966361,14.005162,13.708533,13.408114,12.776575,12.410676,12.259679,11.993557,12.242175,12.540257,5.371588,5.6089897,13.838929,14.104457,14.228939,14.594352,14.536544,6.270209,15.138857,6.392217,6.477019,6.7614427,6.9374313,7.1115513,7.1856914,7.2881804,7.3760614,7.6355124,7.776155,8.137062,18.737673,18.829926,18.90354,19.32026,19.88494,19.868351,19.916384,20.040735,19.813847,19.610304,19.205591,19.516438,19.52029,19.47615,19.309755,19.125244,19.124092,19.286785,19.354612,19.520124,19.583658,19.736399,19.945549,19.956793,20.2766,20.398317,20.710905,20.399809,20.130112,8.000339,8.040002,8.243053,8.111262,8.275805,8.174715,7.9760017,7.881402,7.763042,7.595189,7.433672,7.351264,6.9051223,6.486688,6.1422048,5.8369093,5.5880055,5.3545885,4.9297347,4.4969206,4.067578,3.6892319,3.1655557,2.736237,2.2924697,1.7372944,1.1846756,0.70501876,0.41198617,0.07479222,-0.14046861,-0.35935414,-0.7277135,-1.0857183,-1.4257364,-1.6099112,-1.607154,-1.1425714,-0.5846159,-0.11206163,0.34194908,0.76698256,1.068886,1.2878406,1.3557711,1.4411163,1.4676625,1.3335935,1.1600676,1.0764917,0.98527205,1.0162702,1.20109,1.1885109,1.2711757,1.3896827,1.5377607,1.6020894,1.4894807,1.9175904,2.165403,1.9910415,1.8747091,1.946236,2.2788193,2.4247158,2.2605515,1.4975269,0.68447393,0.1328297,-0.2816677,-0.6823668,-1.021263,-1.2456548,-1.5004209,-1.7115216,-1.9395611,-2.0438876,-2.108107,-2.1841109,-2.187494,-2.2828844,-2.2588353,-2.2604685,-2.2330265,-2.2672331,-2.2455292,-2.2388074,-2.1903243,-2.2046876,-2.246547,-2.2235394,-2.1179512,-2.0034978,-1.9727172,-1.882738,-1.7462037,-1.6625543,-1.5763751,-1.5146042,-1.4575602,-1.368801,-1.3027525,-1.2281947,-1.2065783,-1.12577,-1.0490357,-1.0269864,-1.0029359,-0.94288915,-0.8773981,-0.82355,-0.7407371,-0.69695824,-0.63825774,-0.60397494,-0.5678065,-0.5227922,-0.49848008,-0.45814252,-0.432076,-0.41422495,-0.4001754,-0.38416275,-0.35855502,-0.34432498,-0.32189223,-0.30812004,-0.27336338,-0.26321033,-0.2479337,-0.22582926,-0.21134076,-0.20873924,-0.19383991,-0.19139005,-0.18025725,-0.16884525,-0.16672754,-0.1570068,-0.14707217,-0.13868392,-0.13036995,-0.12888062,-0.12746142,-0.12607218,-0.118401185,-0.11681474,-0.109237134,-0.10787352,-0.100148566,-0.09889283,-0.097737476,-0.09140489,-0.09031243,-0.08915917,-0.087956764,-0.078807384,-0.06901702,-0.0681391,-0.0672688,-0.059832636,-0.053739853,-0.04566275,-0.045057826,-0.044465203,-0.043895036,-0.043288346,-0.042689756,-0.034570288,-0.034043863,-0.033513464,-0.032970823,-0.032470327,-0.031958696,-0.03150769,-0.03109452,-0.030722346,-0.030334761,-0.029811462,-0.029107055,-0.028207947,-0.027016902,-0.02553159,-0.023870531,-0.022319322,-0.020942055,-0.0190985,-0.017029665,-0.014834772,-0.012523299,-0.009938203,-0.0072679655,-0.004309105,-0.0003934994,0.0038806247,0.00907065,0.0145763,0.020687869,0.027726619,0.03557881,0.045420073,0.057183757,0.07139559,0.08582033,0.104696244,0.13599311,0.18881077,0.2556053,0.32745644,0.37252438,0.41030672,0.45389134,0.5067164,0.56179935,0.63653785,0.72446847,0.8148718,0.9570787,1.1105998,1.2983341,1.5309716,1.8179628,4.0436306,5.275891,6.8541346,9.0245905,11.166358,14.599878,18.932394,23.173788,27.829992,33.49204,36.221626,40.14158,41.086246,34.073547,23.16849,13.357981,6.2560453,1.9729528,0.117911234,-0.5369484,-0.7148286,-0.68265694,-0.595923,-0.49727887,-0.42976442,-0.34614345,-0.20895354,-0.06654652,-1.1452835,-0.96313095,-0.7598934,-0.5457212,-0.32679895,-0.10679721,0.11251088,0.32907185,0.5441614,0.7544576,0.9614455,1.1649656,1.3657349,1.562845,1.7598286,1.9509916,2.1266696,2.3122153,2.4961073,2.6786308,2.860652,3.041518,3.2199357,3.3960924,3.590085,3.7696168,3.980079,4.166319,4.290131,4.4803405,4.688379,5.0350504,5.085498,5.1339655,5.2108984,5.33334,5.457035,5.4228735,5.324949,5.3853602,5.5204453,5.7942486,6.1157694,6.204828,6.4783077,6.5118656,6.446265,6.4639745,6.735648,6.7103395,6.800481,7.0953045,7.1762567,7.199339,7.137622,7.11891,7.179573,6.929222,6.7823944,6.4439034,6.2816277,6.095343,5.9603534,6.2066884,6.3506074,2.1615317,2.344317,7.1260376,7.392362,7.7241445,7.799867,7.769078,2.802424,8.103722,2.9317794,3.129756,3.2856305,3.3851116,3.5585022,3.6680672,3.8366656,3.9263473,4.0556636,4.326362,4.6068726,11.577793,11.937741,12.144516,12.535693,12.486483,12.443301,12.703194,13.049054,12.7351885,12.561974,12.496756,12.531715,12.479892,12.44525,12.636526,12.430001,12.795899,13.007644,13.284628,13.308702,13.577132,13.523913,14.043985,14.187493,14.511424,14.597945,14.840837,14.7139635,14.947585,5.6946125,5.869957,6.1147323,6.349334,6.349521,6.5591407,6.5149183,6.5423155,6.5135393,6.5382643,6.541069,6.3776736,6.01476,5.849322,5.640851,5.402671,5.302135,5.064197,4.7479477,4.4433393,4.187769,3.8455498,3.456773,2.9474669,2.48087,1.8914858,1.253601,0.78047174,0.46995342,0.18373065,0.037626017,-0.15890692,-0.4580116,-0.76093614,-1.0598364,-1.2589592,-1.276776,-0.9422858,-0.48705676,-0.07381651,0.35382548,0.7808115,1.1267185,1.374012,1.4877372,1.5804743,1.6415551,1.536526,1.4200224,1.3183868,1.2191131,1.2316246,1.385237,1.374675,1.4221685,1.554566,1.6808879,1.7561986,1.6314212,2.0419,2.295993,2.2099626,2.1595724,2.2596142,2.6057098,2.8389916,2.767731,2.0459042,1.1625369,0.54669404,0.088364735,-0.33871084,-0.6917158,-0.9171837,-1.1507348,-1.3796829,-1.5482663,-1.6702435,-1.7513809,-1.8456731,-1.8850847,-1.9578054,-1.997309,-1.9752015,-1.9749675,-1.9938812,-2.0090885,-1.9507588,-1.9173561,-1.8947916,-1.8689984,-1.844197,-1.8112162,-1.7848215,-1.7679731,-1.6653616,-1.6506531,-1.536405,-1.4803606,-1.3847613,-1.3146936,-1.305416,-1.2570332,-1.2016565,-1.1711223,-1.1052451,-1.0267284,-1.0067393,-0.91792095,-0.9086568,-0.8735016,-0.81741655,-0.7736858,-0.74677366,-0.7285038,-0.6947548,-0.6266485,-0.58975184,-0.5613729,-0.5329838,-0.5155319,-0.47901097,-0.45104656,-0.4249246,-0.39960337,-0.36206996,-0.33526167,-0.3313113,-0.30502358,-0.29357567,-0.25953683,-0.24720964,-0.24418361,-0.24116853,-0.2205273,-0.21773803,-0.20603493,-0.19316609,-0.15791862,-0.14835179,-0.13970947,-0.1235522,-0.114158414,-0.11284305,-0.111586645,-0.11035678,-0.0806502,-0.07957326,-0.07853055,-0.06970955,-0.055613082,-0.054914687,-0.054269373,-0.05364427,-0.053000662,-0.052323885,-0.05162043,-0.050969318,-0.050322954,-0.04968268,-0.0490481,-0.04839298,-0.041668072,-0.041093875,-0.040550552,-0.040017985,-0.03950494,-0.032099582,-0.0316573,-0.031209636,-0.030738097,-0.030263577,-0.029778909,-0.029330313,-0.028872345,-0.028466176,-0.02809254,-0.027754785,-0.027404688,-0.02693834,-0.026316362,-0.025526823,-0.02448555,-0.023190014,-0.021742992,-0.02039189,-0.019191058,-0.014199227,-0.012749245,-0.009279894,-0.007941831,-0.006453311,-0.0049222778,-0.003232446,-0.0010019466,0.0014252493,0.004359374,0.0074508013,0.010859365,0.014757538,0.019064043,0.024424205,0.030770168,0.03834712,0.04587879,0.055648062,0.071854845,0.09901961,0.13235776,0.16643557,0.18457356,0.19745535,0.21173112,0.22866595,0.24466828,0.26719242,0.19384106,0.20886973,0.23463199,0.2593335,0.2876071,0.32052106,0.35501534,0.7500423,0.87905705,1.015316,1.1687965,1.3022782,1.4349258,1.5309086,1.5663707,1.5184944,1.3904887,1.2227799,1.0290256,0.8034446,0.5207517,0.31570348,0.22880389,0.2040159,0.18694372,0.1880049,0.20337267,0.20786929,0.22606625,0.24461439,0.25341916,0.26882267,0.2824656,0.28154656,0.31295845,-0.07551319,-0.0642421,-0.05191585,-0.039069455,-0.026027199,-0.012976795,-3.3062883e-05,0.012753975,0.025365558,0.037789047,0.050049078,0.062165562,0.074187405,0.086127274,0.09797543,0.109632514,0.12078072,0.13116923,0.14128806,0.15021744,0.15864407,0.1667992,0.1746484,0.18225041,0.1896095,0.19675995,0.20386583,0.20849457,0.21487235,0.25227052,0.25656697,0.30388907,0.32108232,0.32192838,0.32185262,0.32518184,0.32765463,0.32356572,0.32676148,0.33151823,0.3453584,0.32892913,0.34173772,0.4029194,0.46993625,0.50363857,0.49965557,0.4968775,0.4422597,0.42990997,0.38784826,0.38269272,0.38384357,0.37968338,0.40753344,0.39430642,0.39249304,0.3928984,0.38654724,0.36242065,0.36028495,0.3557763,0.34562096,0.3591831,0.3629267,0.12450031,0.13061972,0.41399658,0.43828142,0.4537967,0.4713627,0.47403353,0.18203737,0.5065758,0.19300666,0.19462118,0.20972723,0.21319498,0.22346024,0.23324616,0.25206116,0.24813832,0.27020863,0.28982514,0.30599543,0.7665345,0.7612637,0.7941591,0.81719744,0.8321358,0.8676019,0.80454254,0.8446884,0.80950016,0.7917892,0.82193285,0.8695073,0.8340161,0.8230311,0.8185652,0.8261031,0.83556515,0.84577584,0.8543604,0.82100344,0.8688376,0.86109,0.9173048,0.9105816,1.0032017,0.95870274,0.9197666,0.9258992,0.91640335,0.38467112,0.37894073,0.38300198,0.40447694,0.39623106,0.4210033,0.45030537,0.46405652,0.4464342,0.44272757,0.42649728,0.43945137,0.41757673,0.40333796,0.38985303,0.3880818,0.36951825,0.36143458,0.33912787,0.34463772,0.29776788,0.26758987,0.23654655,0.21863954,0.18918137,0.14859226,0.10431463,0.06912558,0.045663934,0.02683536,0.013849974,-0.0011883811,-0.022653498,-0.045041334,-0.06449931,-0.080063656,-0.083764814,-0.06322343,-0.03308636,-0.0038953992,0.027456101,0.05990582,0.0883923,0.11120637,0.12539262,0.13872582,0.1485609,0.14454655,0.13791752,0.13367797,0.12724702,0.12985756,0.13792326,0.1405591,0.14807692,0.13328105,0.14688039,0.15569721,0.15404285,0.18870148,0.21369298,0.21256974,0.21146977,0.22359239,0.25764185,0.28523046,0.28590214,0.22756982,0.15129253,0.0929877,0.046651676,0.0033164807,-0.03364169,-0.059504114,-0.08323638,-0.10663499,-0.11820968,-0.123634964,-0.13310167,-0.13581434,-0.13405052,-0.14231265,-0.14929448,-0.15366688,-0.15757255,-0.14751858,-0.15078329,-0.15251276,-0.1542346,-0.14275038,-0.14581664,-0.14722276,-0.13376081,-0.123136714,-0.11125553,-0.111208886,-0.11089453,-0.110073105,-0.10890114,-0.1079463,-0.10720199,-0.07778971,-0.077157795,-0.076569326,-0.06548515,-0.06483746,-0.06412996,-0.06346856,-0.050753985,-0.05023395,-0.04968217,-0.039444413,-0.03900011,-0.03853564,-0.03803853,-0.023727618,-0.023442289,-0.023189675,-0.022928147,-0.022658298,-0.02238249,-0.022102647,-0.021830743,-0.010479897,-0.01035263,-0.010224706,-0.010098172,-0.009978608,-0.009868026,-0.009749934,-0.009628637,-0.009511322,-0.009394668,-0.009278517,-0.009163654,-0.009047843,-0.008935941,-0.008826908,-0.008716126,-0.008605322,-0.008501657,-0.008403505,-0.008306639,-0.008210189,-0.008117769,-0.008027224,-0.007925829,-0.007820527,-0.007718407,-0.007621844,-0.0075214957,-0.0074270284,-0.007339227,-0.0072540236,-0.0071666325,-0.0070752394,-0.0069806455,-0.0068926145,-0.006805267,-0.006718766,-0.006633062,-0.0065449104,-0.006456325,-0.006368028,-0.006284189,-0.0062019583,-0.0061225784,-0.00603892,-0.0059563406,-0.00587292,-0.0057854815,-0.0056976187,-0.0056080977,-0.0055248467,-0.0054400633,-0.0053642457,-0.005294087,-0.0052301744,-0.0051642302,-0.0050784023,-0.0049659247,-0.004824749,-0.004640419,-0.004412505,-0.0041586906,-0.0039215023,-0.0037102564,-0.0034304922,-0.0031174545,-0.002786262,-0.002438491,-0.0020527178,-0.0016567034,-0.0012207538,-0.00064730947,-2.47797e-05,0.00072558946,0.0015137037,0.0023797706,0.0033668482,0.004452967,0.005800563,0.007389671,0.009278875,0.011142729,0.013553325,0.01755407,0.024246996,0.03239031,0.040601075,0.044775683,0.047618587,0.050780352,0.05456466,0.05810337,0.06318926,0.06888284,0.07396246,0.0828573,0.09134169,0.10107919,0.11245996,0.12525061,0.2656192,0.31171918,0.35864085,0.41480714,0.4670598,0.52074564,0.5636529,0.5943645,0.5981701,0.5803659,0.55405796,0.52206403,0.47369608,0.34530646,0.23588859,0.14988811,0.12185095,0.09494786,0.108063124,0.10554847,0.10482501,0.12262039,0.124230646,0.12464849,0.13171014,0.14607292,0.15053965,0.1657735,-0.06292766,-0.052610517,-0.0415104,-0.030055216,-0.018498357,-0.006989274,0.004389387,0.015605802,0.02665165,0.037508953,0.04820805,0.058761097,0.06918548,0.07952311,0.089802384,0.10005818,0.110094175,0.11999909,0.12970565,0.13912857,0.1483049,0.15743028,0.16603053,0.17402527,0.18188839,0.1897079,0.19751693,0.20520976,0.1951948,0.20272464,0.23175023,0.24131852,0.26215243,0.27984175,0.28270122,0.28995976,0.2832742,0.29708797,0.30175617,0.31478834,0.34666997,0.35705543,0.36861652,0.38467664,0.30136424,0.2951718,0.30205444,0.30455995,0.32484207,0.33992842,0.33746925,0.3487624,0.35201105,0.36983988,0.35517043,0.34263548,0.34845895,0.33387467,0.3239199,0.29392987,0.29592472,0.26240084,0.25308338,0.25755686,0.2564832,0.08471331,0.09082754,0.29261583,0.3049309,0.31627038,0.32188302,0.3264895,0.116452605,0.34867698,0.12431092,0.12364258,0.13397887,0.1363516,0.1426773,0.1458405,0.14917664,0.15862295,0.16766462,0.17915648,0.19138177,0.49542195,0.5121685,0.52387875,0.55997413,0.57655513,0.56906384,0.52506584,0.5412725,0.5185966,0.52667004,0.5017875,0.5318607,0.49913943,0.51018566,0.53534734,0.509007,0.5127744,0.5582817,0.55161905,0.52898705,0.5808712,0.50892425,0.5412064,0.57333237,0.5600529,0.60325134,0.65090656,0.6078139,0.6094274,0.24279425,0.22350101,0.21958102,0.23695093,0.25667846,0.2691218,0.26822364,0.27568445,0.26713365,0.30077395,0.27802062,0.29135072,0.28222883,0.2598131,0.24854618,0.24821258,0.23978567,0.22845328,0.21265475,0.20711781,0.18764882,0.17003587,0.14817695,0.12253096,0.09778845,0.070637405,0.047192052,0.022758361,0.008123392,-0.0042272313,-0.011477779,-0.020320356,-0.03377385,-0.048663,-0.063264646,-0.074113406,-0.07668895,-0.061880745,-0.03989837,-0.018341584,0.0049255034,0.02579378,0.04553287,0.05916563,0.06897321,0.078549266,0.08523799,0.080329314,0.07652219,0.071486026,0.06805173,0.069617815,0.07881704,0.08072676,0.08549523,0.09410705,0.104265615,0.10208139,0.10123782,0.12519228,0.1446151,0.13497376,0.12785606,0.118955925,0.13774577,0.15242581,0.15371655,0.122820176,0.08178246,0.050120175,0.025138017,0.0012248624,-0.017044295,-0.029914908,-0.040152367,-0.044571936,-0.053775307,-0.060154684,-0.06483314,-0.06978305,-0.073739976,-0.07829263,-0.08213551,-0.084549144,-0.08669299,-0.08930762,-0.09127064,-0.092310436,-0.09333531,-0.09551042,-0.097486116,-0.098376274,-0.0988026,-0.098989494,-0.09919274,-0.09911661,-0.09880819,-0.098063216,-0.097017586,-0.08171387,-0.081134796,-0.080527954,-0.07986211,-0.07923919,-0.06210047,-0.04846823,-0.047936805,-0.047438536,-0.029884886,-0.029576007,-0.029249374,-0.020126108,-0.019898355,-0.019660907,-0.019407738,-0.019133076,-0.018902635,-0.018697446,-0.008443162,-0.008343501,-0.008241813,-0.008138772,-0.008038571,-0.007940415,-0.007843833,-0.0077468446,-0.00765092,-0.0075600618,-0.0074757184,-0.0073860353,-0.007294109,-0.0072051003,-0.0071166237,-0.0070285704,-0.0069414917,-0.00685379,-0.006768952,-0.006686233,-0.0066023124,-0.0065184305,0.0,0.0,0.0,0.0,0.0,0.0,0.0,0.0,0.0,0.0,0.0,0.0,0.0,0.0,0.0,0.0,0.0,0.0,0.0,0.0,0.0,0.0,0.0,0.0,0.0,0.0,0.0,0.0,0.0,0.0,0.0,0.0,0.0,0.0,0.0,0.0,0.0,0.0,0.0,0.0,0.0,0.0,0.0,0.0,0.0,0.0,0.0,0.0,0.0,0.0,0.0,0.0,0.0,0.0,0.0,0.0,0.0,0.0,0.0,0.0,0.0,0.0,0.0,0.0,0.0,0.0,0.0,0.0,0.0,0.0,0.0,0.0,0.0,0.0,0.0,0.0,0.0,0.0,0.0,0.0,0.0,0.0,0.0,0.0,0.0,0.0,0.0,0.0,0.0,0.0,0.0,0.0,0.0,0.0,0.0,0.0,0.0,0.0,0.0,0.0,0.0,0.0,0.0,0.0,0.0,0.0,0.0,0.0,0.0,0.0,0.0,0.0,0.0,0.0,0.0,0.0,0.0,0.0,0.0,0.0,0.0,0.0,0.0,0.0,0.0,0.0,0.0,0.0,0.0,0.0,0.0,0.0,0.0,0.0,0.0,0.0,0.0,0.0,0.0,0.0,0.0,0.0,0.0,0.0,0.0,0.0,0.0,0.0,0.0,0.0,0.0,0.0,0.0,0.0,0.0,0.0,0.0,0.0,0.0,0.0,0.0,0.0,0.0,0.0,0.0,0.0,0.0,0.0,0.0,0.0,0.0,0.0,0.0,0.0,0.0,0.0,0.0,0.0,0.0,0.0,0.0,0.0,0.0,0.0,0.0,0.0,0.0,0.0,0.0,0.0,0.0,0.0,0.0,0.0,0.0,0.0,0.0,0.0,0.0,0.0,0.0,0.0,0.0,0.0,0.0,0.0,0.0,0.0,0.0,0.0,0.0,0.0,0.0,0.0,0.0,0.0,0.0,0.0,0.0,0.0,0.0,0.0,0.0,0.0,0.0,0.0,0.0,0.0,0.0,0.0,0.0,0.0,0.0,0.0,0.0,0.0,0.0,0.0,0.0,0.0,0.0,0.0,0.0,0.0,0.0,0.0,0.0,0.0,0.0,0.0,0.0,0.0,0.0,0.0,0.0,0.0,0.0,0.0,0.0,0.0,0.0,0.0,0.0,0.0,0.0,0.0,0.0,0.0,0.0,0.0,0.0,0.0,0.0,0.0,0.0,0.0,0.0,0.0,0.0,0.0,0.0,0.0,0.0,0.0,0.0,0.0,0.0,0.0,0.0,0.0,0.0,0.0,0.0,0.0,0.0,0.0,0.0,0.0,0.0,0.0,0.0,0.0,0.0,0.0,0.0,0.0,0.0,0.0,0.0,0.0,0.0,0.0,0.0,0.0,0.0,0.0,0.0,0.0,0.0,0.0,0.0,0.0,0.0,0.0,0.0,0.0,0.0,0.0,0.0,0.0,0.0,0.0,0.0,0.0,0.0,0.0,0.0,0.0,0.0,0.0,0.0,0.0,0.0,0.0,0.0,0.0,0.0,0.0,0.0,0.0,0.0,0.0,0.0,0.0,0.0,0.0,0.0,0.0,0.0,0.0,0.0,0.0,0.0,0.0,0.0,0.0,0.0,0.0,0.0,0.0,0.0,0.0,0.0,0.0,0.0,0.0,0.0,0.0,0.0,0.0,0.0,0.0,0.0,0.0,0.0,0.0,0.0,0.0,0.0,0.0,0.0,0.0,0.0,0.0,0.0,0.0,0.0,0.0,0.0,0.0,0.0,0.0,0.0,0.0,0.0,0.0,0.0,0.0,0.0,0.0,0.0,0.0,0.0,0.0,0.0,0.0,0.0,0.0,0.0,0.0,0.0,0.0,0.0,0.0,0.0,0.0,0.0,0.0,0.0,0.0,0.0,0.0,0.0,0.0,0.0,0.0,0.0,0.0,0.0,0.0,0.0,0.0,0.0,0.0,0.0,0.0,0.0,0.0,0.0,0.0,0.0,0.0,0.0,0.0,0.0,0.0,0.0,0.0,0.0,0.0,0.0,0.0,0.0,0.0,0.0,0.0,0.0,0.0,0.0,0.0,0.0,0.0,0.0,0.0,0.0,0.0,0.0,0.0,0.0,0.0,0.0,0.0,0.0,0.0,0.0,0.0,0.0,0.0,0.0,0.0,0.0,0.0,0.0,0.0,0.0,0.0,0.0,0.0,0.0,0.0,0.0,0.0,0.0,0.0,0.0,0.0,0.0,0.0,0.0,0.0,0.0,0.0,0.0,0.0,0.0,0.0,0.0,0.0,0.0,0.0,0.0,0.0,0.0,0.0,0.0,0.0,0.0,0.0,0.0,0.0,0.0,0.0,0.0,0.0,0.0,0.0,0.0,0.0,0.0,0.0,0.0,0.0,0.0,0.0,0.0,0.0,0.0,0.0,0.0,0.0,0.0,0.0,0.0,0.0,0.0,0.0,0.0,0.0,0.0,0.0,0.0,0.0,0.0,0.0,0.0,0.0,0.0,0.0,0.0,0.0,0.0,0.0,0.0,0.0,0.0,0.0,0.0,0.0,0.0,0.0,0.0,0.0,0.0,0.0,0.0,0.0,0.0,0.0,0.0,0.0,0.0,0.0,0.0,0.0,0.0,0.0,0.0,0.0,0.0,0.0,0.0,0.0,0.0,0.0,0.0,0.0,0.0,0.0,0.0,0.0,0.0,0.0,0.0,0.0,0.0,0.0,0.0,0.0,0.0,0.0,0.0,0.0,0.0,0.0,0.0,0.0,0.0,0.0,0.0,0.0,0.0,0.0,0.0,0.0,0.0,0.0,0.0,0.0,0.0,0.0,0.0,0.0,0.0,0.0,0.0,0.0,0.0,0.0,0.0,0.0,0.0,0.0,0.0,0.0,0.0,0.0,0.0,0.0,0.0,0.0,0.0,0.0,0.0,0.0,0.0,0.0,0.0,0.0,0.0,0.0,0.0,0.0,0.0,0.0,0.0,0.0,0.0,0.0,0.0,0.0,0.0,0.0,0.0,0.0,0.0,0.0,0.0,0.0,0.0,0.0,0.0,0.0,0.0,0.0,0.0,0.0,0.0,0.0,0.0,0.0,0.0,0.0,0.0,0.0,0.0,0.0,0.0,0.0,0.0,0.0,0.0,0.0,0.0,0.0,0.0,0.0,0.0,0.0,0.0,0.0,0.0,0.0,0.0,0.0,0.0,0.0,0.0,0.0,0.0,0.0,0.0,0.0,0.0,0.0,0.0,0.0,0.0,0.0,0.0,0.0,0.0,0.0,0.0,0.0,0.0,0.0,0.0,0.0,0.0,0.0,0.0,0.0,0.0,0.0,0.0,0.0,0.0,0.0,0.0,0.0,0.0,0.0,0.0,0.0,0.0,0.0,0.0,0.0,0.0,0.0,0.0,0.0,0.0,0.0,0.0,0.0,0.0,0.0,0.0,0.0,0.0,0.0,0.0,0.0,0.0,0.0,0.0,0.0,0.0,0.0,0.0,0.0,0.0,0.0,0.0,0.0,0.0,0.0,0.0,0.0,0.0,0.0,0.0,0.0,0.0,0.0,0.0,0.0,0.0,0.0,0.0,0.0,0.0,0.0,0.0,0.0,0.0,0.0,0.0,0.0,0.0,0.0,0.0,0.0,0.0,0.0,0.0,0.0,0.0,0.0,0.0,0.0,0.0,0.0,0.0,0.0,0.0,0.0,0.0,0.0,0.0,0.0,0.0,0.0,0.0,0.0,0.0,0.0,0.0,0.0,0.0,0.0,0.0,0.0,0.0,0.0,0.0,0.0,0.0,0.0,0.0,0.0,0.0,0.0,0.0,0.0,0.0,0.0,0.0,0.0,0.0,0.0,0.0,0.0,0.0,0.0,0.0,0.0,0.0,0.0,0.0,0.0,0.0,0.0,0.0,0.0,0.0,0.0,0.0,0.0,0.0,0.0,0.0,0.0,0.0,0.0,0.0,0.0,0.0,0.0,0.0,0.0,0.0,0.0,0.0,0.0,0.0,0.0,0.0,0.0,0.0,0.0,0.0,0.0,0.0,0.0,0.0,0.0,0.0,0.0,0.0,0.0,0.0,0.0,0.0,0.0,0.0,0.0,0.0,0.0,0.0,0.0,0.0,0.0,0.0,0.0,0.0,0.0,0.0,0.0,0.0,0.0,0.0,0.0,0.0,0.0,0.0,0.0,0.0,0.0,0.0,0.0,0.0,0.0,0.0,0.0,0.0,0.0,0.0,0.0,0.0,0.0,0.0,0.0,0.0,0.0,0.0,0.0,0.0,0.0,0.0,0.0,0.0,0.0,0.0,0.0,0.0,0.0,0.0,0.0,0.0,0.0,0.0,0.0,0.0,0.0,0.0,0.0,0.0,0.0,0.0,0.0,0.0,0.0,0.0,0.0,0.0,0.0,0.0,0.0,0.0,0.0,0.0,0.0,0.0,0.0,0.0,0.0,0.0,0.0,0.0,0.0,0.0,0.0,0.0,0.0,0.0,0.0,0.0,0.0,0.0,0.0,0.0,0.0,0.0,0.0,0.0,0.0,0.0,0.0,0.0,0.0,0.0,0.0,0.0,0.0,0.0,0.0,0.0,0.0,0.0,0.0,0.0,0.0,0.0,0.0,0.0,0.0,0.0,0.0,0.0,0.0,0.0,0.0,0.0,0.0,0.0,0.0,0.0,0.0,0.0,0.0,0.0,0.0,0.0,0.0,0.0,0.0,0.0,0.0,0.0,0.0,0.0,0.0,0.0,0.0,0.0,0.0,0.0,0.0,0.0,0.0,0.0,0.0,0.0,0.0,0.0,0.0,0.0,0.0,0.0,0.0,0.0,0.0,0.0,0.0,0.0,0.0,0.0,0.0,0.0,0.0,0.0,0.0,0.0,0.0,0.0,0.0,0.0,0.0,0.0,0.0,0.0,0.0,0.0,0.0,0.0,0.0,0.0,0.0,0.0,0.0,0.0,0.0,0.0,0.0,0.0,0.0,0.0,0.0,0.0,0.0,0.0,0.0,0.0,0.0,0.0,0.0,0.0,0.0,0.0,0.0,0.0,0.0,0.0,0.0,0.0,0.0,0.0,0.0,0.0,0.0,0.0,0.0,0.0,0.0,0.0,0.0,0.0,0.0,0.0,0.0,0.0,0.0,0.0,0.0,0.0,0.0,0.0,0.0,0.0,0.0,0.0,0.0,0.0,0.0,0.0,0.0,0.0,0.0,0.0,0.0,0.0,0.0,0.0,0.0,0.0,0.0,0.0,0.0,0.0,0.0,0.0,0.0,0.0,0.0,0.0,0.0,0.0,0.0,0.0,0.0,0.0,0.0,0.0,0.0,0.0,0.0,0.0,0.0,0.0,0.0,0.0,0.0,0.0,0.0,0.0,0.0,0.0,0.0,0.0,0.0,0.0,0.0,0.0,0.0,0.0,0.0,0.0,0.0,0.0,0.0,0.0,0.0,0.0,0.0,0.0,0.0,0.0,0.0,0.0,0.0,0.0,0.0,0.0,0.0,0.0,0.0,0.0,0.0,0.0,0.0,0.0,0.0,0.0,0.0,0.0,0.0,0.0,0.0,0.0,0.0,0.0,0.0,0.0,0.0,0.0,0.0,0.0,0.0,0.0,0.0,0.0,0.0,0.0,0.0,0.0,0.0,0.0,0.0,0.0,0.0,0.0,0.0,0.0,0.0,0.0,0.0,0.0,0.0,0.0,0.0,0.0,0.0,0.0,0.0,0.0,0.0,0.0,0.0,0.0,0.0,0.0,0.0,0.0,0.0,0.0,0.0,0.0,0.0,0.0,0.0,0.0,0.0,0.0,0.0,0.0,0.0,0.0,0.0,0.0,0.0,0.0,0.0,0.0,0.0,0.0,0.0,0.0,0.0,0.0,0.0,0.0,0.0,0.0,0.0,0.0,0.0,0.0,0.0,0.0,0.0,0.0,0.0,0.0,0.0,0.0,0.0,0.0,0.0,0.0,0.0,0.0,0.0,0.0,0.0,0.0,0.0,0.0,0.0,0.0,0.0,0.0,0.0,0.0,0.0,0.0,0.0,0.0,0.0,0.0,0.0,0.0,0.0,0.0,0.0,0.0,0.0,0.0,0.0,0.0,0.0,0.0,0.0,0.0,0.0,0.0,0.0,0.0,0.0,0.0,0.0,0.0,0.0,0.0,0.0,0.0,0.0,0.0,0.0,0.0,0.0,0.0,0.0,0.0,0.0,0.0,0.0,0.0,0.0,0.0,0.0,0.0,0.0,0.0,0.0,0.0,0.0,0.0,0.0,0.0,0.0,0.0,0.0,0.0,0.0,0.0,0.0,0.0,0.0,0.0,0.0,0.0,0.0,0.0,0.0,0.0,0.0,0.0,0.0,0.0,0.0,0.0,0.0,0.0,0.0,0.0,0.0,0.0,0.0,0.0,0.0,0.0,0.0,0.0,0.0,0.0,0.0,0.0,0.0,0.0,0.0,0.0,0.0,0.0,0.0,0.0,0.0,0.0,0.0,0.0,0.0,0.0,0.0,0.0,0.0,0.0,0.0,0.0,0.0,0.0,0.0,0.0,0.0,0.0,0.0,0.0,0.0,0.0,0.0,0.0,0.0,0.0,0.0,0.0,0.0,0.0,0.0,0.0,0.0,0.0,0.0,0.0,0.0,0.0,0.0,0.0,0.0,0.0,0.0,0.0,0.0,0.0,0.0,0.0,0.0,0.0,0.0,0.0,0.0,0.0,0.0,0.0,0.0,0.0,0.0,0.0,0.0,0.0,0.0,0.0,0.0,0.0,0.0,0.0,0.0,0.0,0.0,0.0,0.0,0.0,0.0,0.0,0.0,0.0,0.0,0.0,0.0,0.0,0.0,0.0,0.0,0.0,0.0,0.0,0.0,0.0,0.0,0.0,0.0,0.0,0.0,0.0,0.0,0.0,0.0,0.0,0.0,0.0,0.0,0.0
Tax37,0.0,-0.66410255,-0.54963726,-0.39872333,-0.22218534,-0.027702805,0.17924683,0.39468995,0.59607536,0.8166783,1.0391793,1.262301,1.4842166,1.7044243,1.922775,2.1378043,2.3485055,2.5589225,2.7606869,2.95716,3.160134,3.3029268,3.4074397,3.6553407,3.7607455,3.8232765,4.0212755,4.22435,4.398059,4.46963,4.711428,4.8911524,5.1549478,5.407431,5.6143117,5.7611837,5.9526753,6.183311,6.3011813,6.4368267,6.6087666,6.782261,7.0774064,7.316092,7.482552,7.8441315,8.193305,8.416463,8.38404,8.5007715,8.580937,8.505751,8.836431,8.928959,9.133808,9.231254,9.424175,9.500766,9.398415,9.393521,9.042111,8.95407,8.926602,8.913378,9.343649,9.436713,8.342458,8.738099,10.755641,11.117446,11.600402,11.740583,11.862691,10.469868,12.666322,11.009472,11.49607,11.983188,12.410717,12.869408,13.294539,13.692028,14.139978,14.670368,15.09114,15.827,18.931244,19.349092,19.890673,20.629147,21.203442,22.057297,22.702085,23.251654,23.135902,23.382769,23.467926,24.005466,24.270338,24.750532,25.093191,25.40708,25.783417,26.351122,26.73517,27.201508,27.634216,28.180243,28.755016,29.28959,29.918818,30.682335,31.089882,31.171566,31.169489,26.90501,27.628405,28.33824,28.73646,29.016325,29.152431,29.400652,29.241522,29.211086,29.197626,29.09804,28.918087,27.887566,27.24547,26.36789,25.53685,24.883913,24.46446,23.599924,22.636217,21.494251,20.59617,19.42626,18.305243,17.062439,15.754013,14.321463,12.81086,11.625806,10.551655,9.893137,9.092004,8.048864,7.059104,6.067343,5.3898044,5.130938,5.7570057,6.615311,7.339674,7.8286786,8.4122925,8.710657,8.8580065,8.680298,8.597221,8.331122,7.909917,7.4238486,7.0796638,6.6711783,6.5875487,6.6733737,6.4213653,6.358339,6.369797,6.5110054,6.436416,6.167853,6.656018,6.9260726,6.4242787,6.1929574,6.222283,6.585905,6.5972157,6.290451,5.2395105,4.0115643,3.1886125,2.5921113,2.015091,1.485399,1.1551394,0.7489454,0.41674098,0.1248304,-0.060899474,-0.18302383,-0.32733464,-0.4231655,-0.5313668,-0.62566113,-0.6533196,-0.67440534,-0.7025436,-0.72698826,-0.69642067,-0.69999707,-0.7294669,-0.71707743,-0.70085865,-0.70734715,-0.69511724,-0.65897965,-0.5950646,-0.5270944,-0.49840853,-0.46308255,-0.44167235,-0.39080387,-0.37406224,-0.37103894,-0.36925265,-0.3387173,-0.28743917,-0.27319416,-0.24968989,-0.24146952,-0.20655389,-0.16674426,-0.13220108,-0.12352195,-0.12289694,-0.115351826,-0.10544671,-0.07371421,-0.06547665,-0.051401064,-0.038684964,-0.0321518,-0.026593857,-0.016495775,-0.016397746,-0.0072903503,-0.007241719,-0.007192415,-0.007160311,-0.007153335,-0.0071186223,-0.007069222,-0.007028534,-0.006985821,-0.0069404086,-0.006894803,-0.0068412395,0.0,0.0,0.0,0.0,0.0,0.0,0.0,0.0,0.0,0.0,0.0,0.0,0.0,0.0,0.0,0.0,0.0,0.0,0.0,0.0,0.0,0.0,0.0,0.0,0.0,0.0,0.0,0.0,0.0,0.0,0.0,0.0,0.0,0.0,0.0,0.0,0.0,0.0,0.0,0.0,0.0,0.0,0.0,0.0,0.0,0.0,0.0,0.0,0.0,0.0,0.0,0.0,0.0,0.0,0.0,0.0,0.0,0.0,0.0,0.0,0.0,0.0,0.0,0.0,0.0,0.0,0.0,0.0,0.0,0.0,0.0,0.0,0.0,0.0,0.0,0.0,0.0,0.0,0.0,0.0,0.0,0.0,0.0,0.0,0.0,0.0,0.0,0.0,0.0,0.0,0.0,0.0,0.0,0.0,0.0,0.0,0.0,0.0,0.0,0.0,0.0,0.0,0.0,0.0,0.0,0.0,0.0,0.0,0.0,0.0,0.0,0.0,0.0,0.0,0.0,0.0,0.0,0.0,0.0,0.0,0.0,0.0,0.0,0.0,0.0,0.0,0.0,0.0,0.0,0.0,0.0,0.0,0.0,0.0,0.0,0.0,0.0,0.0,0.0,0.0,0.0,0.0,0.0,0.0,0.0,0.0,0.0,0.0,0.0,0.0,0.0,0.0,0.0,0.0,0.0,0.0,0.0,0.0,0.0,0.0,0.0,0.0,0.0,0.0,0.0,0.0,0.0,0.0,0.0,0.0,0.0,0.0,0.0,0.0,0.0,0.0,0.0,0.0,0.0,0.0,0.0,0.0,0.0,0.0,0.0,0.0,0.0,0.0,0.0,0.0,0.0,0.0,0.0,0.0,0.0,0.0,0.0,0.0,0.0,0.0,0.0,0.0,0.0,0.0,0.0,0.0,0.0,0.0,0.0,0.0,0.0,0.0,0.0,0.0,0.0,0.0,0.0,0.0,0.0,0.0,0.0,0.0,0.0,0.0,0.0,0.0,0.0,0.0,0.0,0.0,0.0,0.0,0.0,0.0,0.0,0.0,0.0,0.0,0.0,0.0,0.0,0.0,0.0,0.0,0.0,0.0,0.0,0.0,0.0,0.0,0.0,0.0,0.0,0.0,0.0,0.0,0.0,0.0,0.0,0.0,0.0,0.0,0.0,0.0,0.0,0.0,0.0,0.0,0.0,0.0,0.0,0.0,0.0,0.0,0.0,0.0,0.0,0.0,0.0,0.0,0.0,0.0,0.0,0.0,0.0,0.0,0.0,0.0,0.0,0.0,0.0,0.0,0.0,0.0,0.0,0.0,0.0,0.0,0.0,0.0,0.0,0.0,0.0,0.0,0.0,0.0,0.0,0.0,0.0,0.0,0.0,0.0,0.0,0.0,0.0,0.0,0.0,0.0,0.0,0.0,0.0,0.0,0.0,0.0,0.0,0.0,0.0,0.0,0.0,0.0,0.0,0.0,0.0,0.0,0.0,0.0,0.0,0.0,0.0,0.0,0.0,0.0,0.0,0.0,0.0,0.0,0.0,0.0,0.0,0.0,0.0,0.0,0.0,0.0,0.0,0.0,0.0,0.0,0.0,0.0,0.0,0.0,0.0,0.0,0.0,0.0,0.0,0.0,0.0,0.0,0.0,0.0,0.0,0.0,0.0,0.0,0.0,0.0,0.0,0.0,0.0,0.0,0.0,0.0,0.0,0.0,0.0,0.0,0.0,0.0,0.0,0.0,0.0,0.0,0.0,0.0,0.0,0.0,0.0,0.0,0.0,0.0,0.0,0.0,0.0,0.0,0.0,0.0,0.0,0.0,0.0,0.0,0.0,0.0,0.0,0.0,0.0,0.0,0.0,0.0,0.0,0.0,0.0,0.0,0.0,0.0,0.0,0.0,0.0,0.0,0.0,0.0,0.0,0.0,0.0,0.0,0.0,0.0,0.0,0.0,0.0,0.0,0.0,0.0,0.0,0.0,0.0,0.0,0.0,0.0,0.0,0.0,0.0,0.0,0.0,0.0,0.0,0.0,0.0,0.0,0.0,0.0,0.0,0.0,0.0,0.0,0.0,0.0,0.0,0.0,0.0,0.0,0.0,0.0,0.0,0.0,0.0,0.0,0.0,0.0,0.0,0.0,0.0,0.0,0.0,0.0,0.0,0.0,0.0,0.0,0.0,0.0,0.0,0.0,0.0,0.0,0.0,0.0,0.0,0.0,0.0,0.0,0.0,0.0,0.0,0.0,0.0,0.0,0.0,0.0,0.0,0.0,0.0,0.0,0.0,0.0,0.0,0.0,0.0,0.0,0.0,0.0,0.0,0.0,0.0,0.0,0.0,0.0,0.0,0.0,0.0,0.0,0.0,0.0,0.0,0.0,0.0,0.0,0.0,0.0,0.0,0.0,0.0,0.0,0.0,0.0,0.0,0.0,0.0,0.0,0.0,0.0,0.0,0.0,0.0,0.0,0.0,0.0,0.0,0.0,0.0,0.0,0.0,0.0,0.0,0.0,0.0,0.0,0.0,0.0,0.0,0.0,0.0,0.0,0.0,0.0,0.0,0.0,0.0,0.0,0.0,0.0,0.0,0.0,0.0,0.0,0.0,0.0,0.0,0.0,0.0,0.0,0.0,0.0,0.0,0.0,0.0,0.0,0.0,0.0,0.0,0.0,0.0,0.0,0.0,0.0,0.0,0.0,0.0,0.0,0.0,0.0,0.0,0.0,0.0,0.0,0.0,0.0,0.0,0.0,0.0,0.0,0.0,0.0,0.0,0.0,0.0,0.0,0.0,0.0,0.0,0.0,0.0,0.0,0.0,0.0,0.0,0.0,0.0,0.0,0.0,0.0,0.0,0.0,0.0,0.0,0.0,0.0,0.0,0.0,0.0,0.0,0.0,0.0,0.0,0.0,0.0,0.0,0.0,0.0,0.0,0.0,0.0,0.0,0.0,0.0,0.0,0.0,0.0,0.0,0.0,0.0,0.0,0.0,0.0,0.0,0.0,0.0,0.0,0.0,0.0,0.0,0.0,0.0,0.0,0.0,0.0,0.0,0.0,0.0,0.0,0.0,0.0,0.0,0.0,0.0,0.0,0.0,0.0,0.0,0.0,0.0,0.0,0.0,0.0,0.0,0.0,0.0,0.0,0.0,0.0,0.0,0.0,0.0,0.0,0.0,0.0,0.0,0.0,0.0,0.0,0.0,0.0,0.0,0.0,0.0,0.0,0.0,0.0,0.0,0.0,0.0,0.0,0.0,0.0,0.0,0.0,0.0,0.0,0.0,0.0,0.0,0.0,0.0,0.0,0.0,0.0,0.0,0.0,0.0,0.0,0.0,0.0,0.0,0.0,0.0,0.0,0.0,0.0,0.0,0.0,0.0,0.0,0.0,0.0,0.0,0.0,0.0,0.0,0.0,0.0,0.0,0.0,0.0,0.0,0.0,0.0,0.0,0.0,0.0,0.0,0.0,0.0,0.0,0.0,0.0,0.0,0.0,0.0,0.0,0.0,0.0,0.0,0.0,0.0,0.0,0.0,0.0,0.0,0.0,0.0,0.0,0.0,0.0,0.0,0.0,0.0,0.0,0.0,0.0,0.0,0.0,0.0,0.0,0.0,0.0,0.0,0.0,0.0,0.0,0.0,0.0,0.0,0.0,0.0,0.0,0.0,0.0,0.0,0.0,0.0,0.0,0.0,0.0,0.0,0.0,0.0,0.0,0.0,0.0,0.0,0.0,0.0,0.0,0.0,0.0,0.0,0.0,0.0,0.0,0.0,0.0,0.0,0.0,0.0,0.0,0.0,0.0,0.0,0.0,0.0,0.0,0.0,0.0,0.0,0.0,0.0,0.0,0.0,0.0,0.0,0.0,0.0,0.0,0.0,0.0,0.0,0.0,0.0,0.0,0.0,0.0,0.0,0.0,0.0,0.0,0.0,0.0,0.0,0.0,0.0,0.0,0.0,0.0,0.0,0.0,0.0,0.0,0.0,0.0,0.0,0.0,0.0,0.0,0.0,0.0,0.0,0.0,0.0,0.0,0.0,0.0,0.0,0.0,0.0,0.0,0.0,0.0,0.0,0.0,0.0,0.0,0.0,0.0,0.0,0.0,0.0,0.0,0.0,0.0,0.0,0.0,0.0,0.0,0.0,0.0,0.0,0.0,0.0,0.0,0.0,0.0,0.0,0.0,0.0,0.0,0.0,0.0,0.0,0.0,0.0,0.0,0.0,0.0,0.0,0.0,0.0,0.0,0.0,0.0,0.0,0.0,0.0,0.0,0.0,0.0,0.0,0.0,0.0,0.0,0.0,0.0,0.0,0.0,0.0,0.0,0.0,0.0,0.0,0.0,0.0,0.0,0.0,0.0,0.0,0.0,0.0,0.0,0.0,0.0,0.0,0.0,0.0,0.0,0.0,0.0,0.0,0.0,0.0,0.0,0.0,0.0,0.0,0.0,0.0,0.0,0.0,0.0,0.0,0.0,0.0,0.0,0.0,0.0,0.0,0.0,0.0,0.0,0.0,0.0,0.0,0.0,0.0,0.0,0.0,0.0,0.0,0.0,0.0,0.0,0.0,0.0,0.0,0.0,0.0,0.0,0.0,0.0,0.0,0.0,0.0,0.0,0.0,0.0,0.0,0.0,0.0,0.0,0.0,0.0,0.0,0.0,0.0,0.0,0.0,0.0,0.0,0.0,0.0,0.0,0.0,0.0,0.0,0.0,0.0,0.0,0.0,0.0,0.0,0.0,0.0,0.0,0.0,0.0,0.0,0.0,0.0,0.0,0.0,0.0,0.0,0.0,0.0,0.0,0.0,0.0,0.0,0.0,0.0,0.0,0.0,0.0,0.0,0.0,0.0,0.0,0.0,0.0,0.0,0.0,0.0,0.0,0.0,0.0,0.0,0.0,0.0,0.0,0.0,0.0,0.0,0.0,0.0,0.0,0.0,0.0,0.0,0.0,0.0,0.0,0.0,0.0,0.0,0.0,0.0,0.0,0.0,0.0,0.0,0.0,0.0,0.0,0.0,0.0,0.0,0.0,0.0,0.0,0.0,0.0,0.0,0.0,0.0,0.0,0.0,0.0,0.0,0.0,0.0,0.0,0.0,0.0,0.0,0.0,0.0,0.0,0.0,0.0,0.0,0.0,0.0,0.0,0.0,0.0,0.0,0.0,0.0,0.0,0.0,0.0,0.0,0.0,0.0,0.0,0.0,0.0,0.0,0.0,0.0,0.0,0.0,0.0,0.0,0.0,0.0,0.0,0.0,0.0,0.0,0.0,0.0,0.0,0.0,0.0,0.0,0.0,0.0,0.0,0.0,0.0,0.0,0.0,0.0,0.0,0.0,0.0,0.0,0.0,0.0,0.0,0.0,0.0,0.0,0.0,0.0,0.0,0.0,0.0,0.0,0.0,0.0,0.0,0.0,0.0,0.0,0.0,0.0,0.0,0.0,0.0,0.0,0.0,0.0,0.0,0.0,0.0,0.0,0.0,0.0,0.0,0.0,0.0,0.0,0.0,0.0,0.0,0.0,0.0,0.0,0.0,0.0,0.0,0.0,0.0,0.0,0.0,0.0,0.0,0.0,0.0,0.0,0.0,0.0,0.0,0.0,0.0,0.0,0.0,0.0,0.0,0.0,0.0,0.0,0.0,0.0,0.0,0.0,0.0,0.0,0.0,0.0,0.0,0.0,0.0,0.0,0.0,0.0,0.0,0.0,0.0,0.0,0.0,0.0,0.0,0.0,0.0,0.0,0.0,0.0,0.0,0.0,0.0,0.0,0.0,0.0,0.0,0.0,0.0,0.0,0.0,0.0,0.0,0.0,0.0,0.0,0.0,0.0,0.0,0.0,0.0,0.0,0.0,0.0,0.0,0.0,0.0,0.0,0.0,0.0,0.0,0.0,0.0,0.0,0.0,0.0,0.0,0.0,0.0,0.0,0.0,0.0,0.0,0.0,0.0,0.0,0.0,0.0,0.0,0.0,0.0,0.0,0.0,0.0,0.0,0.0,0.0,0.0,0.0,0.0,0.0,0.0,0.0,0.0,0.0,0.0,0.0,0.0,0.0,0.0,0.0,0.0,0.0,0.0,0.0,0.0,0.0,0.0,0.0,0.0,0.0,0.0,0.0,0.0,0.0,0.0,0.0,0.0,0.0,0.0,0.0,0.0,0.0,0.0,0.0,0.0,0.0,0.0,0.0,0.0,0.0,0.0,0.0,0.0,0.0,0.0,0.0,0.0,0.0,0.0,0.0,0.0,0.0,0.0,0.0,0.0,0.0,0.0,0.0,0.0,0.0,0.0,0.0,0.0,0.0,0.0,0.0,0.0,0.0,0.0,0.0,0.0,0.0,0.0,0.0,0.0,0.0,0.0,0.0,0.0,0.0,0.0,0.0,0.0,0.0,0.0,0.0,0.0,0.0,0.0,0.0,0.0,0.0,0.0,0.0,0.0,0.0,0.0,0.0,0.0,0.0,0.0,0.0,0.0,0.0,0.0,0.0,0.0,0.0,0.0,0.0,0.0,0.0,0.0,0.0,0.0,0.0,0.0,0.0,0.0,0.0,0.0,0.0,0.0,0.0,0.0,0.0,0.0,0.0,0.0,0.0,0.0,0.0,0.0,0.0,0.0,0.0,0.0,0.0,0.0,0.0,0.0,0.0,0.0,0.0,0.0,0.0,0.0,0.0,0.0,0.0,0.0,0.0,0.0,0.0,0.0,0.0,0.0,0.0,0.0,0.0,0.0,0.0,0.0,0.0,0.0,0.0,0.0,0.0,0.0,0.0,0.0,0.0,0.0,0.0,0.0,0.0,0.0,0.0,0.0,0.0,0.0,0.0,0.0,0.0,0.0,0.0,0.0,0.0,0.0,0.0,0.0,0.0,0.0,0.0,0.0,0.0,0.0,0.0,0.0,0.0,0.0,0.0,0.0,0.0,0.0,0.0,0.0,0.0,0.0,0.0,0.0,0.0,0.0,0.0,0.0,0.0,0.0,0.0,0.0,0.0,0.0,0.0,0.0,0.0,0.0,0.0,0.0,0.0,0.0,0.0,0.0,0.0,0.0,0.0,0.0,0.0,0.0,0.0,0.0,0.0,0.0,0.0,0.0,0.0,0.0,0.0,0.0,0.0,0.0,0.0,0.0,0.0,0.0,0.0,0.0,0.0,0.0,0.0,0.0,0.0,0.0,0.0,0.0,0.0,0.0,0.0,0.0,0.0,0.0,0.0,0.0,0.0,0.0,0.0,0.0,0.0,0.0,0.0,0.0,0.0,0.0,0.0,0.0,0.0,0.0,0.0,0.0,0.0,0.0,0.0,0.0,0.0,0.0,0.0,0.0,0.0,0.0,0.0,0.0,0.0,0.0,0.0,0.0,0.0,0.0,0.0,0.0,0.0,0.0,0.0,0.0,0.0,0.0,0.0,0.0,0.0,0.0,0.0,0.0,0.0,0.0,0.0,0.0,0.0,0.0,0.0,0.0,0.0,0.0,0.0,0.0,0.0,0.0,0.0,0.0,0.0,0.0,0.0,0.0,0.0,0.0,0.0,0.0,0.0,0.0,0.0,0.0,0.0,0.0,0.0,0.0,0.0,0.0,0.0,0.0,0.0,0.0,0.0,0.0,0.0,0.0,0.0,0.0,0.0,0.0,0.0,0.0,0.0,0.0,0.0,0.0,0.0,0.0,0.0,0.0,0.0,0.0,0.0,0.0,0.0,0.0,0.0,0.0,0.0,0.0,0.0,0.0,0.0,0.0,0.0,0.0,0.0,0.0,0.0,0.0,0.0,0.0,0.0,0.0,0.0,0.0,0.0,0.0,0.0,0.0,0.0,0.0,0.0,0.0,0.0,0.0,0.0,0.0,0.0,0.0,0.0,0.0,0.0,0.0,0.0,0.0,0.0,0.0,0.0,0.0,0.0,0.0,0.0,0.0,0.0,0.0,0.0,0.0,0.0,0.0,0.0,0.0,0.0,0.0,0.0,0.0,0.0,0.0,0.0,0.0,0.0,0.0,0.0,0.0,0.0,0.0,0.0,0.0,0.0,0.0,0.0,0.0,0.0,0.0,0.0,0.0,0.0,0.0,0.0,0.0,0.0,0.0,0.0,0.0,0.0,0.0,0.0,0.0,0.0,0.0,0.0,0.0,0.0,0.0,0.0,0.0,0.0,0.0,0.0,0.0,0.0,0.0,0.0,0.0,0.0,0.0,0.0,0.0,0.0,0.0,0.0,0.0,0.0,0.0,0.0,0.0,0.0,0.0,0.0,0.0,0.0,0.0,0.0,0.0,0.0,0.0,0.0,0.0,0.0,0.0,0.0,0.0,0.0,0.0,0.0,0.0,0.0,0.0,0.0,0.0,0.0,0.0,0.0,0.0,0.0,0.0,0.0,0.0,0.0,0.0,0.0,0.0,0.0,0.0,0.0,0.0,0.0,0.0,0.0,0.0,0.0,0.0,0.0,0.0,0.0,0.0,0.0,0.0,0.0,0.0,0.0,0.0,0.0,0.0,0.0,0.0,0.0,0.0,0.0,0.0,0.0,0.0,0.0,0.0,0.0,0.0,0.0,0.0,0.0,0.0,0.0,0.0,0.0,0.0,0.0,0.0,0.0,0.0,0.0,0.0,0.0,0.0,0.0,0.0,0.0,0.0,0.0,0.0,0.0,0.0,0.0,0.0,0.0,0.0,0.0,0.0,0.0,0.0,0.0,0.0,0.0,0.0,0.0,0.0,0.0,0.0,0.0,0.0,0.0,0.0,0.0,0.0,0.0,0.0,0.0,0.0,0.0,0.0,0.0,0.0,0.0,0.0,0.0,0.0,0.0,0.0,0.0,0.0,0.0,0.0,0.0,0.0,0.0,0.0,0.0,0.0,0.0,0.0,0.0,0.0,0.0,0.0,0.0,0.0,0.0,0.0,0.0,0.0,0.0,0.0,0.0,0.0,0.0,0.0,0.0,0.0,0.0,0.0,0.0,0.0,0.0,0.0,0.0,0.0,0.0,0.0,0.0,0.0,0.0,0.0,0.0,0.0,0.0,0.0,0.0,0.0,0.0,0.0,0.0,0.0,0.0,0.0,0.0,0.0,0.0,0.0,0.0,0.0,0.0,0.0,0.0,0.0,0.0,0.0,0.0,0.0,0.0,0.0,0.0,0.0,0.0,0.0,0.0,0.0,0.0,0.0,0.0,0.0,0.0,0.0,0.0,0.0,0.0,0.0,0.0,0.0,0.0,0.0,0.0,0.0,0.0,0.0,0.0,0.0,0.0,0.0,0.0,0.0,0.0,0.0,0.0,0.0,0.0,0.0,0.0,0.0,0.0,0.0,0.0,0.0,0.0,0.0,0.0,0.0,0.0,0.0,0.0,0.0,0.0,0.0,0.0,0.0,0.0,0.0,0.0,0.0,0.0,0.0,0.0,0.0,0.0,0.0,0.0,0.0,0.0,0.0,0.0,0.0,0.0,0.0,0.0,0.0,0.0,0.0,0.0,0.0,0.0,0.0,0.0,0.0,0.0,0.0,0.0,0.0,0.0,0.0,0.0,0.0,0.0,0.0,0.0,0.0,0.0,0.0,0.0,0.0,0.0,0.0,0.0,0.0,0.0,0.0,0.0,0.0,0.0,0.0,0.0,0.0,0.0,0.0,0.0,0.0,0.0,0.0,0.0,0.0,0.0,0.0,0.0,0.0,0.0,0.0,0.0,0.0,0.0,0.0,0.0,0.0,0.0,0.0,0.0,0.0,0.0,0.0,0.0,0.0,0.0,0.0,0.0,0.0,0.0,0.0,0.0,0.0,0.0,0.0,0.0,0.0,0.0,0.0,0.0,0.0,0.0,0.0,0.0,0.0,0.0,0.0,0.0,0.0,0.0,0.0,0.0,0.0,0.0,0.0,0.0,0.0,0.0,0.0,0.0,0.0,0.0,0.0,0.0,0.0,0.0,0.0,0.0,0.0,0.0,0.0,0.0,0.0,0.0,0.0,0.0,0.0,0.0,0.0,0.0,0.0,0.0,0.0,0.0,0.0,0.0,0.0,0.0,0.0,0.0,0.0,0.0,0.0,0.0,0.0,0.0,0.0,0.0,0.0,0.0,0.0,0.0,0.0,0.0,0.0,0.0,0.0,0.0,0.0,0.0,0.0,0.0,0.0,0.0,0.0,0.0,0.0,0.0,0.0,0.0,0.0,0.0,0.0,0.0,0.0,0.0,0.0,0.0,0.0,0.0,0.0,0.0,0.0,0.0,0.0,0.0,0.0,0.0,0.0,0.0,0.0,0.0,0.0,0.0,0.0,0.0,0.0,0.0,0.0,0.0,0.0,0.0,0.0,0.0,0.0,0.0,0.0,0.0,0.0,0.0,0.0,0.0,0.0,0.0,0.0,0.0,0.0,0.0,0.0,0.0,0.0,0.0,0.0,0.0,0.0,0.0,0.0,0.0,0.0,0.0,0.0,0.0,0.0,0.0,0.0,0.0,0.0,0.0,0.0,0.0,0.0,0.0,0.0,0.0,0.0,0.0,0.0,0.0,0.0,0.0,0.0,0.0,0.0,0.0,0.0,0.0,0.0,0.0,0.0,0.0,0.0,0.0,0.0,0.0,0.0,0.0,0.0,0.0,0.0,0.0,0.0,0.0,0.0,0.0,0.0,0.0,0.0,0.0,0.0,0.0,0.0,0.0,0.0,0.0,0.0,0.0,0.0,0.0,0.0,0.0,0.0,0.0,0.0,0.0,0.0,0.0,0.0,0.0,0.0,0.0,0.0,0.0,0.0,0.0,0.0,0.0,0.0,0.0,0.0,0.0,0.0,0.0,0.0,0.0,0.0,0.0,0.0,0.0,0.0,0.0,0.0,0.0,0.0,0.0,0.0,0.0,0.0,0.0,0.0,0.0,0.0,0.0,0.0,0.0,0.0,0.0,0.0,0.0,0.0,0.0,0.0,0.0,0.0,0.0,0.0,0.0,0.0,0.0,0.0,0.0,0.0,0.0,0.0,0.0,0.0,0.0,0.0,0.0,0.0,0.0,0.0,0.0,0.0,0.0,0.0,0.0,0.0,0.0,0.0,0.0,0.0,0.0,0.0,0.0,0.0,0.0,0.0,0.0,0.0,0.0,0.0,0.0,0.0,0.0,0.0,0.0,0.0,0.0,0.0,0.0,0.0,0.0,0.0,0.0,0.0,0.0,0.0,0.0,0.0,0.0,0.0,0.0,0.0,0.0,0.0,0.0,0.0,0.0,0.0,0.0,0.0,0.0,0.0,0.0,0.0,0.0,0.0,0.0,0.0,0.0,0.0,0.0,0.0,0.0,0.0,0.0,0.0,0.0,0.0,0.0,0.0,0.0,0.0,0.0,0.0,0.0,0.0,0.0,0.0,0.0,0.0,0.0,0.0,0.0,0.0,0.0,0.0,0.0,0.0,0.0,0.0,0.0,0.0,0.0,0.0,0.0,0.0,0.0,0.0,0.0,0.0,0.0,0.0,0.0,0.0,0.0,0.0,0.0,0.0,0.0,0.0,0.0,0.0,0.0,0.0,0.0,0.0,0.0,0.0,0.0,0.0,0.0,0.0,0.0,0.0,0.0,0.0,0.0,0.0,0.0,0.0,0.0,0.0,0.0,0.0,0.0,0.0,0.0,0.0,0.0,0.0,0.0,0.0,0.0,0.0,0.0,0.0,0.0,0.0,0.0,0.0,0.0,0.0,0.0,0.0,0.0,0.0,0.0,0.0,0.0,0.0,0.0,0.0,0.0,0.0,0.0,0.0,0.0,0.0,0.0,0.0,0.0,0.0,0.0,0.0,0.0,0.0,0.0,0.0,0.0,0.0,0.0,0.0,0.0
Tax38,0.0,-0.21076871,-0.18394347,-0.14674194,-0.102150165,-0.051194537,0.0015567287,0.056331348,0.11205794,0.16790958,0.22239262,0.27607197,0.32801452,0.37790763,0.4250098,0.46908265,0.5098907,0.5476413,0.5850949,0.61990696,0.65020174,0.6746348,0.6996052,0.72157335,0.7453857,0.761272,0.78515065,0.80403763,0.8237091,0.84295416,0.86046773,0.8790896,0.9139912,0.92822224,0.9420649,0.96526366,0.9682214,0.9928914,1.010989,1.0232484,1.0462141,1.055092,1.1067808,1.1414249,1.1362406,1.1943575,1.2273867,1.215939,1.2229568,1.2454076,1.2457241,1.2437657,1.2351661,1.2320946,1.2327383,1.2361388,1.2022135,1.226197,1.1887697,1.1836286,1.1055949,1.0786173,1.0549097,1.0421995,1.0718008,1.0840316,0.20253363,0.21600828,1.1566141,1.1780877,1.1822004,1.1851473,1.1955807,0.23134667,1.2016965,0.23657621,0.24196522,0.24608701,0.25245774,0.25909033,0.26908448,0.26470473,0.25912315,0.2661286,0.2832931,0.2929169,1.375987,1.3869177,1.3920981,1.4032643,1.3901381,1.447937,1.4383194,1.4078447,1.3933008,1.3407431,1.3527154,1.354882,1.3511552,1.3353149,1.3434733,1.3206223,1.2844297,1.2941839,1.3075198,1.2758818,1.2761955,1.2553086,1.2185297,1.2138166,1.1952473,1.1740818,1.1519246,1.1437513,1.0848337,0.1678481,0.17093593,0.16973868,0.1651893,0.15374689,0.14759883,0.1327816,0.12808573,0.11374884,0.1058746,0.095487624,0.08176398,0.06062065,0.04412203,0.023365347,0.010143005,-0.0064384574,-0.016981209,-0.03439908,-0.049374785,-0.069016434,-0.08517671,-0.09964875,-0.11725199,-0.1361112,-0.14976917,-0.16826856,-0.18229437,-0.19299935,-0.19801253,-0.20494343,-0.21273613,-0.22263727,-0.23229599,-0.23700283,-0.2389931,-0.24087855,-0.23291533,-0.22228897,-0.21540833,-0.20840038,-0.20175591,-0.19536193,-0.19226347,-0.1895745,-0.18918213,-0.1875186,-0.18580565,-0.18723568,-0.18875608,-0.18728492,-0.18766172,-0.18282662,-0.18256937,-0.18192749,-0.18061754,-0.1786962,-0.17885986,-0.18119237,-0.17448416,-0.17139879,-0.17235404,-0.17508116,-0.17234445,-0.16797511,-0.16633305,-0.168406,-0.1799223,-0.1921408,-0.20113428,-0.20797352,-0.21484914,-0.21893075,-0.22293216,-0.22783767,-0.23048593,-0.23447083,-0.23462667,-0.23647498,-0.23860422,-0.24030581,-0.23832849,-0.23643091,-0.23426785,-0.23520109,-0.23366794,-0.22927846,-0.22441989,-0.22285824,-0.22134757,-0.2219569,-0.22216608,-0.21286112,-0.20946749,-0.20433395,-0.2041053,-0.20380677,-0.19486247,-0.19186956,-0.19153522,-0.18772264,-0.18442576,-0.18073179,-0.17585436,-0.17160104,-0.16842352,-0.16807213,-0.16769391,-0.16729823,-0.16499123,-0.16461594,-0.16235003,-0.16198422,-0.15889584,-0.15861657,-0.15840179,-0.15807973,-0.15268037,-0.1523247,-0.15199232,-0.1494608,-0.14423612,-0.14127679,-0.1409858,-0.14069185,-0.13533242,-0.13204908,-0.12726222,-0.1218071,-0.11973475,-0.11949517,-0.11924225,-0.118993126,-0.11485755,-0.114622444,-0.11167952,-0.11145062,-0.11121406,-0.11099519,-0.11078405,-0.10756502,-0.10730213,-0.10533924,-0.10507948,-0.10141649,-0.10113406,-0.09642794,-0.09627489,-0.09278847,-0.09259952,-0.090333045,-0.0854992,-0.08529557,-0.08508192,-0.08235091,-0.08219389,-0.07675436,-0.0733622,-0.07063831,-0.07050138,-0.06742772,-0.064543515,-0.06444147,-0.06434174,-0.0642278,-0.061800007,-0.061681245,-0.058752105,-0.05865465,-0.058561474,-0.058480162,-0.05839949,-0.058320608,-0.05822618,-0.055696648,-0.055591647,-0.055478945,-0.055361137,-0.055250157,-0.053405296,-0.051272437,-0.04895895,-0.048795264,-0.048496682,-0.046416853,-0.045925755,-0.04331354,-0.04260956,-0.041721795,-0.04068522,-0.039500657,-0.03811712,-0.036618285,-0.03488943,-0.030398056,-0.027862439,-0.02470607,-0.021292774,-0.017463619,-0.013043583,-0.008167664,-0.0021162191,0.0049889116,0.013312784,0.021271177,0.031406343,0.048375465,0.07363939,0.10467847,0.13210517,0.13885383,0.13881096,0.13941017,0.14151931,0.14228502,0.14734875,0.15317494,0.1561873,0.16765304,0.17580411,0.18474407,0.19528921,0.20624971,0.6644522,0.69135267,0.70546186,0.7257915,0.722864,0.7112887,0.67596203,0.62179434,0.535997,0.43831858,0.31593096,0.21711838,0.12562844,0.05275967,0.007206505,-0.015639864,-0.030276306,-0.033257112,-0.034132503,-0.03431191,-0.033770192,-0.032860868,-0.031551525,-0.030447915,-0.03023228,-0.029239686,-0.028059192,-0.027065031,-0.02250928,-0.019778095,-0.016444989,-0.012729836,-0.008787432,-0.004725447,-0.000619576,0.0034774789,0.0075193285,0.011474658,0.0153119415,0.019003553,0.022542246,0.026308266,0.029370978,0.032258984,0.03496377,0.037486833,0.03983678,0.04202383,0.044050194,0.045925513,0.04765087,0.049233545,0.050607666,0.05175276,0.052919723,0.051336464,0.052139577,0.05478456,0.05724148,0.059143994,0.059515692,0.064600244,0.06308697,0.066490255,0.06832237,0.06673525,0.067594595,0.06748294,0.072727874,0.07126933,0.075588174,0.07475888,0.0766429,0.07836533,0.08101493,0.08323915,0.08055113,0.07938779,0.07703012,0.07918018,0.07783037,0.08045263,0.07988368,0.07758157,0.07446637,0.06818473,0.0668347,0.062101915,0.0631574,0.059664223,0.061322983,0.062957965,0.06413461,0.0050804005,0.0056394786,0.07059851,0.069564015,0.07022255,0.07321898,0.07286868,0.0067707766,0.07514214,0.006602087,0.0070993365,0.0064711072,0.008249756,0.008106453,0.008561656,0.0095714,0.009820737,0.01081677,0.010816475,0.01162427,0.08875946,0.08352652,0.086588025,0.079029165,0.08415903,0.0946642,0.09419042,0.09218805,0.0869649,0.09821478,0.09291943,0.09816862,0.10140246,0.0898255,0.100886874,0.07961885,0.089251645,0.08275027,0.09412773,0.08947142,0.10199844,0.09509617,0.08839009,0.096995935,0.09998303,0.09235059,0.08999258,0.08925382,0.0905593,0.011634262,0.010377675,0.009423905,0.011189151,0.009102206,0.013929356,0.011456984,0.010463858,0.009400212,0.010023791,0.009216608,0.008705601,0.009283853,0.0037482143,0.0034426851,0.002373599,-1.5978003e-06,0.0026526493,0.0007502388,-0.00094439555,-0.0014291962,-0.0040574446,-0.0058982614,-0.006969423,-0.0089001,-0.011150308,-0.013419999,-0.015577,-0.016756909,-0.017837286,-0.018554272,-0.019444834,-0.020692356,-0.021820936,-0.023051105,-0.024007348,-0.024322258,-0.023484422,-0.022158373,-0.020909714,-0.019586684,-0.018214202,-0.016989503,-0.014690671,-0.014247615,-0.013733264,-0.0134577,-0.013653227,-0.014064352,-0.014312628,-0.014683421,-0.014535787,-0.013977166,-0.013976142,-0.013759778,-0.013343661,-0.0128599135,-0.012568026,-0.01288057,-0.010292504,-0.008586609,-0.008912806,-0.009180048,-0.008924922,-0.0077834153,-0.006962202,-0.007254785,-0.009688606,-0.012473581,-0.014505893,-0.01600458,-0.017398724,-0.01862169,-0.019454025,-0.02037276,-0.0211881,-0.021943994,-0.022467678,-0.019964585,-0.020319814,-0.020607041,-0.020935353,-0.021211378,-0.021390319,-0.02155035,-0.021731967,-0.021868115,-0.0219511,-0.022029236,-0.019984864,-0.02007484,-0.020112565,-0.017126039,-0.017126724,-0.017119877,-0.017101994,-0.017076328,-0.017046483,-0.013918839,-0.0116964355,-0.011672427,-0.011646673,-0.011620209,-0.008467956,-0.008447947,-0.008427858,-0.008409183,-0.008388953,-0.008367745,-0.008346166,-0.008326136,-0.008308324,-0.00828872,-0.0082710385,-0.008256559,-0.008246008,-0.008228736,-0.0082074525,-0.005052264,-0.005040802,-0.005030223,-0.0050203735,-0.0050100377,-0.004999419,-0.004988689,-0.0049785124,-0.0049685054,-0.0049573546,-0.004944261,-0.0049331607,-0.00492319,-0.0049125524,-0.004902066,-0.004891814,-0.004881613,-0.0048721354,-0.004862039,-0.0048515843,-0.00484207,-0.004832911,-0.004821998,-0.0048097013,-0.004797182,-0.00478484,-0.004771392,-0.0047574937,-0.0047482285,-0.004740955,-0.004732842,-0.0047230422,-0.0047151037,-0.004705447,-0.0046939035,-0.004681781,-0.0046708924,-0.0046619754,-0.0046547554,-0.004645355,-0.0046362295,-0.0046272213,-0.004618332,-0.0046106754,-0.0046035894,-0.0045967,-0.004588673,-0.004580413,-0.0045716343,-0.004564384,-0.0045569316,-0.0045498405,-0.004543797,-0.004537882,-0.004532161,-0.004525004,-0.00451794,-0.004509337,-0.004499987,-0.0044902777,-0.004481361,-0.0044747097,-0.004469023,-0.004460894,-0.0044451375,-0.0044155326,-0.0043708496,-0.0043200282,-0.004268196,-0.0041914964,-0.0040947795,-0.003982084,-0.0038537008,-0.0037035872,-0.0035410994,-0.0033538393,-0.0030968506,-0.0028048942,-0.0024422791,-0.0020520408,-0.0016165294,-0.0011162957,-0.0005671885,0.000111887464,0.00090396963,0.0018268576,0.0026940717,0.0037925602,0.0056329453,0.008688358,0.012108749,0.015012571,0.015506782,0.015250221,0.015075078,0.015069624,0.014907163,0.015184456,0.015515287,0.015544491,0.016448392,0.017001722,0.017634995,0.018398417,0.019188074,0.06237785,0.062962815,0.062523976,0.062205754,0.060273886,0.05792374,0.054187775,0.049027026,0.042043228,0.03437542,0.026889231,0.019735062,0.013261982,0.008280378,0.005492975,0.0044158455,0.0041182,0.00399421,0.004019915,0.0051305974,0.004280773,0.0058007916,0.005835183,0.005848366,0.0057858163,0.005821987,0.00599888,0.006084809,-0.0061388947,-0.0057491194,-0.005181018,-0.004491774,-0.0037223434,-0.002902313,-0.002054282,-0.0011944026,-0.00033504248,0.0005128196,0.0013426646,0.0021477763,0.0029252311,0.0036705704,0.004380109,0.005048884,0.0056736423,0.006255188,0.0067955935,0.007293353,0.007746107,0.008160022,0.00853171,0.008863363,0.009155808,0.009409599,0.009638397,0.009835599,0.009997381,0.010130758,0.010188767,0.010532928,0.010620307,0.010651818,0.008695367,0.008932591,0.009111204,0.008902916,0.009009335,0.009168228,0.01004564,0.010272291,0.010634153,0.010564137,0.0107804295,0.010892343,0.010564217,0.0103184935,0.010187838,0.009973006,0.009799496,0.0097656045,0.009563874,0.009522725,0.0092130685,0.00894675,0.008840546,0.009196183,0.008582719,0.007759811,0.0072894376,0.0069087194,0.0066601564,0.0068182778,0.0070089707,-0.00060704467,-0.00050306716,0.0077773742,0.008142816,0.008448636,0.008568857,0.00845473,-0.0003665206,0.008082161,-0.00034132774,-0.00033999362,-0.00025085686,-0.00021683169,-0.0001471279,-8.299993e-05,-1.9547646e-05,3.3011893e-06,0.00013566145,0.00029864686,0.0004535882,0.010184851,0.010733841,0.010970024,0.01087324,0.010828463,0.010713751,0.010959055,0.00877453,0.00976908,0.009103221,0.008102037,0.008910918,0.008327502,0.008713791,0.008084509,0.008122985,0.0064964304,0.008248257,0.0024658013,0.0026834328,0.0029341895,0.0031422768,0.0034559201,0.003719988,0.0025805156,0.004375057,0.0033366438,0.0036610237,0.0052699,0.00023029256,0.00028644968,0.00036977767,0.00040432345,0.00042708637,0.00043549133,5.1704003e-05,9.7413315e-05,-0.00028800173,0.000426471,0.00039241067,0.000347381,0.00016699522,2.9392773e-05,-5.7855854e-05,-0.00022359414,-0.00023187499,-0.0002947579,-0.00039707543,-0.0005047349,-0.0006173473,-0.00071368576,-0.0008563403,-0.00091709837,-0.0010376475,-0.0011692499,-0.00129673,-0.0013964854,-0.0014650762,-0.0015222614,-0.0015571269,-0.0016023335,-0.0016695082,-0.0017430212,-0.00181398,-0.0018687025,-0.0018853367,-0.0018240962,-0.0017302702,-0.0016374459,-0.0015359062,-0.0014298817,-0.0013318764,-0.0012467757,-0.0011985216,-0.0011540779,-0.0011247869,-0.0011378111,-0.001162218,-0.0011757689,-0.0011993228,-0.0011930062,-0.0011442157,-0.0011378134,-0.0011149097,-0.0010741206,-0.0010269238,0.0,0.0,0.0,0.0,0.0,0.0,0.0,0.0,0.0,0.0,0.0,0.0,0.0,0.0,0.0,0.0,0.0,0.0,0.0,0.0,0.0,0.0,0.0,0.0,0.0,0.0,0.0,0.0,0.0,0.0,0.0,0.0,0.0,0.0,0.0,0.0,0.0,0.0,0.0,0.0,0.0,0.0,0.0,0.0,0.0,0.0,0.0,0.0,0.0,0.0,0.0,0.0,0.0,0.0,0.0,0.0,0.0,0.0,0.0,0.0,0.0,0.0,0.0,0.0,0.0,0.0,0.0,0.0,0.0,0.0,0.0,0.0,0.0,0.0,0.0,0.0,0.0,0.0,0.0,0.0,0.0,0.0,0.0,0.0,0.0,0.0,0.0,0.0,0.0,0.0,0.0,0.0,0.0,0.0,0.0,0.0,0.0,0.0,0.0,0.0,0.0,0.0,0.0,0.0,0.0,0.0,0.0,0.0,0.0,0.0,0.0,0.0,0.0,0.0,0.0,0.0,0.0,0.0,0.0,0.0,0.0,0.0,0.0,0.0,0.0,0.0,0.0,0.0,0.0,0.0,0.0,0.0,0.0,0.0,0.0,0.0,0.0,0.0,0.0,0.0,0.0,0.0,0.0,0.0,0.0,0.0,0.0,0.0,0.0,0.0,0.0,0.0,0.0,0.0,0.0,0.0,0.0,0.0,0.0,0.0,0.0,0.0,0.0,0.0,0.0,0.0,0.0,0.0,0.0,0.0,0.0,0.0,0.0,0.0,0.0,0.0,0.0,0.0,0.0,0.0,0.0,0.0,0.0,0.0,0.0,0.0,0.0,0.0,0.0,0.0,0.0,0.0,0.0,0.0,0.0,0.0,0.0,0.0,0.0,0.0,0.0,0.0,0.0,0.0,0.0,0.0,0.0,0.0,0.0,0.0,0.0,0.0,0.0,0.0,0.0,0.0,0.0,0.0,0.0,0.0,0.0,0.0,0.0,0.0,0.0,0.0,0.0,0.0,0.0,0.0,0.0,0.0,0.0,0.0,0.0,0.0,0.0,0.0,0.0,0.0,0.0,0.0,0.0,0.0,0.0,0.0,0.0,0.0,0.0,0.0,0.0,0.0,0.0,0.0,0.0,0.0,0.0,0.0,0.0,0.0,0.0,0.0,0.0,0.0,0.0,0.0,0.0,0.0,0.0,0.0,0.0,0.0,0.0,0.0,0.0,0.0,0.0,0.0,0.0,0.0,0.0,0.0,0.0,0.0,0.0,0.0,0.0,0.0,0.0,0.0,0.0,0.0,0.0,0.0,0.0,0.0,0.0,0.0,0.0,0.0,0.0,0.0,0.0,0.0,0.0,0.0,0.0,0.0,0.0,0.0,0.0,0.0,0.0,0.0,0.0,0.0,0.0,0.0,0.0,0.0,0.0,0.0,0.0,0.0,0.0,0.0,0.0,0.0,0.0,0.0,0.0,0.0,0.0,0.0,0.0,0.0,0.0,0.0,0.0,0.0,0.0,0.0,0.0,0.0,0.0,0.0,0.0,0.0,0.0,0.0,0.0,0.0,0.0,0.0,0.0,0.0,0.0,0.0,0.0,0.0,0.0,0.0,0.0,0.0,0.0,0.0,0.0,0.0,0.0,0.0,0.0,0.0,0.0,0.0,0.0,0.0,0.0,0.0,0.0,0.0,0.0,0.0,0.0,0.0,0.0,0.0,0.0,0.0,0.0,0.0,0.0,0.0,0.0,0.0,0.0,0.0,0.0,0.0,0.0,0.0,0.0,0.0,0.0,0.0,0.0,0.0,0.0,0.0,0.0,0.0,0.0,0.0,0.0,0.0,0.0,0.0,0.0,0.0,0.0,0.0,0.0,0.0,0.0,0.0,0.0,0.0,0.0,0.0,0.0,0.0,0.0,0.0,0.0,0.0,0.0,0.0,0.0,0.0,0.0,0.0,0.0,0.0,0.0,0.0,0.0,0.0,0.0,0.0,0.0,0.0,0.0,0.0,0.0,0.0,0.0,0.0,0.0,0.0,0.0,0.0,0.0,0.0,0.0,0.0,0.0,0.0,0.0,0.0,0.0,0.0,0.0,0.0,0.0,0.0,0.0,0.0,0.0,0.0,0.0,0.0,0.0,0.0,0.0,0.0,0.0,0.0,0.0,0.0,0.0,0.0,0.0,0.0,0.0,0.0,0.0,0.0,0.0,0.0,0.0,0.0,0.0,0.0,0.0,0.0,0.0,0.0,0.0,0.0,0.0,0.0,0.0,0.0,0.0,0.0,0.0,0.0,0.0,0.0,0.0,0.0,0.0,0.0,0.0,0.0,0.0,0.0,0.0,0.0,0.0,0.0,0.0,0.0,0.0,0.0,0.0,0.0,0.0,0.0,0.0,0.0,0.0,0.0,0.0,0.0,0.0,0.0,0.0,0.0,0.0,0.0,0.0,0.0,0.0,0.0,0.0,0.0,0.0,0.0,0.0,0.0,0.0,0.0,0.0,0.0,0.0,0.0,0.0,0.0,0.0,0.0,0.0,0.0,0.0,0.0,0.0,0.0,0.0,0.0,0.0,0.0,0.0,0.0,0.0,0.0,0.0,0.0,0.0,0.0,0.0,0.0,0.0,0.0,0.0,0.0,0.0,0.0,0.0,0.0,0.0,0.0,0.0,0.0,0.0,0.0,0.0,0.0,0.0,0.0,0.0,0.0,0.0,0.0,0.0,0.0,0.0,0.0,0.0,0.0,0.0,0.0,0.0,0.0,0.0,0.0,0.0,0.0,0.0,0.0,0.0,0.0,0.0,0.0,0.0,0.0,0.0,0.0,0.0,0.0,0.0,0.0,0.0,0.0,0.0,0.0,0.0,0.0,0.0,0.0,0.0,0.0,0.0,0.0,0.0,0.0,0.0,0.0,0.0,0.0,0.0,0.0,0.0,0.0,0.0,0.0,0.0,0.0,0.0,0.0,0.0,0.0,0.0,0.0,0.0,0.0,0.0,0.0,0.0,0.0,0.0,0.0,0.0,0.0,0.0,0.0,0.0,0.0,0.0,0.0,0.0,0.0,0.0,0.0,0.0,0.0,0.0,0.0,0.0,0.0,0.0,0.0,0.0,0.0,0.0,0.0,0.0,0.0,0.0,0.0,0.0,0.0,0.0,0.0,0.0,0.0,0.0,0.0,0.0,0.0,0.0,0.0,0.0,0.0,0.0,0.0,0.0,0.0,0.0,0.0,0.0,0.0,0.0,0.0,0.0,0.0,0.0,0.0,0.0,0.0,0.0,0.0,0.0,0.0,0.0,0.0,0.0,0.0,0.0,0.0,0.0,0.0,0.0,0.0,0.0,0.0,0.0,0.0,0.0,0.0,0.0,0.0,0.0,0.0,0.0,0.0,0.0,0.0,0.0,0.0,0.0,0.0,0.0,0.0,0.0,0.0,0.0,0.0,0.0,0.0,0.0,0.0,0.0,0.0,0.0,0.0,0.0,0.0,0.0,0.0,0.0,0.0,0.0,0.0,0.0,0.0,0.0,0.0,0.0,0.0,0.0,0.0,0.0,0.0,0.0,0.0,0.0,0.0,0.0,0.0,0.0,0.0,0.0,0.0,0.0,0.0,0.0,0.0,0.0,0.0,0.0,0.0,0.0,0.0,0.0,0.0,0.0,0.0,0.0,0.0,0.0,0.0,0.0,0.0,0.0,0.0,0.0,0.0,0.0,0.0,0.0,0.0,0.0,0.0,0.0,0.0,0.0,0.0,0.0,0.0,0.0,0.0,0.0,0.0,0.0,0.0,0.0,0.0,0.0,0.0,0.0,0.0,0.0,0.0,0.0,0.0,0.0,0.0,0.0,0.0,0.0,0.0,0.0,0.0,0.0,0.0,0.0,0.0,0.0,0.0,0.0,0.0,0.0,0.0,0.0,0.0,0.0,0.0,0.0,0.0,0.0,0.0,0.0,0.0,0.0,0.0,0.0,0.0,0.0,0.0,0.0,0.0,0.0,0.0,0.0,0.0,0.0,0.0,0.0,0.0,0.0,0.0,0.0,0.0,0.0,0.0,0.0,0.0,0.0,0.0,0.0,0.0,0.0,0.0,0.0,0.0,0.0,0.0,0.0,0.0,0.0,0.0,0.0,0.0,0.0,0.0,0.0,0.0,0.0,0.0,0.0,0.0,0.0,0.0,0.0,0.0,0.0,0.0,0.0,0.0,0.0,0.0,0.0,0.0,0.0,0.0,0.0,0.0,0.0,0.0,0.0,0.0,0.0,0.0,0.0,0.0,0.0,0.0,0.0,0.0,0.0,0.0,0.0,0.0,0.0,0.0,0.0,0.0,0.0,0.0,0.0,0.0,0.0,0.0,0.0,0.0,0.0,0.0,0.0,0.0,0.0,0.0,0.0,0.0,0.0,0.0,0.0,0.0,0.0,0.0,0.0,0.0,0.0,0.0,0.0,0.0,0.0,0.0,0.0,0.0,0.0,0.0,0.0,0.0,0.0,0.0,0.0,0.0,0.0,0.0,0.0,0.0,0.0,0.0,0.0,0.0,0.0,0.0,0.0,0.0,0.0,0.0,0.0,0.0,0.0,0.0,0.0,0.0,0.0,0.0,0.0,0.0,0.0,0.0,0.0,0.0,0.0,0.0,0.0,0.0,0.0,0.0,0.0,0.0,0.0,0.0,0.0,0.0,0.0,0.0,0.0,0.0,0.0,0.0,0.0,0.0,0.0,0.0,0.0,0.0,0.0,0.0,0.0,0.0,0.0,0.0,0.0,0.0,0.0,0.0,0.0,0.0,0.0,0.0,0.0,0.0,0.0,0.0,0.0,0.0,0.0,0.0,0.0,0.0,0.0,0.0,0.0,0.0,0.0,0.0,0.0,0.0,0.0,0.0,0.0,0.0,0.0,0.0,0.0,0.0,0.0,0.0,0.0,0.0,0.0,0.0,0.0,0.0,0.0,0.0,0.0,0.0,0.0,0.0,0.0,0.0,0.0,0.0,0.0,0.0,0.0,0.0,0.0,0.0,0.0,0.0,0.0,0.0,0.0,0.0,0.0,0.0,0.0,0.0,0.0,0.0,0.0,0.0,0.0,0.0,0.0,0.0,0.0,0.0,0.0,0.0,0.0,0.0,0.0,0.0,0.0,0.0,0.0,0.0,0.0,0.0,0.0,0.0,0.0,0.0,0.0,0.0,0.0,0.0,0.0,0.0,0.0,0.0,0.0,0.0,0.0,0.0,0.0,0.0,0.0,0.0,0.0,0.0,0.0,0.0,0.0,0.0,0.0,0.0,0.0,0.0,0.0,0.0,0.0,0.0,0.0,0.0,0.0,0.0,0.0,0.0,0.0,0.0,0.0,0.0,0.0,0.0,0.0,0.0,0.0,0.0,0.0,0.0,0.0,0.0,0.0,0.0,0.0,0.0,0.0,0.0,0.0,0.0,0.0,0.0,0.0,0.0,0.0,0.0,0.0,0.0,0.0,0.0,0.0,0.0,0.0,0.0,0.0,0.0,0.0,0.0,0.0,0.0,0.0,0.0,0.0,0.0,0.0,0.0,0.0,0.0,0.0,0.0,0.0,0.0,0.0,0.0,0.0,0.0,0.0,0.0,0.0,0.0,0.0,0.0,0.0,0.0,0.0,0.0,0.0,0.0,0.0,0.0,0.0,0.0,0.0,0.0,0.0,0.0,0.0,0.0,0.0,0.0,0.0,0.0,0.0,0.0,0.0,0.0,0.0,0.0,0.0,0.0,0.0,0.0,0.0,0.0,0.0,0.0,0.0,0.0,0.0,0.0,0.0,0.0,0.0,0.0,0.0,0.0,0.0,0.0,0.0,0.0,0.0,0.0,0.0,0.0,0.0,0.0,0.0,0.0,0.0,0.0,0.0,0.0,0.0,0.0,0.0,0.0,0.0,0.0,0.0,0.0,0.0,0.0,0.0,0.0,0.0,0.0,0.0,0.0,0.0,0.0,0.0,0.0,0.0,0.0,0.0,0.0,0.0,0.0,0.0,0.0,0.0,0.0,0.0,0.0,0.0,0.0,0.0,0.0,0.0,0.0,0.0,0.0,0.0,0.0,0.0,0.0,0.0,0.0,0.0,0.0,0.0,0.0,0.0,0.0,0.0,0.0,0.0,0.0,0.0,0.0,0.0,0.0,0.0,0.0,0.0,0.0,0.0,0.0,0.0,0.0,0.0,0.0,0.0,0.0,0.0,0.0,0.0,0.0,0.0,0.0,0.0,0.0,0.0,0.0,0.0,0.0,0.0,0.0,0.0,0.0,0.0,0.0,0.0,0.0,0.0,0.0,0.0,0.0,0.0,0.0,0.0,0.0,0.0,0.0,0.0,0.0,0.0,0.0,0.0,0.0,0.0,0.0,0.0,0.0,0.0,0.0,0.0,0.0,0.0,0.0,0.0,0.0,0.0,0.0,0.0,0.0,0.0,0.0,0.0,0.0,0.0,0.0,0.0,0.0,0.0,0.0,0.0,0.0,0.0,0.0,0.0,0.0,0.0,0.0,0.0,0.0,0.0,0.0,0.0,0.0,0.0,0.0,0.0,0.0,0.0,0.0,0.0,0.0,0.0,0.0,0.0,0.0,0.0,0.0,0.0,0.0,0.0,0.0,0.0,0.0,0.0,0.0,0.0,0.0,0.0,0.0,0.0,0.0,0.0,0.0,0.0,0.0,0.0,0.0,0.0,0.0,0.0,0.0,0.0,0.0,0.0,0.0,0.0,0.0,0.0,0.0,0.0,0.0,0.0,0.0,0.0,0.0,0.0,0.0,0.0,0.0,0.0,0.0,0.0,0.0,0.0,0.0,0.0,0.0,0.0,0.0,0.0,0.0,0.0,0.0,0.0,0.0,0.0,0.0,0.0,0.0,0.0,0.0,0.0,0.0,0.0,0.0,0.0,0.0,0.0,0.0,0.0,0.0,0.0,0.0,0.0,0.0,0.0,0.0,0.0,0.0,0.0,0.0,0.0,0.0,0.0,0.0,0.0,0.0,0.0,0.0,0.0,0.0,0.0,0.0,0.0,0.0,0.0,0.0,0.0,0.0,0.0,0.0,0.0,0.0,0.0,0.0,0.0,0.0,0.0,0.0,0.0,0.0,0.0,0.0,0.0,0.0,0.0,0.0,0.0,0.0,0.0,0.0,0.0,0.0,0.0,0.0,0.0,0.0,0.0,0.0,0.0,0.0,0.0,0.0,0.0,0.0,0.0,0.0,0.0,0.0,0.0,0.0,0.0,0.0,0.0,0.0,0.0,0.0,0.0,0.0,0.0,0.0,0.0,0.0,0.0,0.0,0.0,0.0,0.0,0.0,0.0,0.0,0.0,0.0,0.0,0.0,0.0,0.0,0.0,0.0,0.0,0.0,0.0,0.0,0.0,0.0,0.0,0.0,0.0,0.0,0.0,0.0,0.0,0.0,0.0,0.0,0.0,0.0,0.0,0.0,0.0,0.0,0.0,0.0,0.0,0.0,0.0,0.0,0.0,0.0,0.0,0.0,0.0,0.0,0.0,0.0,0.0,0.0,0.0,0.0,0.0,0.0,0.0,0.0,0.0,0.0,0.0,0.0,0.0,0.0,0.0,0.0,0.0,0.0,0.0,0.0,0.0,0.0,0.0,0.0,0.0,0.0,0.0,0.0,0.0,0.0,0.0,0.0,0.0,0.0,0.0,0.0,0.0,0.0,0.0,0.0,0.0,0.0,0.0,0.0,0.0,0.0,0.0,0.0,0.0,0.0,0.0,0.0,0.0,0.0,0.0,0.0,0.0,0.0,0.0,0.0,0.0,0.0,0.0,0.0,0.0,0.0,0.0,0.0,0.0,0.0,0.0,0.0,0.0,0.0,0.0,0.0,0.0,0.0,0.0,0.0,0.0,0.0,0.0,0.0,0.0,0.0,0.0,0.0,0.0,0.0,0.0,0.0,0.0,0.0,0.0,0.0,0.0,0.0,0.0,0.0,0.0,0.0,0.0,0.0,0.0,0.0,0.0,0.0,0.0,0.0,0.0,0.0,0.0,0.0,0.0,0.0,0.0,0.0,0.0,0.0,0.0,0.0,0.0,0.0,0.0,0.0,0.0,0.0,0.0,0.0,0.0,0.0,0.0,0.0,0.0,0.0,0.0,0.0,0.0,0.0,0.0,0.0,0.0,0.0,0.0,0.0,0.0,0.0,0.0,0.0,0.0,0.0,0.0,0.0,0.0,0.0,0.0,0.0,0.0,0.0,0.0,0.0,0.0,0.0,0.0,0.0,0.0,0.0,0.0,0.0,0.0,0.0,0.0,0.0,0.0,0.0,0.0,0.0,0.0,0.0,0.0,0.0,0.0,0.0,0.0,0.0,0.0,0.0,0.0,0.0,0.0,0.0,0.0,0.0,0.0,0.0,0.0,0.0,0.0,0.0,0.0,0.0,0.0,0.0,0.0,0.0,0.0,0.0,0.0,0.0,0.0,0.0,0.0,0.0,0.0,0.0,0.0,0.0,0.0,0.0,0.0,0.0,0.0,0.0,0.0,0.0,0.0,0.0,0.0,0.0,0.0,0.0,0.0,0.0,0.0,0.0,0.0,0.0,0.0,0.0,0.0,0.0,0.0,0.0,0.0,0.0,0.0,0.0,0.0,0.0,0.0,0.0,0.0,0.0,0.0,0.0,0.0,0.0,0.0,0.0,0.0,0.0,0.0,0.0,0.0,0.0,0.0,0.0,0.0,0.0,0.0,0.0,0.0,0.0,0.0,0.0,0.0,0.0,0.0,0.0,0.0,0.0,0.0,0.0,0.0,0.0,0.0,0.0,0.0,0.0,0.0,0.0,0.0,0.0,0.0,0.0,0.0,0.0,0.0,0.0,0.0,0.0,0.0,0.0,0.0,0.0,0.0,0.0,0.0,0.0,0.0,0.0,0.0,0.0,0.0,0.0,0.0,0.0,0.0,0.0,0.0
Tax39,0.0,-0.19667345,-0.16191714,-0.105788454,-0.03387607,0.049524512,0.14109182,0.23694438,0.3363035,0.43754718,0.53923255,0.64015126,0.7389585,0.835105,0.92799187,1.0163511,1.0995498,1.1741542,1.2452599,1.3116393,1.3668184,1.4153751,1.4704412,1.5333225,1.5938638,1.6547478,1.7090274,1.7668307,1.8058405,1.8399705,1.8658879,1.8891594,1.9509454,2.01774,2.0417972,2.0699587,2.126803,2.1944354,2.19889,2.227746,2.26983,2.2482374,2.3422418,2.3957458,2.4297583,2.5111256,2.5390584,2.5073776,2.4935157,2.5217988,2.5169725,2.485715,2.5594118,2.5255399,2.5420315,2.5536082,2.5176218,2.526684,2.5084383,2.4515176,2.3755715,2.3178172,2.2718425,2.255111,2.3185596,2.35529,1.6840035,1.7526323,2.5231726,2.5638096,2.601544,2.6383646,2.643779,1.88626,2.728183,1.9423428,1.9887615,2.0221689,2.030073,2.0758111,2.0888329,2.100023,2.1319726,2.1387417,2.2092545,2.1716247,3.110495,3.0718663,3.0564275,3.101283,3.1296196,3.1402194,3.1956632,3.0914774,3.1710598,3.078133,3.0236306,3.0439622,3.1069043,3.0805807,3.0954018,3.0188107,3.060663,3.0128217,2.9991393,2.9868002,2.9318802,2.9462812,2.930335,2.9596493,2.9331746,2.8977375,2.9176075,2.9296992,2.821004,2.0725112,2.0486786,2.0694802,2.0493288,2.0264602,2.0068214,1.9778221,1.9100057,1.9012816,1.8740911,1.8562591,1.7883002,1.7391007,1.640388,1.5644445,1.4482137,1.4066681,1.4104596,1.3138113,1.248718,1.1884028,1.1273345,1.0542487,0.97864544,0.92535686,0.84209657,0.7593996,0.64932054,0.5907328,0.532676,0.49931207,0.4481669,0.40429386,0.36306527,0.3147592,0.27560276,0.26040053,0.2910449,0.324963,0.33377448,0.35226765,0.3725602,0.38877383,0.3790925,0.3685325,0.35514793,0.34866947,0.326465,0.29909298,0.28332865,0.2701807,0.26456654,0.2720819,0.2664589,0.2610785,0.2586963,0.25780043,0.25415495,0.22489102,0.23657951,0.23504983,0.21888842,0.20553397,0.20201384,0.20955497,0.20952618,0.18090448,0.14645189,0.110452846,0.08548987,0.0678556,0.051023897,0.034733903,0.025212517,0.012722079,0.0015084421,-0.008881943,-0.016075874,-0.020111302,-0.02517296,-0.027740313,-0.033999957,-0.039629776,-0.04228112,-0.044821337,-0.049608257,-0.051595047,-0.052655343,-0.052794628,-0.05107531,-0.050038025,-0.049091626,-0.04873571,-0.046446655,-0.040189564,-0.038597003,-0.03950047,-0.034872506,-0.032780677,-0.032980997,-0.031525195,-0.030216724,-0.027545508,-0.02596581,-0.024193855,-0.019124301,-0.015921738,-0.01599002,-0.01607364,-0.016155384,-0.016195856,-0.01250525,-0.009745192,-0.009738102,-0.009693827,-0.00959919,-0.00674829,-0.0067733363,-0.006786001,-0.0067861015,-0.0048722145,-0.0048583387,-0.0048484406,-0.004840721,-0.0029033995,-0.0028970009,-0.0028904404,-0.002890212,-0.0028991268,-0.002897778,-0.0028908476,-0.0028870201,-0.002882285,-0.002876421,-0.0028703895,-0.0028612977,-0.0028554362,-0.0028515863,-0.0028436228,-0.0028337562,-0.002831778,-0.0028358686,-0.002840409,-0.0028441516,-0.0028524818,-0.0028624744,-0.002854142,-0.0028376784,-0.002824101,-0.0028172354,-0.0028024397,-0.0027949598,-0.0027963421,-0.0028004264,0.0,0.0,0.0,0.0,0.0,0.0,0.0,0.0,0.0,0.0,0.0,0.0,0.0,0.0,0.0,0.0,0.0,0.0,0.0,0.0,0.0,0.0,0.0,0.0,0.0,0.0,0.0,0.0,0.0,0.0,0.0,0.0,0.0,0.0,0.0,0.0,0.0,0.0,0.0,0.0,0.0,0.0,0.0,0.0,0.0,0.0,0.0,0.0,0.0,0.0,0.0,0.0,0.0,0.0,0.0,0.0,0.0,0.0,0.0,0.0,0.0,0.0,0.0,0.0,0.0,0.0,0.0,0.0,0.0,0.0,0.0,0.0,0.0,0.0,0.0,0.0,0.0,0.0,0.0,0.0,0.0,0.0,0.0,0.0,0.0,0.0,0.0,0.0,0.0,0.0,0.0,0.0,0.0,0.0,0.0,0.0,0.0,0.0,0.0,0.0,0.0,0.0,0.0,0.0,0.0,0.0,0.0,0.0,0.0,0.0,0.0,0.0,0.0,0.0,0.0,0.0,0.0,0.0,0.0,0.0,0.0,0.0,0.0,0.0,0.0,0.0,0.0,0.0,0.0,0.0,0.0,0.0,0.0,0.0,0.0,0.0,0.0,0.0,0.0,0.0,0.0,0.0,0.0,0.0,0.0,0.0,0.0,0.0,0.0,0.0,0.0,0.0,0.0,0.0,0.0,0.0,0.0,0.0,0.0,0.0,0.0,0.0,0.0,0.0,0.0,0.0,0.0,0.0,0.0,0.0,0.0,0.0,0.0,0.0,0.0,0.0,0.0,0.0,0.0,0.0,0.0,0.0,0.0,0.0,0.0,0.0,0.0,0.0,0.0,0.0,0.0,0.0,0.0,0.0,0.0,0.0,0.0,0.0,0.0,0.0,0.0,0.0,0.0,0.0,0.0,0.0,0.0,0.0,0.0,0.0,0.0,0.0,0.0,0.0,0.0,0.0,0.0,0.0,0.0,0.0,0.0,0.0,0.0,0.0,0.0,0.0,0.0,0.0,0.0,0.0,0.0,0.0,0.0,0.0,0.0,0.0,0.0,0.0,0.0,0.0,0.0,0.0,0.0,0.0,0.0,0.0,0.0,0.0,0.0,0.0,0.0,0.0,0.0,0.0,0.0,0.0,0.0,0.0,0.0,0.0,0.0,0.0,0.0,0.0,0.0,0.0,0.0,0.0,0.0,0.0,0.0,0.0,0.0,0.0,0.0,0.0,0.0,0.0,0.0,0.0,0.0,0.0,0.0,0.0,0.0,0.0,0.0,0.0,0.0,0.0,0.0,0.0,0.0,0.0,0.0,0.0,0.0,0.0,0.0,0.0,0.0,0.0,0.0,0.0,0.0,0.0,0.0,0.0,0.0,0.0,0.0,0.0,0.0,0.0,0.0,0.0,0.0,0.0,0.0,0.0,0.0,0.0,0.0,0.0,0.0,0.0,0.0,0.0,0.0,0.0,0.0,0.0,0.0,0.0,0.0,0.0,0.0,0.0,0.0,0.0,0.0,0.0,0.0,0.0,0.0,0.0,0.0,0.0,0.0,0.0,0.0,0.0,0.0,0.0,0.0,0.0,0.0,0.0,0.0,0.0,0.0,0.0,0.0,0.0,0.0,0.0,0.0,0.0,0.0,0.0,0.0,0.0,0.0,0.0,0.0,0.0,0.0,0.0,0.0,0.0,0.0,0.0,0.0,0.0,0.0,0.0,0.0,0.0,0.0,0.0,0.0,0.0,0.0,0.0,0.0,0.0,0.0,0.0,0.0,0.0,0.0,0.0,0.0,0.0,0.0,0.0,0.0,0.0,0.0,0.0,0.0,0.0,0.0,0.0,0.0,0.0,0.0,0.0,0.0,0.0,0.0,0.0,0.0,0.0,0.0,0.0,0.0,0.0,0.0,0.0,0.0,0.0,0.0,0.0,0.0,0.0,0.0,0.0,0.0,0.0,0.0,0.0,0.0,0.0,0.0,0.0,0.0,0.0,0.0,0.0,0.0,0.0,0.0,0.0,0.0,0.0,0.0,0.0,0.0,0.0,0.0,0.0,0.0,0.0,0.0,0.0,0.0,0.0,0.0,0.0,0.0,0.0,0.0,0.0,0.0,0.0,0.0,0.0,0.0,0.0,0.0,0.0,0.0,0.0,0.0,0.0,0.0,0.0,0.0,0.0,0.0,0.0,0.0,0.0,0.0,0.0,0.0,0.0,0.0,0.0,0.0,0.0,0.0,0.0,0.0,0.0,0.0,0.0,0.0,0.0,0.0,0.0,0.0,0.0,0.0,0.0,0.0,0.0,0.0,0.0,0.0,0.0,0.0,0.0,0.0,0.0,0.0,0.0,0.0,0.0,0.0,0.0,0.0,0.0,0.0,0.0,0.0,0.0,0.0,0.0,0.0,0.0,0.0,0.0,0.0,0.0,0.0,0.0,0.0,0.0,0.0,0.0,0.0,0.0,0.0,0.0,0.0,0.0,0.0,0.0,0.0,0.0,0.0,0.0,0.0,0.0,0.0,0.0,0.0,0.0,0.0,0.0,0.0,0.0,0.0,0.0,0.0,0.0,0.0,0.0,0.0,0.0,0.0,0.0,0.0,0.0,0.0,0.0,0.0,0.0,0.0,0.0,0.0,0.0,0.0,0.0,0.0,0.0,0.0,0.0,0.0,0.0,0.0,0.0,0.0,0.0,0.0,0.0,0.0,0.0,0.0,0.0,0.0,0.0,0.0,0.0,0.0,0.0,0.0,0.0,0.0,0.0,0.0,0.0,0.0,0.0,0.0,0.0,0.0,0.0,0.0,0.0,0.0,0.0,0.0,0.0,0.0,0.0,0.0,0.0,0.0,0.0,0.0,0.0,0.0,0.0,0.0,0.0,0.0,0.0,0.0,0.0,0.0,0.0,0.0,0.0,0.0,0.0,0.0,0.0,0.0,0.0,0.0,0.0,0.0,0.0,0.0,0.0,0.0,0.0,0.0,0.0,0.0,0.0,0.0,0.0,0.0,0.0,0.0,0.0,0.0,0.0,0.0,0.0,0.0,0.0,0.0,0.0,0.0,0.0,0.0,0.0,0.0,0.0,0.0,0.0,0.0,0.0,0.0,0.0,0.0,0.0,0.0,0.0,0.0,0.0,0.0,0.0,0.0,0.0,0.0,0.0,0.0,0.0,0.0,0.0,0.0,0.0,0.0,0.0,0.0,0.0,0.0,0.0,0.0,0.0,0.0,0.0,0.0,0.0,0.0,0.0,0.0,0.0,0.0,0.0,0.0,0.0,0.0,0.0,0.0,0.0,0.0,0.0,0.0,0.0,0.0,0.0,0.0,0.0,0.0,0.0,0.0,0.0,0.0,0.0,0.0,0.0,0.0,0.0,0.0,0.0,0.0,0.0,0.0,0.0,0.0,0.0,0.0,0.0,0.0,0.0,0.0,0.0,0.0,0.0,0.0,0.0,0.0,0.0,0.0,0.0,0.0,0.0,0.0,0.0,0.0,0.0,0.0,0.0,0.0,0.0,0.0,0.0,0.0,0.0,0.0,0.0,0.0,0.0,0.0,0.0,0.0,0.0,0.0,0.0,0.0,0.0,0.0,0.0,0.0,0.0,0.0,0.0,0.0,0.0,0.0,0.0,0.0,0.0,0.0,0.0,0.0,0.0,0.0,0.0,0.0,0.0,0.0,0.0,0.0,0.0,0.0,0.0,0.0,0.0,0.0,0.0,0.0,0.0,0.0,0.0,0.0,0.0,0.0,0.0,0.0,0.0,0.0,0.0,0.0,0.0,0.0,0.0,0.0,0.0,0.0,0.0,0.0,0.0,0.0,0.0,0.0,0.0,0.0,0.0,0.0,0.0,0.0,0.0,0.0,0.0,0.0,0.0,0.0,0.0,0.0,0.0,0.0,0.0,0.0,0.0,0.0,0.0,0.0,0.0,0.0,0.0,0.0,0.0,0.0,0.0,0.0,0.0,0.0,0.0,0.0,0.0,0.0,0.0,0.0,0.0,0.0,0.0,0.0,0.0,0.0,0.0,0.0,0.0,0.0,0.0,0.0,0.0,0.0,0.0,0.0,0.0,0.0,0.0,0.0,0.0,0.0,0.0,0.0,0.0,0.0,0.0,0.0,0.0,0.0,0.0,0.0,0.0,0.0,0.0,0.0,0.0,0.0,0.0,0.0,0.0,0.0,0.0,0.0,0.0,0.0,0.0,0.0,0.0,0.0,0.0,0.0,0.0,0.0,0.0,0.0,0.0,0.0,0.0,0.0,0.0,0.0,0.0,0.0,0.0,0.0,0.0,0.0,0.0,0.0,0.0,0.0,0.0,0.0,0.0,0.0,0.0,0.0,0.0,0.0,0.0,0.0,0.0,0.0,0.0,0.0,0.0,0.0,0.0,0.0,0.0,0.0,0.0,0.0,0.0,0.0,0.0,0.0,0.0,0.0,0.0,0.0,0.0,0.0,0.0,0.0,0.0,0.0,0.0,0.0,0.0,0.0,0.0,0.0,0.0,0.0,0.0,0.0,0.0,0.0,0.0,0.0,0.0,0.0,0.0,0.0,0.0,0.0,0.0,0.0,0.0,0.0,0.0,0.0,0.0,0.0,0.0,0.0,0.0,0.0,0.0,0.0,0.0,0.0,0.0,0.0,0.0,0.0,0.0,0.0,0.0,0.0,0.0,0.0,0.0,0.0,0.0,0.0,0.0,0.0,0.0,0.0,0.0,0.0,0.0,0.0,0.0,0.0,0.0,0.0,0.0,0.0,0.0,0.0,0.0,0.0,0.0,0.0,0.0,0.0,0.0,0.0,0.0,0.0,0.0,0.0,0.0,0.0,0.0,0.0,0.0,0.0,0.0,0.0,0.0,0.0,0.0,0.0,0.0,0.0,0.0,0.0,0.0,0.0,0.0,0.0,0.0,0.0,0.0,0.0,0.0,0.0,0.0,0.0,0.0,0.0,0.0,0.0,0.0,0.0,0.0,0.0,0.0,0.0,0.0,0.0,0.0,0.0,0.0,0.0,0.0,0.0,0.0,0.0,0.0,0.0,0.0,0.0,0.0,0.0,0.0,0.0,0.0,0.0,0.0,0.0,0.0,0.0,0.0,0.0,0.0,0.0,0.0,0.0,0.0,0.0,0.0,0.0,0.0,0.0,0.0,0.0,0.0,0.0,0.0,0.0,0.0,0.0,0.0,0.0,0.0,0.0,0.0,0.0,0.0,0.0,0.0,0.0,0.0,0.0,0.0,0.0,0.0,0.0,0.0,0.0,0.0,0.0,0.0,0.0,0.0,0.0,0.0,0.0,0.0,0.0,0.0,0.0,0.0,0.0,0.0,0.0,0.0,0.0,0.0,0.0,0.0,0.0,0.0,0.0,0.0,0.0,0.0,0.0,0.0,0.0,0.0,0.0,0.0,0.0,0.0,0.0,0.0,0.0,0.0,0.0,0.0,0.0,0.0,0.0,0.0,0.0,0.0,0.0,0.0,0.0,0.0,0.0,0.0,0.0,0.0,0.0,0.0,0.0,0.0,0.0,0.0,0.0,0.0,0.0,0.0,0.0,0.0,0.0,0.0,0.0,0.0,0.0,0.0,0.0,0.0,0.0,0.0,0.0,0.0,0.0,0.0,0.0,0.0,0.0,0.0,0.0,0.0,0.0,0.0,0.0,0.0,0.0,0.0,0.0,0.0,0.0,0.0,0.0,0.0,0.0,0.0,0.0,0.0,0.0,0.0,0.0,0.0,0.0,0.0,0.0,0.0,0.0,0.0,0.0,0.0,0.0,0.0,0.0,0.0,0.0,0.0,0.0,0.0,0.0,0.0,0.0,0.0,0.0,0.0,0.0,0.0,0.0,0.0,0.0,0.0,0.0,0.0,0.0,0.0,0.0,0.0,0.0,0.0,0.0,0.0,0.0,0.0,0.0,0.0,0.0,0.0,0.0,0.0,0.0,0.0,0.0,0.0,0.0,0.0,0.0,0.0,0.0,0.0,0.0,0.0,0.0,0.0,0.0,0.0,0.0,0.0,0.0,0.0,0.0,0.0,0.0,0.0,0.0,0.0,0.0,0.0,0.0,0.0,0.0,0.0,0.0,0.0,0.0,0.0,0.0,0.0,0.0,0.0,0.0,0.0,0.0,0.0,0.0,0.0,0.0,0.0,0.0,0.0,0.0,0.0,0.0,0.0,0.0,0.0,0.0,0.0,0.0,0.0,0.0,0.0,0.0,0.0,0.0,0.0,0.0,0.0,0.0,0.0,0.0,0.0,0.0,0.0,0.0,0.0,0.0,0.0,0.0,0.0,0.0,0.0,0.0,0.0,0.0,0.0,0.0,0.0,0.0,0.0,0.0,0.0,0.0,0.0,0.0,0.0,0.0,0.0,0.0,0.0,0.0,0.0,0.0,0.0,0.0,0.0,0.0,0.0,0.0,0.0,0.0,0.0,0.0,0.0,0.0,0.0,0.0,0.0,0.0,0.0,0.0,0.0,0.0,0.0,0.0,0.0,0.0,0.0,0.0,0.0,0.0,0.0,0.0,0.0,0.0,0.0,0.0,0.0,0.0,0.0,0.0,0.0,0.0,0.0,0.0,0.0,0.0,0.0,0.0,0.0,0.0,0.0,0.0,0.0,0.0,0.0,0.0,0.0,0.0,0.0,0.0,0.0,0.0,0.0,0.0,0.0,0.0,0.0,0.0,0.0,0.0,0.0,0.0,0.0,0.0,0.0,0.0,0.0,0.0,0.0,0.0,0.0,0.0,0.0,0.0,0.0,0.0,0.0,0.0,0.0,0.0,0.0,0.0,0.0,0.0,0.0,0.0,0.0,0.0,0.0,0.0,0.0,0.0,0.0,0.0,0.0,0.0,0.0,0.0,0.0,0.0,0.0,0.0,0.0,0.0,0.0,0.0,0.0,0.0,0.0,0.0,0.0,0.0,0.0,0.0,0.0,0.0,0.0,0.0,0.0,0.0,0.0,0.0,0.0,0.0,0.0,0.0,0.0,0.0,0.0,0.0,0.0,0.0,0.0,0.0,0.0,0.0,0.0,0.0,0.0,0.0,0.0,0.0,0.0,0.0,0.0,0.0,0.0,0.0,0.0,0.0,0.0,0.0,0.0,0.0,0.0,0.0,0.0,0.0,0.0,0.0,0.0,0.0,0.0,0.0,0.0,0.0,0.0,0.0,0.0,0.0,0.0,0.0,0.0,0.0,0.0,0.0,0.0,0.0,0.0,0.0,0.0,0.0,0.0,0.0,0.0,0.0,0.0,0.0,0.0,0.0,0.0,0.0,0.0,0.0,0.0,0.0,0.0,0.0,0.0,0.0,0.0,0.0,0.0,0.0,0.0,0.0,0.0,0.0,0.0,0.0,0.0,0.0,0.0,0.0,0.0,0.0,0.0,0.0,0.0,0.0,0.0,0.0,0.0,0.0,0.0,0.0,0.0,0.0,0.0,0.0,0.0,0.0,0.0,0.0,0.0,0.0,0.0,0.0,0.0,0.0,0.0,0.0,0.0,0.0,0.0,0.0,0.0,0.0,0.0,0.0,0.0,0.0,0.0,0.0,0.0,0.0,0.0,0.0,0.0,0.0,0.0,0.0,0.0,0.0,0.0,0.0,0.0,0.0,0.0,0.0,0.0,0.0,0.0,0.0,0.0,0.0,0.0,0.0,0.0,0.0,0.0,0.0,0.0,0.0,0.0,0.0,0.0,0.0,0.0,0.0,0.0,0.0,0.0,0.0,0.0,0.0,0.0,0.0,0.0,0.0,0.0,0.0,0.0,0.0,0.0,0.0,0.0,0.0,0.0,0.0,0.0,0.0,0.0,0.0,0.0,0.0,0.0,0.0,0.0,0.0,0.0,0.0,0.0,0.0,0.0,0.0,0.0,0.0,0.0,0.0,0.0,0.0,0.0,0.0,0.0,0.0,0.0,0.0,0.0,0.0,0.0,0.0,0.0,0.0,0.0,0.0,0.0,0.0,0.0,0.0,0.0,0.0,0.0,0.0,0.0,0.0,0.0,0.0,0.0,0.0,0.0,0.0,0.0,0.0,0.0,0.0,0.0,0.0,0.0,0.0,0.0,0.0,0.0,0.0,0.0,0.0,0.0,0.0,0.0,0.0,0.0,0.0,0.0,0.0,0.0,0.0,0.0,0.0,0.0,0.0,0.0,0.0,0.0,0.0,0.0,0.0,0.0,0.0,0.0,0.0,0.0,0.0,0.0,0.0,0.0,0.0,0.0,0.0,0.0,0.0,0.0,0.0,0.0,0.0,0.0,0.0,0.0,0.0,0.0,0.0,0.0,0.0,0.0,0.0,0.0,0.0,0.0,0.0,0.0,0.0,0.0,0.0,0.0,0.0,0.0,0.0,0.0,0.0,0.0,0.0,0.0,0.0,0.0,0.0,0.0,0.0,0.0,0.0,0.0,0.0,0.0,0.0,0.0,0.0,0.0,0.0,0.0,0.0,0.0,0.0,0.0,0.0,0.0,0.0,0.0,0.0,0.0,0.0,0.0,0.0,0.0,0.0,0.0,0.0,0.0,0.0,0.0,0.0,0.0,0.0,0.0,0.0,0.0,0.0,0.0,0.0,0.0,0.0,0.0,0.0,0.0,0.0,0.0,0.0,0.0,0.0,0.0,0.0,0.0,0.0,0.0,0.0,0.0,0.0,0.0,0.0,0.0,0.0,0.0,0.0,0.0,0.0,0.0,0.0,0.0,0.0,0.0,0.0,0.0,0.0,0.0,0.0,0.0,0.0,0.0,0.0,0.0,0.0,0.0,0.0,0.0,0.0,0.0,0.0,0.0,0.0,0.0,0.0,0.0,0.0,0.0,0.0,0.0,0.0,0.0,0.0,0.0,0.0,0.0,0.0,0.0,0.0,0.0,0.0,0.0,0.0,0.0,0.0,0.0,0.0,0.0,0.0,0.0,0.0,0.0,0.0,0.0,0.0,0.0,0.0,0.0,0.0,0.0,0.0,0.0,0.0,0.0,0.0,0.0,0.0,0.0,0.0,0.0,0.0,0.0,0.0,0.0,0.0,0.0,0.0,0.0,0.0,0.0,0.0,0.0,0.0,0.0,0.0,0.0,0.0,0.0,0.0,0.0,0.0,0.0,0.0,0.0,0.0,0.0,0.0,0.0,0.0,0.0,0.0,0.0,0.0,0.0,0.0,0.0,0.0,0.0,0.0,0.0,0.0,0.0,0.0,0.0,0.0,0.0,0.0,0.0,0.0,0.0,0.0,0.0,0.0,0.0,0.0,0.0,0.0,0.0,0.0,0.0,0.0,0.0,0.0,0.0,0.0,0.0,0.0,0.0,0.0,0.0,0.0,0.0,0.0,0.0,0.0,0.0,0.0,0.0,0.0,0.0,0.0,0.0,0.0,0.0,0.0,0.0,0.0,0.0,0.0,0.0,0.0,0.0,0.0,0.0,0.0,0.0,0.0,0.0,0.0,0.0,0.0,0.0,0.0,0.0,0.0,0.0,0.0,0.0,0.0,0.0,0.0,0.0,0.0,0.0,0.0,0.0,0.0,0.0,0.0,0.0,0.0,0.0,0.0,0.0,0.0,0.0,0.0,0.0,0.0,0.0,0.0,0.0,0.0,0.0,0.0,0.0,0.0,0.0,0.0,0.0,0.0,0.0,0.0,0.0,0.0,0.0,0.0,0.0,0.0,0.0,0.0,0.0,0.0,0.0,0.0,0.0,0.0,0.0,0.0,0.0,0.0,0.0,0.0,0.0,0.0,0.0,0.0,0.0,0.0,0.0,0.0,0.0,0.0,0.0,0.0,0.0,0.0,0.0,0.0,0.0,0.0,0.0,0.0,0.0,0.0,0.0,0.0,0.0,0.0,0.0,0.0,0.0,0.0,0.0,0.0,0.0,0.0,0.0,0.0,0.0,0.0,0.0,0.0,0.0,0.0,0.0,0.0,0.0,0.0,0.0,0.0,0.0,0.0,0.0,0.0,0.0,0.0,0.0,0.0,0.0,0.0,0.0,0.0,0.0,0.0,0.0,0.0,0.0,0.0,0.0,0.0,0.0,0.0,0.0,0.0,0.0,0.0,0.0,0.0,0.0,0.0,0.0,0.0,0.0,0.0,0.0,0.0,0.0,0.0,0.0,0.0,0.0,0.0,0.0,0.0,0.0,0.0,0.0,0.0,0.0,0.0,0.0,0.0,0.0,0.0,0.0,0.0,0.0,0.0,0.0,0.0,0.0,0.0,0.0,0.0,0.0,0.0,0.0,0.0,0.0,0.0,0.0,0.0,0.0,0.0,0.0,0.0,0.0,0.0,0.0,0.0,0.0,0.0,0.0,0.0,0.0,0.0,0.0,0.0,0.0,0.0,0.0,0.0,0.0,0.0,0.0,0.0,0.0,0.0,0.0,0.0,0.0,0.0,0.0,0.0,0.0,0.0,0.0,0.0,0.0,0.0,0.0,0.0,0.0,0.0,0.0,0.0,0.0,0.0,0.0,0.0,0.0,0.0,0.0,0.0,0.0,0.0,0.0,0.0,0.0,0.0,0.0,0.0,0.0,0.0,0.0,0.0,0.0,0.0,0.0,0.0,0.0,0.0,0.0,0.0,0.0,0.0,0.0,0.0,0.0,0.0,0.0,0.0,0.0,0.0,0.0,0.0,0.0,0.0,0.0,0.0,0.0,0.0,0.0,0.0,0.0,0.0,0.0,0.0,0.0,0.0,0.0,0.0,0.0,0.0,0.0,0.0,0.0,0.0,0.0,0.0,0.0,0.0,0.0,0.0,0.0,0.0,0.0,0.0,0.0,0.0,0.0,0.0,0.0,0.0,0.0,0.0,0.0,0.0,0.0,0.0,0.0,0.0,0.0,0.0,0.0,0.0,0.0,0.0,0.0,0.0,0.0,0.0,0.0,0.0,0.0,0.0,0.0,0.0,0.0,0.0,0.0,0.0,0.0,0.0,0.0,0.0,0.0,0.0,0.0,0.0,0.0,0.0,0.0,0.0,0.0,0.0,0.0,0.0,0.0,0.0,0.0,0.0,0.0,0.0,0.0,0.0,0.0,0.0,0.0,0.0,0.0,0.0,0.0,0.0,0.0,0.0,0.0,0.0,0.0,0.0,0.0,0.0,0.0,0.0,0.0,0.0,0.0,0.0,0.0,0.0,0.0,0.0,0.0,0.0,0.0,0.0,0.0,0.0,0.0,0.0,0.0,0.0,0.0,0.0,0.0,0.0,0.0,0.0,0.0,0.0,0.0,0.0,0.0,0.0,0.0,0.0,0.0,0.0,0.0,0.0,0.0,0.0,0.0,0.0,0.0,0.0,0.0,0.0,0.0,0.0,0.0,0.0,0.0,0.0,0.0,0.0,0.0,0.0,0.0,0.0,0.0,0.0,0.0,0.0,0.0,0.0,0.0,0.0,0.0,0.0,0.0,0.0,0.0,0.0,0.0,0.0,0.0,0.0,0.0,0.0,0.0,0.0,0.0,0.0,0.0,0.0,0.0,0.0,0.0,0.0,0.0,0.0,0.0,0.0,0.0,0.0,0.0,0.0,0.0,0.0,0.0,0.0,0.0,0.0,0.0,0.0,0.0,0.0,0.0,0.0,0.0,0.0,0.0,0.0,0.0,0.0,0.0,0.0,0.0,0.0,0.0,0.0,0.0,0.0,0.0,0.0,0.0,0.0,0.0,0.0,0.0,0.0,0.0,0.0,0.0,0.0,0.0,0.0,0.0,0.0,0.0,0.0,0.0,0.0,0.0,0.0,0.0
Tax40,0.0,-2.4906528,-2.0095875,-1.5197347,-1.0310988,-0.54828316,-0.06672735,0.40240663,0.8667914,1.3287508,1.7760776,2.2343006,2.6947112,3.159153,3.6517282,4.1368184,4.655095,5.2397656,5.776949,6.3440986,6.8898706,7.5104656,8.174041,8.682759,9.23752,9.919874,10.463992,11.076783,11.709812,12.513555,13.386242,13.117864,14.441286,15.198759,15.918303,16.83608,17.882763,18.592781,19.224096,19.904099,21.064575,21.667576,23.08155,24.457037,25.275824,25.679163,27.263685,27.512716,28.719595,29.372166,29.94262,30.40184,31.328888,31.961689,33.410007,33.27318,33.917336,34.71477,33.797554,33.0078,31.869852,30.891434,30.144947,29.868753,30.847486,31.639696,20.208696,21.726126,36.654255,38.334843,39.852818,41.099617,42.003754,27.338173,44.94799,29.587387,30.432161,31.944397,33.281506,34.47316,36.300827,37.33382,38.23345,40.092113,42.148273,44.364323,69.67615,71.417305,74.337776,76.943245,79.857,82.31613,83.888466,86.05951,85.6617,84.449425,85.01934,85.804855,87.05029,87.04065,87.61335,88.45453,88.95743,90.68385,91.30708,92.02692,92.15679,93.119446,93.83119,94.28745,95.53226,96.63045,96.600426,95.375275,93.051186,52.042736,53.0778,54.3792,53.616978,53.23869,52.250793,50.65414,48.869537,47.36472,45.19739,43.499134,41.222534,36.701714,32.654003,29.573946,26.452415,23.489147,20.939058,17.496552,13.82246,10.2084,6.6911383,2.7438402,-0.9936824,-5.1204805,-9.130045,-13.029396,-16.486519,-18.849342,-20.950472,-22.00757,-23.238022,-24.82338,-26.486782,-27.80529,-28.182343,-27.239595,-23.473871,-19.766064,-16.591341,-13.574279,-11.010907,-8.972666,-7.460114,-6.877013,-6.36525,-6.168903,-6.7005377,-7.268994,-7.488593,-7.7733884,-7.527305,-6.6486506,-6.5730314,-6.2832413,-5.6623344,-5.0334167,-4.7933693,-5.0816674,-3.4717386,-2.6474025,-3.233787,-3.6306272,-3.3338995,-2.2888567,-1.7711601,-2.2066605,-4.544891,-7.035654,-8.4690275,-9.4464445,-10.350911,-10.922458,-11.203149,-11.580546,-11.654522,-11.651291,-11.35032,-10.951062,-10.614507,-10.362705,-10.070466,-9.7300825,-9.115402,-8.748416,-8.446256,-8.033986,-7.660463,-7.078289,-6.696234,-6.2157784,-5.8224688,-5.216882,-4.6550183,-4.2589173,-4.0093584,-3.6698623,-3.3524246,-3.1149426,-2.809578,-2.6028821,-2.2997956,-1.9784149,-1.8190054,-1.6470617,-1.4612526,-1.3210561,-1.189984,-1.067129,-1.0053014,-0.93234664,-0.86464226,-0.7421376,-0.6528528,-0.5979269,-0.5167483,-0.50462663,-0.43335658,-0.3956162,-0.38647082,-0.3594455,-0.31158665,-0.30417177,-0.25028813,-0.22653013,-0.19900827,-0.186342,-0.16212337,-0.15852712,-0.1548235,-0.15110864,-0.13890621,-0.12846778,-0.11468227,-0.09973968,-0.08271033,-0.060706716,-0.059270173,-0.0578392,-0.056430906,-0.048862457,-0.037554413,-0.036701847,-0.03586402,-0.035062935,-0.018381871,-0.0131177185,-0.012786548,-0.012468343,-0.012167948,-0.01186373,-0.011577334,-0.006763567,-0.0066090166,0.0,0.0,0.0,0.0,0.0,0.0,0.0,0.0,0.0,0.0,0.0,0.0,0.0,0.0,0.0,0.0,0.0,0.0,0.0,0.0,0.0,0.0,0.0,0.0,0.0,0.0,0.0,0.0,0.0,0.0,0.0,0.0,0.0,0.0,0.0,0.0,0.0,0.0,0.0,0.0,0.0,0.0,0.0,0.0,0.0,0.0,0.0,0.0,0.0,0.0,0.0,0.0,0.0,0.0,0.0,0.0,0.0,0.0,0.0,0.0,0.0,0.0,0.0,0.0,0.0,0.0,0.0,0.0,0.0,0.0,0.0,0.0,0.0,0.0,0.0,0.0,0.0,0.0,0.0,0.0,0.0,0.0,0.0,0.0,0.0,0.0,0.0,0.0,0.0,0.0,0.0,0.0,0.0,0.0,0.0,0.0,0.0,0.0,0.0,0.0,0.0,0.0,0.0,0.0,0.0,0.0,0.0,0.0,0.0,0.0,0.0,0.0,0.0,0.0,0.0,0.0,0.0,0.0,0.0,0.0,0.0,0.0,0.0,0.0,0.0,0.0,0.0,0.0,0.0,0.0,0.0,0.0,0.0,0.0,0.0,0.0,0.0,0.0,0.0,0.0,0.0,0.0,0.0,0.0,0.0,0.0,0.0,0.0,0.0,0.0,0.0,0.0,0.0,0.0,0.0,0.0,0.0,0.0,0.0,0.0,0.0,0.0,0.0,0.0,0.0,0.0,0.0,0.0,0.0,0.0,0.0,0.0,0.0,0.0,0.0,0.0,0.0,0.0,0.0,0.0,0.0,0.0,0.0,0.0,0.0,0.0,0.0,0.0,0.0,0.0,0.0,0.0,0.0,0.0,0.0,0.0,0.0,0.0,0.0,0.0,0.0,0.0,0.0,0.0,0.0,0.0,0.0,0.0,0.0,0.0,0.0,0.0,0.0,0.0,0.0,0.0,0.0,0.0,0.0,0.0,0.0,0.0,0.0,0.0,0.0,0.0,0.0,0.0,0.0,0.0,0.0,0.0,0.0,0.0,0.0,0.0,0.0,0.0,0.0,0.0,0.0,0.0,0.0,0.0,0.0,0.0,0.0,0.0,0.0,0.0,0.0,0.0,0.0,0.0,0.0,0.0,0.0,0.0,0.0,0.0,0.0,0.0,0.0,0.0,0.0,0.0,0.0,0.0,0.0,0.0,0.0,0.0,0.0,0.0,0.0,0.0,0.0,0.0,0.0,0.0,0.0,0.0,0.0,0.0,0.0,0.0,0.0,0.0,0.0,0.0,0.0,0.0,0.0,0.0,0.0,0.0,0.0,0.0,0.0,0.0,0.0,0.0,0.0,0.0,0.0,0.0,0.0,0.0,0.0,0.0,0.0,0.0,0.0,0.0,0.0,0.0,0.0,0.0,0.0,0.0,0.0,0.0,0.0,0.0,0.0,0.0,0.0,0.0,0.0,0.0,0.0,0.0,0.0,0.0,0.0,0.0,0.0,0.0,0.0,0.0,0.0,0.0,0.0,0.0,0.0,0.0,0.0,0.0,0.0,0.0,0.0,0.0,0.0,0.0,0.0,0.0,0.0,0.0,0.0,0.0,0.0,0.0,0.0,0.0,0.0,0.0,0.0,0.0,0.0,0.0,0.0,0.0,0.0,0.0,0.0,0.0,0.0,0.0,0.0,0.0,0.0,0.0,0.0,0.0,0.0,0.0,0.0,0.0,0.0,0.0,0.0,0.0,0.0,0.0,0.0,0.0,0.0,0.0,0.0,0.0,0.0,0.0,0.0,0.0,0.0,0.0,0.0,0.0,0.0,0.0,0.0,0.0,0.0,0.0,0.0,0.0,0.0,0.0,0.0,0.0,0.0,0.0,0.0,0.0,0.0,0.0,0.0,0.0,0.0,0.0,0.0,0.0,0.0,0.0,0.0,0.0,0.0,0.0,0.0,0.0,0.0,0.0,0.0,0.0,0.0,0.0,0.0,0.0,0.0,0.0,0.0,0.0,0.0,0.0,0.0,0.0,0.0,0.0,0.0,0.0,0.0,0.0,0.0,0.0,0.0,0.0,0.0,0.0,0.0,0.0,0.0,0.0,0.0,0.0,0.0,0.0,0.0,0.0,0.0,0.0,0.0,0.0,0.0,0.0,0.0,0.0,0.0,0.0,0.0,0.0,0.0,0.0,0.0,0.0,0.0,0.0,0.0,0.0,0.0,0.0,0.0,0.0,0.0,0.0,0.0,0.0,0.0,0.0,0.0,0.0,0.0,0.0,0.0,0.0,0.0,0.0,0.0,0.0,0.0,0.0,0.0,0.0,0.0,0.0,0.0,0.0,0.0,0.0,0.0,0.0,0.0,0.0,0.0,0.0,0.0,0.0,0.0,0.0,0.0,0.0,0.0,0.0,0.0,0.0,0.0,0.0,0.0,0.0,0.0,0.0,0.0,0.0,0.0,0.0,0.0,0.0,0.0,0.0,0.0,0.0,0.0,0.0,0.0,0.0,0.0,0.0,0.0,0.0,0.0,0.0,0.0,0.0,0.0,0.0,0.0,0.0,0.0,0.0,0.0,0.0,0.0,0.0,0.0,0.0,0.0,0.0,0.0,0.0,0.0,0.0,0.0,0.0,0.0,0.0,0.0,0.0,0.0,0.0,0.0,0.0,0.0,0.0,0.0,0.0,0.0,0.0,0.0,0.0,0.0,0.0,0.0,0.0,0.0,0.0,0.0,0.0,0.0,0.0,0.0,0.0,0.0,0.0,0.0,0.0,0.0,0.0,0.0,0.0,0.0,0.0,0.0,0.0,0.0,0.0,0.0,0.0,0.0,0.0,0.0,0.0,0.0,0.0,0.0,0.0,0.0,0.0,0.0,0.0,0.0,0.0,0.0,0.0,0.0,0.0,0.0,0.0,0.0,0.0,0.0,0.0,0.0,0.0,0.0,0.0,0.0,0.0,0.0,0.0,0.0,0.0,0.0,0.0,0.0,0.0,0.0,0.0,0.0,0.0,0.0,0.0,0.0,0.0,0.0,0.0,0.0,0.0,0.0,0.0,0.0,0.0,0.0,0.0,0.0,0.0,0.0,0.0,0.0,0.0,0.0,0.0,0.0,0.0,0.0,0.0,0.0,0.0,0.0,0.0,0.0,0.0,0.0,0.0,0.0,0.0,0.0,0.0,0.0,0.0,0.0,0.0,0.0,0.0,0.0,0.0,0.0,0.0,0.0,0.0,0.0,0.0,0.0,0.0,0.0,0.0,0.0,0.0,0.0,0.0,0.0,0.0,0.0,0.0,0.0,0.0,0.0,0.0,0.0,0.0,0.0,0.0,0.0,0.0,0.0,0.0,0.0,0.0,0.0,0.0,0.0,0.0,0.0,0.0,0.0,0.0,0.0,0.0,0.0,0.0,0.0,0.0,0.0,0.0,0.0,0.0,0.0,0.0,0.0,0.0,0.0,0.0,0.0,0.0,0.0,0.0,0.0,0.0,0.0,0.0,0.0,0.0,0.0,0.0,0.0,0.0,0.0,0.0,0.0,0.0,0.0,0.0,0.0,0.0,0.0,0.0,0.0,0.0,0.0,0.0,0.0,0.0,0.0,0.0,0.0,0.0,0.0,0.0,0.0,0.0,0.0,0.0,0.0,0.0,0.0,0.0,0.0,0.0,0.0,0.0,0.0,0.0,0.0,0.0,0.0,0.0,0.0,0.0,0.0,0.0,0.0,0.0,0.0,0.0,0.0,0.0,0.0,0.0,0.0,0.0,0.0,0.0,0.0,0.0,0.0,0.0,0.0,0.0,0.0,0.0,0.0,0.0,0.0,0.0,0.0,0.0,0.0,0.0,0.0,0.0,0.0,0.0,0.0,0.0,0.0,0.0,0.0,0.0,0.0,0.0,0.0,0.0,0.0,0.0,0.0,0.0,0.0,0.0,0.0,0.0,0.0,0.0,0.0,0.0,0.0,0.0,0.0,0.0,0.0,0.0,0.0,0.0,0.0,0.0,0.0,0.0,0.0,0.0,0.0,0.0,0.0,0.0,0.0,0.0,0.0,0.0,0.0,0.0,0.0,0.0,0.0,0.0,0.0,0.0,0.0,0.0,0.0,0.0,0.0,0.0,0.0,0.0,0.0,0.0,0.0,0.0,0.0,0.0,0.0,0.0,0.0,0.0,0.0,0.0,0.0,0.0,0.0,0.0,0.0,0.0,0.0,0.0,0.0,0.0,0.0,0.0,0.0,0.0,0.0,0.0,0.0,0.0,0.0,0.0,0.0,0.0,0.0,0.0,0.0,0.0,0.0,0.0,0.0,0.0,0.0,0.0,0.0,0.0,0.0,0.0,0.0,0.0,0.0,0.0,0.0,0.0,0.0,0.0,0.0,0.0,0.0,0.0,0.0,0.0,0.0,0.0,0.0,0.0,0.0,0.0,0.0,0.0,0.0,0.0,0.0,0.0,0.0,0.0,0.0,0.0,0.0,0.0,0.0,0.0,0.0,0.0,0.0,0.0,0.0,0.0,0.0,0.0,0.0,0.0,0.0,0.0,0.0,0.0,0.0,0.0,0.0,0.0,0.0,0.0,0.0,0.0,0.0,0.0,0.0,0.0,0.0,0.0,0.0,0.0,0.0,0.0,0.0,0.0,0.0,0.0,0.0,0.0,0.0,0.0,0.0,0.0,0.0,0.0,0.0,0.0,0.0,0.0,0.0,0.0,0.0,0.0,0.0,0.0,0.0,0.0,0.0,0.0,0.0,0.0,0.0,0.0,0.0,0.0,0.0,0.0,0.0,0.0,0.0,0.0,0.0,0.0,0.0,0.0,0.0,0.0,0.0,0.0,0.0,0.0,0.0,0.0,0.0,0.0,0.0,0.0,0.0,0.0,0.0,0.0,0.0,0.0,0.0,0.0,0.0,0.0,0.0,0.0,0.0,0.0,0.0,0.0,0.0,0.0,0.0,0.0,0.0,0.0,0.0,0.0,0.0,0.0,0.0,0.0,0.0,0.0,0.0,0.0,0.0,0.0,0.0,0.0,0.0,0.0,0.0,0.0,0.0,0.0,0.0,0.0,0.0,0.0,0.0,0.0,0.0,0.0,0.0,0.0,0.0,0.0,0.0,0.0,0.0,0.0,0.0,0.0,0.0,0.0,0.0,0.0,0.0,0.0,0.0,0.0,0.0,0.0,0.0,0.0,0.0,0.0,0.0,0.0,0.0,0.0,0.0,0.0,0.0,0.0,0.0,0.0,0.0,0.0,0.0,0.0,0.0,0.0,0.0,0.0,0.0,0.0,0.0,0.0,0.0,0.0,0.0,0.0,0.0,0.0,0.0,0.0,0.0,0.0,0.0,0.0,0.0,0.0,0.0,0.0,0.0,0.0,0.0,0.0,0.0,0.0,0.0,0.0,0.0,0.0,0.0,0.0,0.0,0.0,0.0,0.0,0.0,0.0,0.0,0.0,0.0,0.0,0.0,0.0,0.0,0.0,0.0,0.0,0.0,0.0,0.0,0.0,0.0,0.0,0.0,0.0,0.0,0.0,0.0,0.0,0.0,0.0,0.0,0.0,0.0,0.0,0.0,0.0,0.0,0.0,0.0,0.0,0.0,0.0,0.0,0.0,0.0,0.0,0.0,0.0,0.0,0.0,0.0,0.0,0.0,0.0,0.0,0.0,0.0,0.0,0.0,0.0,0.0,0.0,0.0,0.0,0.0,0.0,0.0,0.0,0.0,0.0,0.0,0.0,0.0,0.0,0.0,0.0,0.0,0.0,0.0,0.0,0.0,0.0,0.0,0.0,0.0,0.0,0.0,0.0,0.0,0.0,0.0,0.0,0.0,0.0,0.0,0.0,0.0,0.0,0.0,0.0,0.0,0.0,0.0,0.0,0.0,0.0,0.0,0.0,0.0,0.0,0.0,0.0,0.0,0.0,0.0,0.0,0.0,0.0,0.0,0.0,0.0,0.0,0.0,0.0,0.0,0.0,0.0,0.0,0.0,0.0,0.0,0.0,0.0,0.0,0.0,0.0,0.0,0.0,0.0,0.0,0.0,0.0,0.0,0.0,0.0,0.0,0.0,0.0,0.0,0.0,0.0,0.0,0.0,0.0,0.0,0.0,0.0,0.0,0.0,0.0,0.0,0.0,0.0,0.0,0.0,0.0,0.0,0.0,0.0,0.0,0.0,0.0,0.0,0.0,0.0,0.0,0.0,0.0,0.0,0.0,0.0,0.0,0.0,0.0,0.0,0.0,0.0,0.0,0.0,0.0,0.0,0.0,0.0,0.0,0.0,0.0,0.0,0.0,0.0,0.0,0.0,0.0,0.0,0.0,0.0,0.0,0.0,0.0,0.0,0.0,0.0,0.0,0.0,0.0,0.0,0.0,0.0,0.0,0.0,0.0,0.0,0.0,0.0,0.0,0.0,0.0,0.0,0.0,0.0,0.0,0.0,0.0,0.0,0.0,0.0,0.0,0.0,0.0,0.0,0.0,0.0,0.0,0.0,0.0,0.0,0.0,0.0,0.0,0.0,0.0,0.0,0.0,0.0,0.0,0.0,0.0,0.0,0.0,0.0,0.0,0.0,0.0,0.0,0.0,0.0,0.0,0.0,0.0,0.0,0.0,0.0,0.0,0.0,0.0,0.0,0.0,0.0,0.0,0.0,0.0,0.0,0.0,0.0,0.0,0.0,0.0,0.0,0.0,0.0,0.0,0.0,0.0,0.0,0.0,0.0,0.0,0.0,0.0,0.0,0.0,0.0,0.0,0.0,0.0,0.0,0.0,0.0,0.0,0.0,0.0,0.0,0.0,0.0,0.0,0.0,0.0,0.0,0.0,0.0,0.0,0.0,0.0,0.0,0.0,0.0,0.0,0.0,0.0,0.0,0.0,0.0,0.0,0.0,0.0,0.0,0.0,0.0,0.0,0.0,0.0,0.0,0.0,0.0,0.0,0.0,0.0,0.0,0.0,0.0,0.0,0.0,0.0,0.0,0.0,0.0,0.0,0.0,0.0,0.0,0.0,0.0,0.0,0.0,0.0,0.0,0.0,0.0,0.0,0.0,0.0,0.0,0.0,0.0,0.0,0.0,0.0,0.0,0.0,0.0,0.0,0.0,0.0,0.0,0.0,0.0,0.0,0.0,0.0,0.0,0.0,0.0,0.0,0.0,0.0,0.0,0.0,0.0,0.0,0.0,0.0,0.0,0.0,0.0,0.0,0.0,0.0,0.0,0.0,0.0,0.0,0.0,0.0,0.0,0.0,0.0,0.0,0.0,0.0,0.0,0.0,0.0,0.0,0.0,0.0,0.0,0.0,0.0,0.0,0.0,0.0,0.0,0.0,0.0,0.0,0.0,0.0,0.0,0.0,0.0,0.0,0.0,0.0,0.0,0.0,0.0,0.0,0.0,0.0,0.0,0.0,0.0,0.0,0.0,0.0,0.0,0.0,0.0,0.0,0.0,0.0,0.0,0.0,0.0,0.0,0.0,0.0,0.0,0.0,0.0,0.0,0.0,0.0,0.0,0.0,0.0,0.0,0.0,0.0,0.0,0.0,0.0,0.0,0.0,0.0,0.0,0.0,0.0,0.0,0.0,0.0,0.0,0.0,0.0,0.0,0.0,0.0,0.0,0.0,0.0,0.0,0.0,0.0,0.0,0.0,0.0,0.0,0.0,0.0,0.0,0.0,0.0,0.0,0.0,0.0,0.0,0.0,0.0,0.0,0.0,0.0,0.0,0.0,0.0,0.0,0.0,0.0,0.0,0.0,0.0,0.0,0.0,0.0,0.0,0.0,0.0,0.0,0.0,0.0,0.0,0.0,0.0,0.0,0.0,0.0,0.0,0.0,0.0,0.0,0.0,0.0,0.0,0.0,0.0,0.0,0.0,0.0,0.0,0.0,0.0,0.0,0.0,0.0,0.0,0.0,0.0,0.0,0.0,0.0,0.0,0.0,0.0,0.0,0.0,0.0,0.0,0.0,0.0,0.0,0.0,0.0,0.0,0.0,0.0,0.0,0.0,0.0,0.0,0.0,0.0,0.0,0.0,0.0,0.0,0.0,0.0,0.0,0.0,0.0,0.0,0.0,0.0,0.0,0.0,0.0,0.0,0.0,0.0,0.0,0.0,0.0,0.0,0.0,0.0,0.0,0.0,0.0,0.0,0.0,0.0,0.0,0.0,0.0,0.0,0.0,0.0,0.0,0.0,0.0,0.0,0.0,0.0,0.0,0.0,0.0,0.0,0.0,0.0,0.0,0.0,0.0,0.0,0.0,0.0,0.0,0.0,0.0,0.0,0.0,0.0,0.0,0.0,0.0,0.0,0.0,0.0,0.0,0.0,0.0,0.0,0.0,0.0,0.0,0.0,0.0,0.0,0.0,0.0,0.0,0.0,0.0,0.0,0.0,0.0,0.0,0.0,0.0,0.0,0.0,0.0,0.0,0.0,0.0,0.0,0.0,0.0,0.0,0.0,0.0,0.0,0.0,0.0,0.0,0.0,0.0,0.0,0.0,0.0,0.0,0.0,0.0,0.0,0.0,0.0,0.0,0.0,0.0,0.0,0.0,0.0,0.0,0.0,0.0,0.0,0.0,0.0,0.0,0.0,0.0,0.0,0.0,0.0,0.0,0.0,0.0,0.0,0.0,0.0,0.0,0.0,0.0,0.0,0.0,0.0,0.0,0.0,0.0,0.0,0.0,0.0,0.0,0.0,0.0,0.0,0.0,0.0,0.0,0.0,0.0,0.0,0.0,0.0,0.0,0.0,0.0,0.0,0.0,0.0,0.0,0.0,0.0,0.0,0.0,0.0,0.0,0.0,0.0,0.0,0.0,0.0,0.0,0.0,0.0,0.0,0.0,0.0,0.0,0.0,0.0,0.0,0.0,0.0,0.0,0.0,0.0,0.0,0.0,0.0,0.0,0.0,0.0,0.0,0.0,0.0,0.0,0.0,0.0,0.0,0.0,0.0,0.0,0.0,0.0,0.0,0.0,0.0,0.0,0.0,0.0,0.0,0.0,0.0,0.0,0.0,0.0,0.0,0.0,0.0,0.0,0.0,0.0,0.0,0.0,0.0,0.0,0.0,0.0,0.0,0.0,0.0,0.0,0.0,0.0,0.0,0.0,0.0,0.0,0.0,0.0,0.0,0.0,0.0,0.0,0.0,0.0,0.0,0.0,0.0,0.0,0.0,0.0,0.0,0.0,0.0,0.0,0.0,0.0,0.0,0.0,0.0,0.0,0.0,0.0,0.0,0.0,0.0,0.0,0.0,0.0,0.0,0.0,0.0,0.0,0.0,0.0,0.0,0.0,0.0,0.0,0.0,0.0,0.0,0.0,0.0,0.0,0.0,0.0,0.0,0.0,0.0,0.0,0.0,0.0,0.0,0.0,0.0,0.0,0.0,0.0,0.0,0.0,0.0,0.0,0.0,0.0,0.0,0.0,0.0,0.0,0.0,0.0,0.0,0.0,0.0,0.0,0.0,0.0,0.0,0.0,0.0,0.0,0.0,0.0,0.0,0.0,0.0,0.0,0.0,0.0,0.0,0.0,0.0,0.0,0.0,0.0,0.0,0.0,0.0,0.0,0.0,0.0,0.0,0.0,0.0,0.0,0.0,0.0,0.0,0.0,0.0,0.0,0.0,0.0,0.0,0.0,0.0,0.0,0.0,0.0,0.0,0.0,0.0,0.0,0.0,0.0,0.0,0.0,0.0,0.0,0.0,0.0,0.0,0.0,0.0,0.0,0.0,0.0,0.0,0.0,0.0,0.0,0.0,0.0,0.0,0.0,0.0,0.0,0.0,0.0,0.0,0.0,0.0,0.0,0.0,0.0,0.0,0.0,0.0,0.0,0.0,0.0,0.0,0.0,0.0,0.0,0.0,0.0,0.0,0.0,0.0,0.0,0.0,0.0,0.0,0.0,0.0,0.0,0.0,0.0,0.0,0.0,0.0,0.0,0.0,0.0,0.0,0.0,0.0,0.0,0.0,0.0,0.0,0.0,0.0,0.0,0.0,0.0,0.0,0.0,0.0,0.0,0.0,0.0,0.0,0.0,0.0,0.0,0.0,0.0,0.0,0.0,0.0,0.0,0.0,0.0,0.0,0.0,0.0,0.0,0.0,0.0,0.0,0.0,0.0,0.0,0.0,0.0,0.0,0.0,0.0,0.0,0.0,0.0,0.0,0.0,0.0,0.0,0.0,0.0,0.0,0.0,0.0,0.0,0.0,0.0,0.0,0.0,0.0,0.0,0.0,0.0,0.0,0.0,0.0,0.0,0.0,0.0,0.0,0.0,0.0,0.0,0.0,0.0,0.0,0.0,0.0,0.0,0.0,0.0,0.0,0.0,0.0,0.0,0.0,0.0,0.0,0.0,0.0,0.0,0.0,0.0,0.0,0.0,0.0,0.0,0.0,0.0,0.0,0.0,0.0,0.0,0.0,0.0,0.0,0.0,0.0,0.0,0.0,0.0,0.0,0.0,0.0,0.0,0.0,0.0,0.0,0.0,0.0,0.0,0.0,0.0,0.0,0.0,0.0,0.0,0.0,0.0,0.0,0.0,0.0,0.0,0.0,0.0,0.0,0.0,0.0,0.0,0.0,0.0,0.0,0.0,0.0,0.0,0.0,0.0,0.0,0.0,0.0,0.0,0.0,0.0,0.0,0.0,0.0,0.0,0.0,0.0,0.0,0.0,0.0,0.0,0.0,0.0,0.0,0.0,0.0,0.0,0.0,0.0,0.0,0.0,0.0,0.0,0.0,0.0,0.0,0.0,0.0,0.0,0.0,0.0,0.0,0.0,0.0,0.0,0.0,0.0,0.0,0.0,0.0,0.0,0.0,0.0,0.0,0.0,0.0,0.0,0.0,0.0,0.0,0.0,0.0,0.0,0.0,0.0,0.0,0.0,0.0,0.0,0.0,0.0,0.0,0.0,0.0,0.0,0.0,0.0,0.0,0.0,0.0,0.0,0.0,0.0,0.0,0.0,0.0,0.0,0.0,0.0,0.0,0.0,0.0,0.0,0.0,0.0,0.0,0.0,0.0,0.0,0.0,0.0,0.0,0.0,0.0,0.0,0.0,0.0,0.0,0.0,0.0,0.0,0.0,0.0,0.0,0.0,0.0,0.0,0.0,0.0,0.0,0.0,0.0,0.0,0.0,0.0,0.0,0.0,0.0,0.0,0.0,0.0,0.0,0.0,0.0,0.0,0.0,0.0,0.0,0.0,0.0,0.0,0.0,0.0,0.0,0.0,0.0,0.0,0.0,0.0,0.0,0.0,0.0,0.0,0.0,0.0,0.0,0.0,0.0,0.0,0.0,0.0,0.0,0.0,0.0,0.0,0.0,0.0,0.0,0.0,0.0,0.0,0.0,0.0,0.0,0.0,0.0,0.0,0.0,0.0,0.0,0.0,0.0,0.0,0.0,0.0,0.0,0.0,0.0,0.0,0.0,0.0,0.0,0.0,0.0,0.0,0.0,0.0,0.0,0.0,0.0,0.0,0.0,0.0,0.0,0.0,0.0,0.0,0.0,0.0,0.0,0.0,0.0,0.0,0.0,0.0,0.0,0.0,0.0,0.0,0.0,0.0,0.0,0.0,0.0,0.0,0.0,0.0,0.0,0.0,0.0,0.0,0.0,0.0,0.0,0.0,0.0,0.0,0.0,0.0,0.0,0.0,0.0,0.0,0.0,0.0,0.0,0.0,0.0,0.0,0.0,0.0,0.0,0.0,0.0,0.0,0.0,0.0,0.0,0.0,0.0,0.0
Tax41,0.0,-1.7665039,-1.5575914,-1.3260795,-1.1079843,-0.89151144,-0.67915386,-0.47243297,-0.2722247,-0.07897284,0.106485955,0.2842082,0.45326322,0.61269593,0.76316184,0.92034227,1.0854411,1.2339191,1.4040109,1.506839,1.6489623,1.7841446,1.9342518,2.05885,2.22626,2.3836622,2.5378773,2.6138625,2.689779,2.808939,2.8879678,3.035191,3.278627,3.415057,3.5936522,3.6577766,3.923121,3.9541414,3.9780602,3.9452915,3.879572,3.990652,4.2117114,4.4910264,4.667155,4.9268045,4.970558,5.0371485,4.933292,4.889701,5.118633,5.1323123,5.258711,5.280576,5.268126,5.1729655,5.048982,5.0450172,4.779004,4.6041045,4.134555,3.8344574,3.681453,3.502519,3.4817588,3.5462132,-0.74298644,-0.6302456,3.804423,3.9082632,4.080372,4.089777,4.045805,-0.6689474,4.0459085,-0.63309723,-0.6080389,-0.5348097,-0.50479364,-0.4508166,-0.40158874,-0.31301433,-0.31237888,-0.24130452,-0.16458027,-0.049538717,5.180676,5.211504,5.2674255,5.1553407,5.4094987,5.5069838,5.3914332,5.333318,5.1012177,4.746145,4.6309395,4.7014756,4.4992433,4.395894,4.37939,4.0522075,3.9663088,3.9448783,3.8452117,3.7133493,3.5474844,3.544604,3.4272943,3.390286,3.2366197,3.0588543,2.957211,2.7408626,2.5940273,-2.4034433,-2.3948398,-2.3850648,-2.4042015,-2.4273481,-2.4891217,-2.4997401,-2.6026719,-2.6627562,-2.7572734,-2.7721424,-2.8438816,-2.9391794,-3.0812464,-3.0898714,-3.1290064,-3.1948977,-3.193193,-3.2110639,-3.2482555,-3.301962,-3.3787827,-3.440177,-3.4655986,-3.468844,-3.4894464,-3.5188417,-3.5066786,-3.4594178,-3.4308424,-3.4066405,-3.367653,-3.3471556,-3.3075597,-3.2639844,-3.2144997,-3.144292,-3.0234556,-2.8964908,-2.7805986,-2.6686935,-2.5803778,-2.502396,-2.444847,-2.3715003,-2.3250484,-2.251575,-2.2278812,-2.204435,-2.1765513,-2.1199505,-2.0734794,-2.006769,-1.9747261,-1.9261068,-1.8601049,-1.7886275,-1.7522128,-1.7221546,-1.6528046,-1.5749,-1.5617675,-1.5409274,-1.4942926,-1.4211204,-1.3768798,-1.3722923,-1.4035,-1.442709,-1.4555284,-1.4455154,-1.4355437,-1.4251974,-1.3979024,-1.3890066,-1.3437124,-1.3294957,-1.3005241,-1.280811,-1.2513587,-1.2238214,-1.2040992,-1.1410592,-1.1271623,-1.0877761,-1.0627073,-1.0326169,-0.984767,-0.9646337,-0.93866915,-0.8876072,-0.8462966,-0.82615286,-0.8006342,-0.7671316,-0.74850553,-0.70810956,-0.6356794,-0.5875546,-0.5532914,-0.53828907,-0.4877489,-0.46885973,-0.4338231,-0.42639315,-0.40904677,-0.3786323,-0.360898,-0.33220184,-0.32006595,-0.29299092,-0.28348824,-0.2482755,-0.2337044,-0.22956274,-0.22131254,-0.21106778,-0.19838436,-0.18793173,-0.18062536,-0.17351413,-0.16635379,-0.1521086,-0.14942835,-0.14337628,-0.12799656,-0.12573814,-0.12352996,-0.121374115,-0.114236645,-0.10895569,-0.09843031,-0.096694395,-0.08910499,-0.080536835,-0.06827407,-0.061356913,-0.060275536,-0.055705164,-0.05471919,-0.053755872,-0.052813265,-0.051887088,-0.050976444,-0.050084163,-0.049208026,-0.048337556,-0.044200722,-0.043416113,-0.040523075,-0.036933042,-0.03406184,-0.031468526,-0.030916259,-0.03037179,-0.024731122,-0.024291,-0.02386123,-0.02343891,-0.02302394,-0.022616165,-0.022213807,-0.020324588,-0.019961791,-0.017963966,-0.017644888,-0.017332278,-0.015175027,-0.014903988,-0.014636939,-0.014372474,-0.014112014,-0.012346806,-0.012123629,-0.011903351,-0.01169,-0.009978002,-0.009802585,-0.0060552163,-0.005943793,-0.0040904186,-0.0040057357,-0.0039148284,-0.0038172351,-0.0037158595,-0.0020909605,-0.0020379075,-0.0019784684,-0.0019162517,-0.0018529297,-0.0017887533,-0.0017216664,-0.0016546696,-0.0015847449,-0.0015018354,-0.001415542,-0.0013180835,-0.0012193888,-0.0011157456,-0.0010034078,-0.00088551716,-0.0007468419,-0.00059127796,-0.000415381,-0.0002525444,-5.031022e-05,0.00028054506,0.000821539,0.0,0.0,0.0,0.0,0.0,0.0,0.0,0.0,0.0,0.0,0.0,0.0,0.0,0.0,0.0,0.0,0.0,0.0,0.0,0.0,0.0,0.0,0.0,0.0,0.0,0.0,0.0,0.0,0.0,0.0,0.0,0.0,0.0,0.0,0.0,0.0,0.0,0.0,0.0,0.0,0.0,0.0,0.0,0.0,0.0,0.0,0.0,0.0,0.0,0.0,0.0,0.0,0.0,0.0,0.0,0.0,0.0,0.0,0.0,0.0,0.0,0.0,0.0,0.0,0.0,0.0,0.0,0.0,0.0,0.0,0.0,0.0,0.0,0.0,0.0,0.0,0.0,0.0,0.0,0.0,0.0,0.0,0.0,0.0,0.0,0.0,0.0,0.0,0.0,0.0,0.0,0.0,0.0,0.0,0.0,0.0,0.0,0.0,0.0,0.0,0.0,0.0,0.0,0.0,0.0,0.0,0.0,0.0,0.0,0.0,0.0,0.0,0.0,0.0,0.0,0.0,0.0,0.0,0.0,0.0,0.0,0.0,0.0,0.0,0.0,0.0,0.0,0.0,0.0,0.0,0.0,0.0,0.0,0.0,0.0,0.0,0.0,0.0,0.0,0.0,0.0,0.0,0.0,0.0,0.0,0.0,0.0,0.0,0.0,0.0,0.0,0.0,0.0,0.0,0.0,0.0,0.0,0.0,0.0,0.0,0.0,0.0,0.0,0.0,0.0,0.0,0.0,0.0,0.0,0.0,0.0,0.0,0.0,0.0,0.0,0.0,0.0,0.0,0.0,0.0,0.0,0.0,0.0,0.0,0.0,0.0,0.0,0.0,0.0,0.0,0.0,0.0,0.0,0.0,0.0,0.0,0.0,0.0,0.0,0.0,0.0,0.0,0.0,0.0,0.0,0.0,0.0,0.0,0.0,0.0,0.0,0.0,0.0,0.0,0.0,0.0,0.0,0.0,0.0,0.0,0.0,0.0,0.0,0.0,0.0,0.0,0.0,0.0,0.0,0.0,0.0,0.0,0.0,0.0,0.0,0.0,0.0,0.0,0.0,0.0,0.0,0.0,0.0,0.0,0.0,0.0,0.0,0.0,0.0,0.0,0.0,0.0,0.0,0.0,0.0,0.0,0.0,0.0,0.0,0.0,0.0,0.0,0.0,0.0,0.0,0.0,0.0,0.0,0.0,0.0,0.0,0.0,0.0,0.0,0.0,0.0,0.0,0.0,0.0,0.0,0.0,0.0,0.0,0.0,0.0,0.0,0.0,0.0,0.0,0.0,0.0,0.0,0.0,0.0,0.0,0.0,0.0,0.0,0.0,0.0,0.0,0.0,0.0,0.0,0.0,0.0,0.0,0.0,0.0,0.0,0.0,0.0,0.0,0.0,0.0,0.0,0.0,0.0,0.0,0.0,0.0,0.0,0.0,0.0,0.0,0.0,0.0,0.0,0.0,0.0,0.0,0.0,0.0,0.0,0.0,0.0,0.0,0.0,0.0,0.0,0.0,0.0,0.0,0.0,0.0,0.0,0.0,0.0,0.0,0.0,0.0,0.0,0.0,0.0,0.0,0.0,0.0,0.0,0.0,0.0,0.0,0.0,0.0,0.0,0.0,0.0,0.0,0.0,0.0,0.0,0.0,0.0,0.0,0.0,0.0,0.0,0.0,0.0,0.0,0.0,0.0,0.0,0.0,0.0,0.0,0.0,0.0,0.0,0.0,0.0,0.0,0.0,0.0,0.0,0.0,0.0,0.0,0.0,0.0,0.0,0.0,0.0,0.0,0.0,0.0,0.0,0.0,0.0,0.0,0.0,0.0,0.0,0.0,0.0,0.0,0.0,0.0,0.0,0.0,0.0,0.0,0.0,0.0,0.0,0.0,0.0,0.0,0.0,0.0,0.0,0.0,0.0,0.0,0.0,0.0,0.0,0.0,0.0,0.0,0.0,0.0,0.0,0.0,0.0,0.0,0.0,0.0,0.0,0.0,0.0,0.0,0.0,0.0,0.0,0.0,0.0,0.0,0.0,0.0,0.0,0.0,0.0,0.0,0.0,0.0,0.0,0.0,0.0,0.0,0.0,0.0,0.0,0.0,0.0,0.0,0.0,0.0,0.0,0.0,0.0,0.0,0.0,0.0,0.0,0.0,0.0,0.0,0.0,0.0,0.0,0.0,0.0,0.0,0.0,0.0,0.0,0.0,0.0,0.0,0.0,0.0,0.0,0.0,0.0,0.0,0.0,0.0,0.0,0.0,0.0,0.0,0.0,0.0,0.0,0.0,0.0,0.0,0.0,0.0,0.0,0.0,0.0,0.0,0.0,0.0,0.0,0.0,0.0,0.0,0.0,0.0,0.0,0.0,0.0,0.0,0.0,0.0,0.0,0.0,0.0,0.0,0.0,0.0,0.0,0.0,0.0,0.0,0.0,0.0,0.0,0.0,0.0,0.0,0.0,0.0,0.0,0.0,0.0,0.0,0.0,0.0,0.0,0.0,0.0,0.0,0.0,0.0,0.0,0.0,0.0,0.0,0.0,0.0,0.0,0.0,0.0,0.0,0.0,0.0,0.0,0.0,0.0,0.0,0.0,0.0,0.0,0.0,0.0,0.0,0.0,0.0,0.0,0.0,0.0,0.0,0.0,0.0,0.0,0.0,0.0,0.0,0.0,0.0,0.0,0.0,0.0,0.0,0.0,0.0,0.0,0.0,0.0,0.0,0.0,0.0,0.0,0.0,0.0,0.0,0.0,0.0,0.0,0.0,0.0,0.0,0.0,0.0,0.0,0.0,0.0,0.0,0.0,0.0,0.0,0.0,0.0,0.0,0.0,0.0,0.0,0.0,0.0,0.0,0.0,0.0,0.0,0.0,0.0,0.0,0.0,0.0,0.0,0.0,0.0,0.0,0.0,0.0,0.0,0.0,0.0,0.0,0.0,0.0,0.0,0.0,0.0,0.0,0.0,0.0,0.0,0.0,0.0,0.0,0.0,0.0,0.0,0.0,0.0,0.0,0.0,0.0,0.0,0.0,0.0,0.0,0.0,0.0,0.0,0.0,0.0,0.0,0.0,0.0,0.0,0.0,0.0,0.0,0.0,0.0,0.0,0.0,0.0,0.0,0.0,0.0,0.0,0.0,0.0,0.0,0.0,0.0,0.0,0.0,0.0,0.0,0.0,0.0,0.0,0.0,0.0,0.0,0.0,0.0,0.0,0.0,0.0,0.0,0.0,0.0,0.0,0.0,0.0,0.0,0.0,0.0,0.0,0.0,0.0,0.0,0.0,0.0,0.0,0.0,0.0,0.0,0.0,0.0,0.0,0.0,0.0,0.0,0.0,0.0,0.0,0.0,0.0,0.0,0.0,0.0,0.0,0.0,0.0,0.0,0.0,0.0,0.0,0.0,0.0,0.0,0.0,0.0,0.0,0.0,0.0,0.0,0.0,0.0,0.0,0.0,0.0,0.0,0.0,0.0,0.0,0.0,0.0,0.0,0.0,0.0,0.0,0.0,0.0,0.0,0.0,0.0,0.0,0.0,0.0,0.0,0.0,0.0,0.0,0.0,0.0,0.0,0.0,0.0,0.0,0.0,0.0,0.0,0.0,0.0,0.0,0.0,0.0,0.0,0.0,0.0,0.0,0.0,0.0,0.0,0.0,0.0,0.0,0.0,0.0,0.0,0.0,0.0,0.0,0.0,0.0,0.0,0.0,0.0,0.0,0.0,0.0,0.0,0.0,0.0,0.0,0.0,0.0,0.0,0.0,0.0,0.0,0.0,0.0,0.0,0.0,0.0,0.0,0.0,0.0,0.0,0.0,0.0,0.0,0.0,0.0,0.0,0.0,0.0,0.0,0.0,0.0,0.0,0.0,0.0,0.0,0.0,0.0,0.0,0.0,0.0,0.0,0.0,0.0,0.0,0.0,0.0,0.0,0.0,0.0,0.0,0.0,0.0,0.0,0.0,0.0,0.0,0.0,0.0,0.0,0.0,0.0,0.0,0.0,0.0,0.0,0.0,0.0,0.0,0.0,0.0,0.0,0.0,0.0,0.0,0.0,0.0,0.0,0.0,0.0,0.0,0.0,0.0,0.0,0.0,0.0,0.0,0.0,0.0,0.0,0.0,0.0,0.0,0.0,0.0,0.0,0.0,0.0,0.0,0.0,0.0,0.0,0.0,0.0,0.0,0.0,0.0,0.0,0.0,0.0,0.0,0.0,0.0,0.0,0.0,0.0,0.0,0.0,0.0,0.0,0.0,0.0,0.0,0.0,0.0,0.0,0.0,0.0,0.0,0.0,0.0,0.0,0.0,0.0,0.0,0.0,0.0,0.0,0.0,0.0,0.0,0.0,0.0,0.0,0.0,0.0,0.0,0.0,0.0,0.0,0.0,0.0,0.0,0.0,0.0,0.0,0.0,0.0,0.0,0.0,0.0,0.0,0.0,0.0,0.0,0.0,0.0,0.0,0.0,0.0,0.0,0.0,0.0,0.0,0.0,0.0,0.0,0.0,0.0,0.0,0.0,0.0,0.0,0.0,0.0,0.0,0.0,0.0,0.0,0.0,0.0,0.0,0.0,0.0,0.0,0.0,0.0,0.0,0.0,0.0,0.0,0.0,0.0,0.0,0.0,0.0,0.0,0.0,0.0,0.0,0.0,0.0,0.0,0.0,0.0,0.0,0.0,0.0,0.0,0.0,0.0,0.0,0.0,0.0,0.0,0.0,0.0,0.0,0.0,0.0,0.0,0.0,0.0,0.0,0.0,0.0,0.0,0.0,0.0,0.0,0.0,0.0,0.0,0.0,0.0,0.0,0.0,0.0,0.0,0.0,0.0,0.0,0.0,0.0,0.0,0.0,0.0,0.0,0.0,0.0,0.0,0.0,0.0,0.0,0.0,0.0,0.0,0.0,0.0,0.0,0.0,0.0,0.0,0.0,0.0,0.0,0.0,0.0,0.0,0.0,0.0,0.0,0.0,0.0,0.0,0.0,0.0,0.0,0.0,0.0,0.0,0.0,0.0,0.0,0.0,0.0,0.0,0.0,0.0,0.0,0.0,0.0,0.0,0.0,0.0,0.0,0.0,0.0,0.0,0.0,0.0,0.0,0.0,0.0,0.0,0.0,0.0,0.0,0.0,0.0,0.0,0.0,0.0,0.0,0.0,0.0,0.0,0.0,0.0,0.0,0.0,0.0,0.0,0.0,0.0,0.0,0.0,0.0,0.0,0.0,0.0,0.0,0.0,0.0,0.0,0.0,0.0,0.0,0.0,0.0,0.0,0.0,0.0,0.0,0.0,0.0,0.0,0.0,0.0,0.0,0.0,0.0,0.0,0.0,0.0,0.0,0.0,0.0,0.0,0.0,0.0,0.0,0.0,0.0,0.0,0.0,0.0,0.0,0.0,0.0,0.0,0.0,0.0,0.0,0.0,0.0,0.0,0.0,0.0,0.0,0.0,0.0,0.0,0.0,0.0,0.0,0.0,0.0,0.0,0.0,0.0,0.0,0.0,0.0,0.0,0.0,0.0,0.0,0.0,0.0,0.0,0.0,0.0,0.0,0.0,0.0,0.0,0.0,0.0,0.0,0.0,0.0,0.0,0.0,0.0,0.0,0.0,0.0,0.0,0.0,0.0,0.0,0.0,0.0,0.0,0.0,0.0,0.0,0.0,0.0,0.0,0.0,0.0,0.0,0.0,0.0,0.0,0.0,0.0,0.0,0.0,0.0,0.0,0.0,0.0,0.0,0.0,0.0,0.0,0.0,0.0,0.0,0.0,0.0,0.0,0.0,0.0,0.0,0.0,0.0,0.0,0.0,0.0,0.0,0.0,0.0,0.0,0.0,0.0,0.0,0.0,0.0,0.0,0.0,0.0,0.0,0.0,0.0,0.0,0.0,0.0,0.0,0.0,0.0,0.0,0.0,0.0,0.0,0.0,0.0,0.0,0.0,0.0,0.0,0.0,0.0,0.0,0.0,0.0,0.0,0.0,0.0,0.0,0.0,0.0,0.0,0.0,0.0,0.0,0.0,0.0,0.0,0.0,0.0,0.0,0.0,0.0,0.0,0.0,0.0,0.0,0.0,0.0,0.0,0.0,0.0,0.0,0.0,0.0,0.0,0.0,0.0,0.0,0.0,0.0,0.0,0.0,0.0,0.0,0.0,0.0,0.0,0.0,0.0,0.0,0.0,0.0,0.0,0.0,0.0,0.0,0.0,0.0,0.0,0.0,0.0,0.0,0.0,0.0,0.0,0.0,0.0,0.0,0.0,0.0,0.0,0.0,0.0,0.0,0.0,0.0,0.0,0.0,0.0,0.0,0.0,0.0,0.0,0.0,0.0,0.0,0.0,0.0,0.0,0.0,0.0,0.0,0.0,0.0,0.0,0.0,0.0,0.0,0.0,0.0,0.0,0.0,0.0,0.0,0.0,0.0,0.0,0.0,0.0,0.0,0.0,0.0,0.0,0.0,0.0,0.0,0.0,0.0,0.0,0.0,0.0,0.0,0.0,0.0,0.0,0.0,0.0,0.0,0.0,0.0,0.0,0.0,0.0,0.0,0.0,0.0,0.0,0.0,0.0,0.0,0.0,0.0,0.0,0.0,0.0,0.0,0.0,0.0,0.0,0.0,0.0,0.0,0.0,0.0,0.0,0.0,0.0,0.0,0.0,0.0,0.0,0.0,0.0,0.0,0.0,0.0,0.0,0.0,0.0,0.0,0.0,0.0,0.0,0.0,0.0,0.0,0.0,0.0,0.0,0.0,0.0,0.0,0.0,0.0,0.0,0.0,0.0,0.0,0.0,0.0,0.0,0.0,0.0,0.0,0.0,0.0,0.0,0.0,0.0,0.0,0.0,0.0,0.0,0.0,0.0,0.0,0.0,0.0,0.0,0.0,0.0,0.0,0.0,0.0,0.0,0.0,0.0,0.0,0.0,0.0,0.0,0.0,0.0,0.0,0.0,0.0,0.0,0.0,0.0,0.0,0.0,0.0,0.0,0.0,0.0,0.0,0.0,0.0,0.0,0.0,0.0,0.0,0.0,0.0,0.0,0.0,0.0,0.0,0.0,0.0,0.0,0.0,0.0,0.0,0.0,0.0,0.0,0.0,0.0,0.0,0.0,0.0,0.0,0.0,0.0,0.0,0.0,0.0,0.0,0.0,0.0,0.0,0.0,0.0,0.0,0.0,0.0,0.0,0.0,0.0,0.0,0.0,0.0,0.0,0.0,0.0,0.0,0.0,0.0,0.0,0.0,0.0,0.0,0.0,0.0,0.0,0.0,0.0,0.0,0.0,0.0,0.0,0.0,0.0,0.0,0.0,0.0,0.0,0.0,0.0,0.0,0.0,0.0,0.0,0.0,0.0,0.0,0.0,0.0,0.0,0.0,0.0,0.0,0.0,0.0,0.0,0.0,0.0,0.0,0.0,0.0,0.0,0.0,0.0,0.0,0.0,0.0,0.0,0.0,0.0,0.0,0.0,0.0,0.0,0.0,0.0,0.0,0.0,0.0,0.0,0.0,0.0,0.0,0.0,0.0,0.0,0.0,0.0,0.0,0.0,0.0,0.0,0.0,0.0,0.0,0.0,0.0,0.0,0.0,0.0,0.0,0.0,0.0,0.0,0.0,0.0,0.0,0.0,0.0,0.0,0.0,0.0,0.0,0.0,0.0,0.0,0.0,0.0,0.0,0.0,0.0,0.0,0.0,0.0,0.0,0.0,0.0,0.0,0.0,0.0,0.0,0.0,0.0,0.0,0.0,0.0,0.0,0.0,0.0,0.0,0.0,0.0,0.0,0.0,0.0,0.0,0.0,0.0,0.0,0.0,0.0,0.0,0.0,0.0,0.0,0.0,0.0,0.0,0.0,0.0,0.0,0.0,0.0,0.0,0.0,0.0,0.0,0.0,0.0,0.0,0.0,0.0,0.0,0.0,0.0,0.0,0.0,0.0,0.0,0.0,0.0,0.0,0.0,0.0,0.0,0.0,0.0,0.0,0.0,0.0,0.0,0.0,0.0,0.0,0.0,0.0,0.0,0.0,0.0,0.0,0.0,0.0,0.0,0.0,0.0,0.0,0.0,0.0,0.0,0.0,0.0,0.0,0.0,0.0,0.0,0.0,0.0,0.0,0.0,0.0,0.0,0.0,0.0,0.0,0.0,0.0,0.0,0.0,0.0,0.0,0.0,0.0,0.0,0.0,0.0,0.0,0.0,0.0,0.0,0.0,0.0,0.0,0.0,0.0,0.0,0.0,0.0,0.0,0.0,0.0,0.0,0.0,0.0,0.0,0.0,0.0,0.0,0.0,0.0,0.0,0.0,0.0,0.0,0.0,0.0,0.0,0.0,0.0,0.0,0.0,0.0,0.0,0.0,0.0,0.0,0.0,0.0,0.0,0.0,0.0,0.0,0.0,0.0,0.0,0.0,0.0,0.0,0.0,0.0,0.0,0.0,0.0,0.0,0.0,0.0,0.0,0.0,0.0,0.0,0.0,0.0,0.0,0.0,0.0,0.0,0.0,0.0,0.0,0.0,0.0,0.0,0.0,0.0,0.0,0.0,0.0,0.0,0.0,0.0,0.0,0.0,0.0,0.0,0.0,0.0,0.0,0.0,0.0,0.0,0.0,0.0,0.0,0.0,0.0,0.0,0.0,0.0,0.0,0.0,0.0,0.0,0.0,0.0,0.0,0.0,0.0,0.0,0.0,0.0,0.0,0.0,0.0,0.0,0.0,0.0,0.0,0.0,0.0,0.0,0.0,0.0,0.0,0.0,0.0,0.0,0.0,0.0,0.0,0.0,0.0,0.0,0.0,0.0,0.0,0.0,0.0,0.0,0.0,0.0,0.0,0.0,0.0,0.0,0.0,0.0,0.0,0.0,0.0,0.0,0.0,0.0,0.0,0.0,0.0,0.0,0.0,0.0,0.0,0.0,0.0,0.0,0.0,0.0,0.0,0.0,0.0,0.0,0.0,0.0,0.0,0.0,0.0,0.0,0.0,0.0,0.0,0.0,0.0,0.0,0.0,0.0,0.0,0.0,0.0,0.0,0.0,0.0,0.0,0.0,0.0,0.0,0.0,0.0,0.0,0.0,0.0,0.0,0.0,0.0,0.0,0.0,0.0,0.0,0.0,0.0,0.0,0.0,0.0,0.0,0.0,0.0,0.0,0.0,0.0,0.0,0.0,0.0,0.0,0.0,0.0,0.0,0.0,0.0,0.0,0.0,0.0,0.0,0.0,0.0,0.0,0.0,0.0,0.0,0.0,0.0,0.0,0.0,0.0,0.0,0.0,0.0,0.0,0.0,0.0,0.0,0.0,0.0,0.0,0.0,0.0,0.0,0.0,0.0,0.0,0.0,0.0,0.0,0.0,0.0,0.0,0.0,0.0,0.0,0.0,0.0,0.0,0.0,0.0,0.0,0.0,0.0,0.0,0.0,0.0,0.0,0.0,0.0,0.0,0.0,0.0,0.0,0.0,0.0,0.0,0.0,0.0,0.0,0.0,0.0,0.0,0.0,0.0,0.0,0.0,0.0,0.0,0.0,0.0,0.0,0.0,0.0,0.0,0.0,0.0,0.0,0.0,0.0,0.0,0.0,0.0,0.0,0.0,0.0,0.0,0.0,0.0,0.0,0.0,0.0,0.0,0.0,0.0,0.0,0.0,0.0,0.0,0.0,0.0,0.0,0.0,0.0,0.0,0.0,0.0,0.0,0.0,0.0,0.0,0.0,0.0,0.0,0.0,0.0,0.0,0.0,0.0,0.0,0.0,0.0,0.0,0.0,0.0,0.0,0.0,0.0,0.0,0.0,0.0,0.0,0.0,0.0,0.0,0.0,0.0,0.0,0.0,0.0,0.0,0.0,0.0,0.0,0.0,0.0,0.0,0.0,0.0,0.0,0.0,0.0,0.0,0.0,0.0,0.0,0.0,0.0,0.0,0.0,0.0,0.0,0.0,0.0,0.0,0.0,0.0,0.0,0.0,0.0,0.0,0.0,0.0,0.0,0.0,0.0,0.0,0.0,0.0,0.0,0.0,0.0,0.0,0.0,0.0,0.0,0.0,0.0,0.0,0.0,0.0,0.0,0.0,0.0,0.0,0.0,0.0,0.0,0.0,0.0,0.0,0.0,0.0,0.0,0.0,0.0,0.0,0.0,0.0,0.0,0.0,0.0,0.0,0.0,0.0,0.0,0.0,0.0,0.0,0.0,0.0,0.0,0.0,0.0,0.0,0.0,0.0,0.0,0.0,0.0,0.0,0.0,0.0,0.0,0.0,0.0,0.0,0.0,0.0,0.0,0.0,0.0,0.0,0.0,0.0,0.0,0.0,0.0,0.0,0.0,0.0,0.0,0.0,0.0,0.0,0.0,0.0,0.0,0.0,0.0,0.0,0.0,0.0,0.0,0.0,0.0,0.0,0.0,0.0,0.0,0.0,0.0,0.0,0.0,0.0,0.0,0.0,0.0,0.0,0.0,0.0,0.0,0.0,0.0,0.0,0.0,0.0,0.0,0.0,0.0,0.0,0.0,0.0,0.0,0.0,0.0,0.0,0.0,0.0,0.0,0.0,0.0,0.0,0.0,0.0,0.0,0.0,0.0,0.0,0.0,0.0,0.0,0.0,0.0,0.0,0.0,0.0,0.0,0.0,0.0,0.0,0.0,0.0,0.0,0.0,0.0,0.0,0.0,0.0,0.0,0.0,0.0,0.0,0.0,0.0,0.0,0.0,0.0,0.0,0.0,0.0,0.0,0.0,0.0,0.0,0.0,0.0,0.0,0.0,0.0,0.0,0.0,0.0,0.0,0.0,0.0,0.0,0.0,0.0,0.0,0.0,0.0,0.0,0.0,0.0,0.0,0.0,0.0,0.0,0.0,0.0,0.0,0.0,0.0,0.0,0.0,0.0,0.0,0.0,0.0,0.0,0.0,0.0,0.0,0.0,0.0,0.0,0.0,0.0,0.0,0.0,0.0,0.0,0.0,0.0,0.0,0.0,0.0,0.0,0.0,0.0,0.0,0.0,0.0,0.0,0.0,0.0,0.0,0.0,0.0,0.0,0.0,0.0,0.0,0.0,0.0,0.0,0.0,0.0,0.0,0.0,0.0,0.0,0.0,0.0,0.0,0.0,0.0,0.0,0.0,0.0,0.0,0.0,0.0,0.0,0.0,0.0,0.0,0.0,0.0,0.0,0.0,0.0,0.0,0.0,0.0,0.0,0.0,0.0,0.0,0.0,0.0,0.0,0.0,0.0,0.0,0.0,0.0,0.0,0.0,0.0,0.0,0.0,0.0,0.0,0.0,0.0,0.0,0.0,0.0,0.0,0.0,0.0,0.0,0.0,0.0,0.0,0.0,0.0,0.0,0.0,0.0,0.0,0.0,0.0,0.0,0.0,0.0,0.0,0.0,0.0,0.0,0.0,0.0,0.0,0.0,0.0,0.0,0.0,0.0,0.0,0.0,0.0,0.0,0.0,0.0,0.0,0.0,0.0,0.0,0.0,0.0,0.0,0.0,0.0,0.0,0.0,0.0
Tax42,0.0,-0.5781453,-0.48886335,-0.3743128,-0.24236977,-0.09870865,0.052628502,0.2086822,0.36714077,0.52630275,0.68462664,0.8408378,0.99356693,1.1418359,1.2855712,1.423879,1.556482,1.6716139,1.8039805,1.931201,2.0663989,2.1448035,2.2040944,2.33914,2.5072896,2.6334047,2.7512972,2.8458548,2.9225712,3.0048723,3.100588,3.1327193,3.27589,3.316516,3.3709521,3.5200279,3.614368,3.6485758,3.6939118,3.7784247,3.9268503,4.0358343,4.3011594,4.630096,4.717687,4.87912,5.0482187,5.0345654,5.2156057,5.309071,5.337841,5.351891,5.438688,5.504628,5.5912285,5.694742,5.779291,5.829185,5.5921774,5.4740143,5.183567,5.154291,4.998593,4.964266,4.956243,5.0825477,4.362711,4.549487,5.6740303,5.9030743,6.082589,6.1965494,6.2866483,5.361028,6.5471416,5.502604,5.7178245,5.907426,6.08977,6.312677,6.5462713,6.695941,6.7446704,7.057446,7.325505,7.5940127,9.224196,9.3632965,9.583135,10.010815,10.528696,10.945681,10.9466505,10.985438,11.08576,11.017514,10.922309,10.924726,11.002199,11.05234,11.252063,11.396207,11.355046,11.597802,11.559806,11.575411,11.590143,11.844705,11.993657,12.258242,12.246383,12.425598,12.49194,12.401306,12.205677,10.261359,10.492197,10.753055,10.827187,10.8668995,10.792556,10.734134,10.645072,10.5912285,10.6120205,10.44209,10.237842,9.832918,9.574375,9.3080845,8.933988,8.713642,8.563026,8.21704,7.970531,7.575873,7.1850696,6.7781696,6.2944703,5.812695,5.227989,4.668268,4.162303,3.6919084,3.29852,3.0154784,2.751836,2.3613045,2.0085597,1.6675904,1.4182156,1.3402267,1.6276726,1.9843768,2.2651203,2.5278971,2.7506764,2.941994,2.9633079,2.9437897,2.9573524,2.8766105,2.6889246,2.5125458,2.3609974,2.2281814,2.17899,2.2374897,2.172979,2.16427,2.1981463,2.2357256,2.2405233,2.128092,2.298536,2.3676896,2.204155,2.097382,2.0670576,2.1811738,2.232509,2.111043,1.703252,1.2784228,0.9893716,0.7660144,0.55051476,0.36275816,0.24574773,0.10760607,-0.011812348,-0.120753154,-0.17800707,-0.21299037,-0.25810704,-0.2899909,-0.32972977,-0.35301813,-0.36491007,-0.3801947,-0.39223155,-0.4093081,-0.3889436,-0.3848101,-0.38977757,-0.38469478,-0.38317955,-0.3706499,-0.37340915,-0.37776834,-0.36887115,-0.3350814,-0.3081622,-0.30696142,-0.2840095,-0.26798934,-0.25694865,-0.24054314,-0.20463769,-0.19101617,-0.16648717,-0.15768902,-0.14870356,-0.12780058,-0.1279437,-0.11983165,-0.08789163,-0.087681115,-0.07525901,-0.0746058,-0.056148924,-0.048708364,-0.048694544,-0.04046538,-0.019547705,-0.0059407465,-0.0058996286,0.0,0.0,0.0,0.0,0.0,0.0,0.0,0.0,0.0,0.0,0.0,0.0,0.0,0.0,0.0,0.0,0.0,0.0,0.0,0.0,0.0,0.0,0.0,0.0,0.0,0.0,0.0,0.0,0.0,0.0,0.0,0.0,0.0,0.0,0.0,0.0,0.0,0.0,0.0,0.0,0.0,0.0,0.0,0.0,0.0,0.0,0.0,0.0,0.0,0.0,0.0,0.0,0.0,0.0,0.0,0.0,0.0,0.0,0.0,0.0,0.0,0.0,0.0,0.0,0.0,0.0,0.0,0.0,0.0,0.0,0.0,0.0,0.0,0.0,0.0,0.0,0.0,0.0,0.0,0.0,0.0,0.0,0.0,0.0,0.0,0.0,0.0,0.0,0.0,0.0,0.0,0.0,0.0,0.0,0.0,0.0,0.0,0.0,0.0,0.0,0.0,0.0,0.0,0.0,0.0,0.0,0.0,0.0,0.0,0.0,0.0,0.0,0.0,0.0,0.0,0.0,0.0,0.0,0.0,0.0,0.0,0.0,0.0,0.0,0.0,0.0,0.0,0.0,0.0,0.0,0.0,0.0,0.0,0.0,0.0,0.0,0.0,0.0,0.0,0.0,0.0,0.0,0.0,0.0,0.0,0.0,0.0,0.0,0.0,0.0,0.0,0.0,0.0,0.0,0.0,0.0,0.0,0.0,0.0,0.0,0.0,0.0,0.0,0.0,0.0,0.0,0.0,0.0,0.0,0.0,0.0,0.0,0.0,0.0,0.0,0.0,0.0,0.0,0.0,0.0,0.0,0.0,0.0,0.0,0.0,0.0,0.0,0.0,0.0,0.0,0.0,0.0,0.0,0.0,0.0,0.0,0.0,0.0,0.0,0.0,0.0,0.0,0.0,0.0,0.0,0.0,0.0,0.0,0.0,0.0,0.0,0.0,0.0,0.0,0.0,0.0,0.0,0.0,0.0,0.0,0.0,0.0,0.0,0.0,0.0,0.0,0.0,0.0,0.0,0.0,0.0,0.0,0.0,0.0,0.0,0.0,0.0,0.0,0.0,0.0,0.0,0.0,0.0,0.0,0.0,0.0,0.0,0.0,0.0,0.0,0.0,0.0,0.0,0.0,0.0,0.0,0.0,0.0,0.0,0.0,0.0,0.0,0.0,0.0,0.0,0.0,0.0,0.0,0.0,0.0,0.0,0.0,0.0,0.0,0.0,0.0,0.0,0.0,0.0,0.0,0.0,0.0,0.0,0.0,0.0,0.0,0.0,0.0,0.0,0.0,0.0,0.0,0.0,0.0,0.0,0.0,0.0,0.0,0.0,0.0,0.0,0.0,0.0,0.0,0.0,0.0,0.0,0.0,0.0,0.0,0.0,0.0,0.0,0.0,0.0,0.0,0.0,0.0,0.0,0.0,0.0,0.0,0.0,0.0,0.0,0.0,0.0,0.0,0.0,0.0,0.0,0.0,0.0,0.0,0.0,0.0,0.0,0.0,0.0,0.0,0.0,0.0,0.0,0.0,0.0,0.0,0.0,0.0,0.0,0.0,0.0,0.0,0.0,0.0,0.0,0.0,0.0,0.0,0.0,0.0,0.0,0.0,0.0,0.0,0.0,0.0,0.0,0.0,0.0,0.0,0.0,0.0,0.0,0.0,0.0,0.0,0.0,0.0,0.0,0.0,0.0,0.0,0.0,0.0,0.0,0.0,0.0,0.0,0.0,0.0,0.0,0.0,0.0,0.0,0.0,0.0,0.0,0.0,0.0,0.0,0.0,0.0,0.0,0.0,0.0,0.0,0.0,0.0,0.0,0.0,0.0,0.0,0.0,0.0,0.0,0.0,0.0,0.0,0.0,0.0,0.0,0.0,0.0,0.0,0.0,0.0,0.0,0.0,0.0,0.0,0.0,0.0,0.0,0.0,0.0,0.0,0.0,0.0,0.0,0.0,0.0,0.0,0.0,0.0,0.0,0.0,0.0,0.0,0.0,0.0,0.0,0.0,0.0,0.0,0.0,0.0,0.0,0.0,0.0,0.0,0.0,0.0,0.0,0.0,0.0,0.0,0.0,0.0,0.0,0.0,0.0,0.0,0.0,0.0,0.0,0.0,0.0,0.0,0.0,0.0,0.0,0.0,0.0,0.0,0.0,0.0,0.0,0.0,0.0,0.0,0.0,0.0,0.0,0.0,0.0,0.0,0.0,0.0,0.0,0.0,0.0,0.0,0.0,0.0,0.0,0.0,0.0,0.0,0.0,0.0,0.0,0.0,0.0,0.0,0.0,0.0,0.0,0.0,0.0,0.0,0.0,0.0,0.0,0.0,0.0,0.0,0.0,0.0,0.0,0.0,0.0,0.0,0.0,0.0,0.0,0.0,0.0,0.0,0.0,0.0,0.0,0.0,0.0,0.0,0.0,0.0,0.0,0.0,0.0,0.0,0.0,0.0,0.0,0.0,0.0,0.0,0.0,0.0,0.0,0.0,0.0,0.0,0.0,0.0,0.0,0.0,0.0,0.0,0.0,0.0,0.0,0.0,0.0,0.0,0.0,0.0,0.0,0.0,0.0,0.0,0.0,0.0,0.0,0.0,0.0,0.0,0.0,0.0,0.0,0.0,0.0,0.0,0.0,0.0,0.0,0.0,0.0,0.0,0.0,0.0,0.0,0.0,0.0,0.0,0.0,0.0,0.0,0.0,0.0,0.0,0.0,0.0,0.0,0.0,0.0,0.0,0.0,0.0,0.0,0.0,0.0,0.0,0.0,0.0,0.0,0.0,0.0,0.0,0.0,0.0,0.0,0.0,0.0,0.0,0.0,0.0,0.0,0.0,0.0,0.0,0.0,0.0,0.0,0.0,0.0,0.0,0.0,0.0,0.0,0.0,0.0,0.0,0.0,0.0,0.0,0.0,0.0,0.0,0.0,0.0,0.0,0.0,0.0,0.0,0.0,0.0,0.0,0.0,0.0,0.0,0.0,0.0,0.0,0.0,0.0,0.0,0.0,0.0,0.0,0.0,0.0,0.0,0.0,0.0,0.0,0.0,0.0,0.0,0.0,0.0,0.0,0.0,0.0,0.0,0.0,0.0,0.0,0.0,0.0,0.0,0.0,0.0,0.0,0.0,0.0,0.0,0.0,0.0,0.0,0.0,0.0,0.0,0.0,0.0,0.0,0.0,0.0,0.0,0.0,0.0,0.0,0.0,0.0,0.0,0.0,0.0,0.0,0.0,0.0,0.0,0.0,0.0,0.0,0.0,0.0,0.0,0.0,0.0,0.0,0.0,0.0,0.0,0.0,0.0,0.0,0.0,0.0,0.0,0.0,0.0,0.0,0.0,0.0,0.0,0.0,0.0,0.0,0.0,0.0,0.0,0.0,0.0,0.0,0.0,0.0,0.0,0.0,0.0,0.0,0.0,0.0,0.0,0.0,0.0,0.0,0.0,0.0,0.0,0.0,0.0,0.0,0.0,0.0,0.0,0.0,0.0,0.0,0.0,0.0,0.0,0.0,0.0,0.0,0.0,0.0,0.0,0.0,0.0,0.0,0.0,0.0,0.0,0.0,0.0,0.0,0.0,0.0,0.0,0.0,0.0,0.0,0.0,0.0,0.0,0.0,0.0,0.0,0.0,0.0,0.0,0.0,0.0,0.0,0.0,0.0,0.0,0.0,0.0,0.0,0.0,0.0,0.0,0.0,0.0,0.0,0.0,0.0,0.0,0.0,0.0,0.0,0.0,0.0,0.0,0.0,0.0,0.0,0.0,0.0,0.0,0.0,0.0,0.0,0.0,0.0,0.0,0.0,0.0,0.0,0.0,0.0,0.0,0.0,0.0,0.0,0.0,0.0,0.0,0.0,0.0,0.0,0.0,0.0,0.0,0.0,0.0,0.0,0.0,0.0,0.0,0.0,0.0,0.0,0.0,0.0,0.0,0.0,0.0,0.0,0.0,0.0,0.0,0.0,0.0,0.0,0.0,0.0,0.0,0.0,0.0,0.0,0.0,0.0,0.0,0.0,0.0,0.0,0.0,0.0,0.0,0.0,0.0,0.0,0.0,0.0,0.0,0.0,0.0,0.0,0.0,0.0,0.0,0.0,0.0,0.0,0.0,0.0,0.0,0.0,0.0,0.0,0.0,0.0,0.0,0.0,0.0,0.0,0.0,0.0,0.0,0.0,0.0,0.0,0.0,0.0,0.0,0.0,0.0,0.0,0.0,0.0,0.0,0.0,0.0,0.0,0.0,0.0,0.0,0.0,0.0,0.0,0.0,0.0,0.0,0.0,0.0,0.0,0.0,0.0,0.0,0.0,0.0,0.0,0.0,0.0,0.0,0.0,0.0,0.0,0.0,0.0,0.0,0.0,0.0,0.0,0.0,0.0,0.0,0.0,0.0,0.0,0.0,0.0,0.0,0.0,0.0,0.0,0.0,0.0,0.0,0.0,0.0,0.0,0.0,0.0,0.0,0.0,0.0,0.0,0.0,0.0,0.0,0.0,0.0,0.0,0.0,0.0,0.0,0.0,0.0,0.0,0.0,0.0,0.0,0.0,0.0,0.0,0.0,0.0,0.0,0.0,0.0,0.0,0.0,0.0,0.0,0.0,0.0,0.0,0.0,0.0,0.0,0.0,0.0,0.0,0.0,0.0,0.0,0.0,0.0,0.0,0.0,0.0,0.0,0.0,0.0,0.0,0.0,0.0,0.0,0.0,0.0,0.0,0.0,0.0,0.0,0.0,0.0,0.0,0.0,0.0,0.0,0.0,0.0,0.0,0.0,0.0,0.0,0.0,0.0,0.0,0.0,0.0,0.0,0.0,0.0,0.0,0.0,0.0,0.0,0.0,0.0,0.0,0.0,0.0,0.0,0.0,0.0,0.0,0.0,0.0,0.0,0.0,0.0,0.0,0.0,0.0,0.0,0.0,0.0,0.0,0.0,0.0,0.0,0.0,0.0,0.0,0.0,0.0,0.0,0.0,0.0,0.0,0.0,0.0,0.0,0.0,0.0,0.0,0.0,0.0,0.0,0.0,0.0,0.0,0.0,0.0,0.0,0.0,0.0,0.0,0.0,0.0,0.0,0.0,0.0,0.0,0.0,0.0,0.0,0.0,0.0,0.0,0.0,0.0,0.0,0.0,0.0,0.0,0.0,0.0,0.0,0.0,0.0,0.0,0.0,0.0,0.0,0.0,0.0,0.0,0.0,0.0,0.0,0.0,0.0,0.0,0.0,0.0,0.0,0.0,0.0,0.0,0.0,0.0,0.0,0.0,0.0,0.0,0.0,0.0,0.0,0.0,0.0,0.0,0.0,0.0,0.0,0.0,0.0,0.0,0.0,0.0,0.0,0.0,0.0,0.0,0.0,0.0,0.0,0.0,0.0,0.0,0.0,0.0,0.0,0.0,0.0,0.0,0.0,0.0,0.0,0.0,0.0,0.0,0.0,0.0,0.0,0.0,0.0,0.0,0.0,0.0,0.0,0.0,0.0,0.0,0.0,0.0,0.0,0.0,0.0,0.0,0.0,0.0,0.0,0.0,0.0,0.0,0.0,0.0,0.0,0.0,0.0,0.0,0.0,0.0,0.0,0.0,0.0,0.0,0.0,0.0,0.0,0.0,0.0,0.0,0.0,0.0,0.0,0.0,0.0,0.0,0.0,0.0,0.0,0.0,0.0,0.0,0.0,0.0,0.0,0.0,0.0,0.0,0.0,0.0,0.0,0.0,0.0,0.0,0.0,0.0,0.0,0.0,0.0,0.0,0.0,0.0,0.0,0.0,0.0,0.0,0.0,0.0,0.0,0.0,0.0,0.0,0.0,0.0,0.0,0.0,0.0,0.0,0.0,0.0,0.0,0.0,0.0,0.0,0.0,0.0,0.0,0.0,0.0,0.0,0.0,0.0,0.0,0.0,0.0,0.0,0.0,0.0,0.0,0.0,0.0,0.0,0.0,0.0,0.0,0.0,0.0,0.0,0.0,0.0,0.0,0.0,0.0,0.0,0.0,0.0,0.0,0.0,0.0,0.0,0.0,0.0,0.0,0.0,0.0,0.0,0.0,0.0,0.0,0.0,0.0,0.0,0.0,0.0,0.0,0.0,0.0,0.0,0.0,0.0,0.0,0.0,0.0,0.0,0.0,0.0,0.0,0.0,0.0,0.0,0.0,0.0,0.0,0.0,0.0,0.0,0.0,0.0,0.0,0.0,0.0,0.0,0.0,0.0,0.0,0.0,0.0,0.0,0.0,0.0,0.0,0.0,0.0,0.0,0.0,0.0,0.0,0.0,0.0,0.0,0.0,0.0,0.0,0.0,0.0,0.0,0.0,0.0,0.0,0.0,0.0,0.0,0.0,0.0,0.0,0.0,0.0,0.0,0.0,0.0,0.0,0.0,0.0,0.0,0.0,0.0,0.0,0.0,0.0,0.0,0.0,0.0,0.0,0.0,0.0,0.0,0.0,0.0,0.0,0.0,0.0,0.0,0.0,0.0,0.0,0.0,0.0,0.0,0.0,0.0,0.0,0.0,0.0,0.0,0.0,0.0,0.0,0.0,0.0,0.0,0.0,0.0,0.0,0.0,0.0,0.0,0.0,0.0,0.0,0.0,0.0,0.0,0.0,0.0,0.0,0.0,0.0,0.0,0.0,0.0,0.0,0.0,0.0,0.0,0.0,0.0,0.0,0.0,0.0,0.0,0.0,0.0,0.0,0.0,0.0,0.0,0.0,0.0,0.0,0.0,0.0,0.0,0.0,0.0,0.0,0.0,0.0,0.0,0.0,0.0,0.0,0.0,0.0,0.0,0.0,0.0,0.0,0.0,0.0,0.0,0.0,0.0,0.0,0.0,0.0,0.0,0.0,0.0,0.0,0.0,0.0,0.0,0.0,0.0,0.0,0.0,0.0,0.0,0.0,0.0,0.0,0.0,0.0,0.0,0.0,0.0,0.0,0.0,0.0,0.0,0.0,0.0,0.0,0.0,0.0,0.0,0.0,0.0,0.0,0.0,0.0,0.0,0.0,0.0,0.0,0.0,0.0,0.0,0.0,0.0,0.0,0.0,0.0,0.0,0.0,0.0,0.0,0.0,0.0,0.0,0.0,0.0,0.0,0.0,0.0,0.0,0.0,0.0,0.0,0.0,0.0,0.0,0.0,0.0,0.0,0.0,0.0,0.0,0.0,0.0,0.0,0.0,0.0,0.0,0.0,0.0,0.0,0.0,0.0,0.0,0.0,0.0,0.0,0.0,0.0,0.0,0.0,0.0,0.0,0.0,0.0,0.0,0.0,0.0,0.0,0.0,0.0,0.0,0.0,0.0,0.0,0.0,0.0,0.0,0.0,0.0,0.0,0.0,0.0,0.0,0.0,0.0,0.0,0.0,0.0,0.0,0.0,0.0,0.0,0.0,0.0,0.0,0.0,0.0,0.0,0.0,0.0,0.0,0.0,0.0,0.0,0.0,0.0,0.0,0.0,0.0,0.0,0.0,0.0,0.0,0.0,0.0,0.0,0.0,0.0,0.0,0.0,0.0,0.0,0.0,0.0,0.0,0.0,0.0,0.0,0.0,0.0,0.0,0.0,0.0,0.0,0.0,0.0,0.0,0.0,0.0,0.0,0.0,0.0,0.0,0.0,0.0,0.0,0.0,0.0,0.0,0.0,0.0,0.0,0.0,0.0,0.0,0.0,0.0,0.0,0.0,0.0,0.0,0.0,0.0,0.0,0.0,0.0,0.0,0.0,0.0,0.0,0.0,0.0,0.0,0.0,0.0,0.0,0.0,0.0,0.0,0.0,0.0,0.0,0.0,0.0,0.0,0.0,0.0,0.0,0.0,0.0,0.0,0.0,0.0,0.0,0.0,0.0,0.0,0.0,0.0,0.0,0.0,0.0,0.0,0.0,0.0,0.0,0.0,0.0,0.0,0.0,0.0,0.0,0.0,0.0,0.0,0.0,0.0,0.0,0.0,0.0,0.0,0.0,0.0,0.0,0.0,0.0,0.0,0.0,0.0,0.0,0.0,0.0,0.0,0.0,0.0,0.0,0.0,0.0,0.0,0.0,0.0,0.0,0.0,0.0,0.0,0.0,0.0,0.0,0.0,0.0,0.0,0.0,0.0,0.0,0.0,0.0,0.0,0.0,0.0,0.0,0.0,0.0,0.0,0.0,0.0,0.0,0.0,0.0,0.0,0.0,0.0,0.0,0.0,0.0,0.0,0.0,0.0,0.0,0.0,0.0,0.0,0.0,0.0,0.0,0.0,0.0,0.0,0.0,0.0,0.0,0.0,0.0,0.0,0.0,0.0,0.0,0.0,0.0,0.0,0.0,0.0,0.0,0.0,0.0,0.0,0.0,0.0,0.0,0.0,0.0,0.0,0.0,0.0,0.0,0.0,0.0,0.0,0.0,0.0,0.0,0.0,0.0,0.0,0.0,0.0,0.0,0.0,0.0,0.0,0.0,0.0,0.0,0.0,0.0,0.0,0.0,0.0,0.0,0.0,0.0,0.0,0.0,0.0,0.0,0.0,0.0,0.0,0.0,0.0,0.0,0.0,0.0,0.0,0.0,0.0,0.0,0.0,0.0,0.0,0.0,0.0,0.0,0.0,0.0,0.0,0.0,0.0,0.0,0.0,0.0,0.0,0.0,0.0,0.0,0.0,0.0,0.0,0.0,0.0,0.0,0.0,0.0,0.0,0.0,0.0,0.0,0.0,0.0,0.0,0.0,0.0,0.0,0.0,0.0,0.0,0.0,0.0,0.0,0.0,0.0,0.0,0.0,0.0,0.0,0.0,0.0,0.0,0.0,0.0,0.0,0.0,0.0,0.0,0.0,0.0,0.0,0.0,0.0,0.0,0.0,0.0,0.0,0.0,0.0,0.0,0.0,0.0,0.0,0.0,0.0,0.0,0.0,0.0,0.0,0.0,0.0,0.0,0.0,0.0,0.0,0.0,0.0,0.0,0.0,0.0,0.0,0.0,0.0,0.0,0.0,0.0,0.0,0.0,0.0,0.0,0.0,0.0,0.0,0.0,0.0,0.0,0.0,0.0,0.0,0.0,0.0,0.0,0.0,0.0,0.0,0.0,0.0,0.0,0.0,0.0,0.0,0.0,0.0,0.0,0.0,0.0,0.0,0.0,0.0,0.0,0.0,0.0,0.0,0.0,0.0,0.0,0.0,0.0,0.0,0.0,0.0,0.0,0.0,0.0,0.0,0.0,0.0,0.0,0.0,0.0,0.0,0.0,0.0,0.0,0.0,0.0,0.0,0.0,0.0,0.0,0.0,0.0,0.0,0.0,0.0,0.0,0.0,0.0,0.0,0.0,0.0,0.0,0.0,0.0,0.0,0.0,0.0,0.0,0.0,0.0,0.0,0.0,0.0,0.0,0.0,0.0,0.0,0.0,0.0,0.0,0.0,0.0,0.0,0.0,0.0,0.0,0.0,0.0,0.0,0.0,0.0,0.0,0.0,0.0,0.0,0.0,0.0,0.0,0.0,0.0,0.0,0.0,0.0,0.0,0.0,0.0,0.0,0.0,0.0,0.0,0.0,0.0,0.0,0.0,0.0,0.0,0.0,0.0,0.0,0.0,0.0,0.0,0.0,0.0,0.0,0.0,0.0,0.0,0.0,0.0,0.0,0.0,0.0,0.0,0.0,0.0,0.0,0.0,0.0,0.0,0.0,0.0,0.0,0.0,0.0,0.0,0.0,0.0,0.0,0.0,0.0,0.0,0.0,0.0,0.0,0.0,0.0,0.0,0.0,0.0,0.0,0.0,0.0,0.0,0.0,0.0,0.0,0.0,0.0,0.0,0.0,0.0,0.0,0.0,0.0,0.0,0.0,0.0,0.0,0.0,0.0,0.0,0.0,0.0,0.0,0.0,0.0,0.0,0.0,0.0,0.0,0.0,0.0,0.0,0.0,0.0,0.0,0.0,0.0,0.0,0.0,0.0,0.0,0.0,0.0,0.0,0.0,0.0,0.0,0.0,0.0,0.0,0.0,0.0,0.0,0.0,0.0,0.0,0.0,0.0,0.0,0.0,0.0,0.0,0.0,0.0,0.0,0.0,0.0,0.0,0.0,0.0,0.0,0.0,0.0,0.0,0.0,0.0,0.0,0.0,0.0,0.0,0.0,0.0,0.0,0.0,0.0,0.0,0.0,0.0,0.0,0.0,0.0,0.0,0.0,0.0,0.0,0.0,0.0,0.0,0.0,0.0,0.0,0.0,0.0,0.0,0.0,0.0,0.0,0.0,0.0,0.0,0.0,0.0,0.0,0.0,0.0,0.0,0.0,0.0,0.0,0.0,0.0,0.0,0.0,0.0,0.0,0.0,0.0,0.0,0.0,0.0,0.0,0.0,0.0,0.0,0.0,0.0,0.0,0.0,0.0,0.0,0.0,0.0,0.0,0.0,0.0,0.0,0.0,0.0,0.0,0.0,0.0,0.0,0.0,0.0,0.0,0.0,0.0,0.0,0.0,0.0,0.0,0.0,0.0,0.0,0.0,0.0,0.0,0.0,0.0,0.0,0.0,0.0,0.0,0.0,0.0,0.0,0.0,0.0,0.0,0.0,0.0,0.0,0.0,0.0,0.0,0.0,0.0,0.0,0.0,0.0,0.0,0.0,0.0,0.0,0.0,0.0,0.0,0.0,0.0,0.0,0.0,0.0,0.0,0.0,0.0,0.0,0.0,0.0,0.0,0.0,0.0,0.0,0.0,0.0,0.0,0.0,0.0,0.0,0.0,0.0,0.0,0.0,0.0,0.0,0.0,0.0,0.0,0.0,0.0,0.0,0.0,0.0,0.0,0.0,0.0,0.0,0.0,0.0,0.0,0.0,0.0,0.0,0.0,0.0,0.0,0.0,0.0,0.0,0.0,0.0,0.0,0.0,0.0,0.0,0.0,0.0,0.0,0.0,0.0,0.0,0.0,0.0,0.0,0.0,0.0,0.0,0.0,0.0,0.0,0.0,0.0,0.0,0.0,0.0,0.0,0.0,0.0,0.0,0.0,0.0,0.0,0.0,0.0,0.0,0.0,0.0,0.0,0.0,0.0,0.0,0.0,0.0,0.0,0.0,0.0,0.0,0.0,0.0,0.0,0.0,0.0,0.0,0.0,0.0,0.0,0.0,0.0,0.0,0.0,0.0,0.0,0.0,0.0,0.0,0.0,0.0,0.0,0.0,0.0,0.0,0.0,0.0,0.0,0.0,0.0,0.0,0.0,0.0,0.0,0.0,0.0,0.0,0.0,0.0,0.0,0.0,0.0,0.0,0.0,0.0,0.0,0.0,0.0,0.0,0.0,0.0,0.0,0.0,0.0,0.0,0.0,0.0,0.0,0.0,0.0,0.0,0.0,0.0,0.0,0.0,0.0,0.0,0.0,0.0,0.0,0.0,0.0,0.0,0.0,0.0,0.0,0.0,0.0,0.0,0.0,0.0,0.0,0.0,0.0,0.0,0.0,0.0,0.0,0.0,0.0,0.0,0.0,0.0,0.0,0.0,0.0,0.0,0.0,0.0,0.0,0.0,0.0,0.0,0.0,0.0,0.0,0.0,0.0,0.0,0.0,0.0,0.0,0.0,0.0,0.0,0.0,0.0,0.0,0.0,0.0,0.0,0.0,0.0,0.0,0.0,0.0,0.0,0.0,0.0,0.0,0.0,0.0,0.0,0.0,0.0,0.0,0.0,0.0,0.0,0.0,0.0,0.0,0.0,0.0,0.0,0.0,0.0,0.0,0.0,0.0,0.0,0.0,0.0,0.0,0.0,0.0,0.0,0.0,0.0,0.0,0.0,0.0,0.0,0.0,0.0,0.0,0.0,0.0,0.0,0.0,0.0,0.0,0.0,0.0,0.0,0.0,0.0,0.0,0.0,0.0,0.0,0.0,0.0,0.0,0.0,0.0,0.0,0.0
Tax43,0.0,-1.5077131,-1.2331638,-0.9337959,-0.61441237,-0.2976527,0.022937376,0.34549922,0.6684517,0.98995584,1.311399,1.6337394,1.8813348,2.1951592,2.511855,2.830803,3.1445112,3.4462848,3.7736006,4.140272,4.4992185,4.797091,5.234758,5.61416,5.833861,6.173205,6.5458736,6.8106847,7.0491633,7.4005632,7.8600616,8.203081,9.094233,9.598329,10.206814,10.742143,11.197727,11.173348,11.39593,11.692957,12.317416,12.506728,13.3379545,14.132815,14.630582,15.582177,16.844385,17.304298,17.82711,18.42237,18.911722,19.571865,20.414116,20.711134,21.149973,21.169388,21.88226,22.375126,21.9466,21.756285,20.94697,20.490702,20.075445,20.08722,20.63208,21.335014,16.003983,16.907587,24.51921,25.292347,26.494898,27.477077,28.036253,21.056904,30.179018,22.5052,23.198708,24.412596,25.519133,26.510891,27.47528,28.50555,28.896675,30.300999,31.84909,32.987885,46.35975,48.188366,50.55321,52.043903,53.7937,55.93736,58.10233,59.28434,58.906605,59.237972,59.46972,60.633232,61.769073,62.527584,62.731953,62.757557,64.060616,65.02807,65.395134,66.79356,67.41217,68.52298,69.64211,70.20836,71.35617,72.36286,72.92392,72.75717,71.87726,50.62817,51.705563,52.758186,53.299103,53.170376,52.57868,52.35248,51.79388,50.647266,49.69337,48.779285,47.415485,44.85047,42.57305,40.436344,38.44755,36.71665,35.100872,32.69906,30.565447,27.806215,24.969639,21.891788,18.997034,15.783198,12.295525,8.750091,5.7547503,3.5001695,1.4444762,0.066619605,-1.3816059,-3.1931956,-4.973778,-6.6276937,-7.6458445,-7.5105495,-5.1220827,-2.3480752,-0.18908162,1.8128141,3.7182367,5.0664496,5.9322968,6.1760154,6.3117666,6.288954,5.4290853,4.6794586,4.2802477,3.6912982,3.7340715,4.391204,4.270872,4.3976436,4.8866,5.366551,5.503075,4.999931,6.5151834,7.292629,6.5638776,6.0988226,6.117522,7.166953,7.497357,6.9339123,4.403115,1.6087815,-0.3014858,-1.7291876,-3.0347452,-4.126115,-4.72287,-5.3920536,-5.9894824,-6.4392796,-6.6330113,-6.6393943,-6.7296896,-6.6972017,-6.776985,-6.576902,-6.399881,-6.201845,-6.0974255,-5.826662,-5.5847588,-5.3213415,-5.124447,-4.8315797,-4.647912,-4.451713,-4.2105684,-3.9086957,-3.5728397,-3.2996647,-2.9838624,-2.7853932,-2.648552,-2.3604705,-2.1620805,-1.9945471,-1.8246807,-1.6622669,-1.5391058,-1.3606309,-1.2216839,-1.0992416,-1.0388746,-0.91327095,-0.7986992,-0.7182226,-0.5861487,-0.55973,-0.49241602,-0.44136262,-0.42253128,-0.3922833,-0.38628146,-0.32972682,-0.31714734,-0.28229797,-0.2596409,-0.2554809,-0.23338555,-0.21553916,-0.19163415,-0.12827426,-0.12626594,-0.124163575,-0.109383926,-0.08658521,-0.061536137,-0.06052189,-0.059490163,-0.035197042,-0.034629367,-0.03404458,-0.03345854,-0.012889483,-0.006923634,-0.0068226815,0.0,0.0,0.0,0.0,0.0,0.0,0.0,0.0,0.0,0.0,0.0,0.0,0.0,0.0,0.0,0.0,0.0,0.0,0.0,0.0,0.0,0.0,0.0,0.0,0.0,0.0,0.0,0.0,0.0,0.0,0.0,0.0,0.0,0.0,0.0,0.0,0.0,0.0,0.0,0.0,0.0,0.0,0.0,0.0,0.0,0.0,0.0,0.0,0.0,0.0,0.0,0.0,0.0,0.0,0.0,0.0,0.0,0.0,0.0,0.0,0.0,0.0,0.0,0.0,0.0,0.0,0.0,0.0,0.0,0.0,0.0,0.0,0.0,0.0,0.0,0.0,0.0,0.0,0.0,0.0,0.0,0.0,0.0,0.0,0.0,0.0,0.0,0.0,0.0,0.0,0.0,0.0,0.0,0.0,0.0,0.0,0.0,0.0,0.0,0.0,0.0,0.0,0.0,0.0,0.0,0.0,0.0,0.0,0.0,0.0,0.0,0.0,0.0,0.0,0.0,0.0,0.0,0.0,0.0,0.0,0.0,0.0,0.0,0.0,0.0,0.0,0.0,0.0,0.0,0.0,0.0,0.0,0.0,0.0,0.0,0.0,0.0,0.0,0.0,0.0,0.0,0.0,0.0,0.0,0.0,0.0,0.0,0.0,0.0,0.0,0.0,0.0,0.0,0.0,0.0,0.0,0.0,0.0,0.0,0.0,0.0,0.0,0.0,0.0,0.0,0.0,0.0,0.0,0.0,0.0,0.0,0.0,0.0,0.0,0.0,0.0,0.0,0.0,0.0,0.0,0.0,0.0,0.0,0.0,0.0,0.0,0.0,0.0,0.0,0.0,0.0,0.0,0.0,0.0,0.0,0.0,0.0,0.0,0.0,0.0,0.0,0.0,0.0,0.0,0.0,0.0,0.0,0.0,0.0,0.0,0.0,0.0,0.0,0.0,0.0,0.0,0.0,0.0,0.0,0.0,0.0,0.0,0.0,0.0,0.0,0.0,0.0,0.0,0.0,0.0,0.0,0.0,0.0,0.0,0.0,0.0,0.0,0.0,0.0,0.0,0.0,0.0,0.0,0.0,0.0,0.0,0.0,0.0,0.0,0.0,0.0,0.0,0.0,0.0,0.0,0.0,0.0,0.0,0.0,0.0,0.0,0.0,0.0,0.0,0.0,0.0,0.0,0.0,0.0,0.0,0.0,0.0,0.0,0.0,0.0,0.0,0.0,0.0,0.0,0.0,0.0,0.0,0.0,0.0,0.0,0.0,0.0,0.0,0.0,0.0,0.0,0.0,0.0,0.0,0.0,0.0,0.0,0.0,0.0,0.0,0.0,0.0,0.0,0.0,0.0,0.0,0.0,0.0,0.0,0.0,0.0,0.0,0.0,0.0,0.0,0.0,0.0,0.0,0.0,0.0,0.0,0.0,0.0,0.0,0.0,0.0,0.0,0.0,0.0,0.0,0.0,0.0,0.0,0.0,0.0,0.0,0.0,0.0,0.0,0.0,0.0,0.0,0.0,0.0,0.0,0.0,0.0,0.0,0.0,0.0,0.0,0.0,0.0,0.0,0.0,0.0,0.0,0.0,0.0,0.0,0.0,0.0,0.0,0.0,0.0,0.0,0.0,0.0,0.0,0.0,0.0,0.0,0.0,0.0,0.0,0.0,0.0,0.0,0.0,0.0,0.0,0.0,0.0,0.0,0.0,0.0,0.0,0.0,0.0,0.0,0.0,0.0,0.0,0.0,0.0,0.0,0.0,0.0,0.0,0.0,0.0,0.0,0.0,0.0,0.0,0.0,0.0,0.0,0.0,0.0,0.0,0.0,0.0,0.0,0.0,0.0,0.0,0.0,0.0,0.0,0.0,0.0,0.0,0.0,0.0,0.0,0.0,0.0,0.0,0.0,0.0,0.0,0.0,0.0,0.0,0.0,0.0,0.0,0.0,0.0,0.0,0.0,0.0,0.0,0.0,0.0,0.0,0.0,0.0,0.0,0.0,0.0,0.0,0.0,0.0,0.0,0.0,0.0,0.0,0.0,0.0,0.0,0.0,0.0,0.0,0.0,0.0,0.0,0.0,0.0,0.0,0.0,0.0,0.0,0.0,0.0,0.0,0.0,0.0,0.0,0.0,0.0,0.0,0.0,0.0,0.0,0.0,0.0,0.0,0.0,0.0,0.0,0.0,0.0,0.0,0.0,0.0,0.0,0.0,0.0,0.0,0.0,0.0,0.0,0.0,0.0,0.0,0.0,0.0,0.0,0.0,0.0,0.0,0.0,0.0,0.0,0.0,0.0,0.0,0.0,0.0,0.0,0.0,0.0,0.0,0.0,0.0,0.0,0.0,0.0,0.0,0.0,0.0,0.0,0.0,0.0,0.0,0.0,0.0,0.0,0.0,0.0,0.0,0.0,0.0,0.0,0.0,0.0,0.0,0.0,0.0,0.0,0.0,0.0,0.0,0.0,0.0,0.0,0.0,0.0,0.0,0.0,0.0,0.0,0.0,0.0,0.0,0.0,0.0,0.0,0.0,0.0,0.0,0.0,0.0,0.0,0.0,0.0,0.0,0.0,0.0,0.0,0.0,0.0,0.0,0.0,0.0,0.0,0.0,0.0,0.0,0.0,0.0,0.0,0.0,0.0,0.0,0.0,0.0,0.0,0.0,0.0,0.0,0.0,0.0,0.0,0.0,0.0,0.0,0.0,0.0,0.0,0.0,0.0,0.0,0.0,0.0,0.0,0.0,0.0,0.0,0.0,0.0,0.0,0.0,0.0,0.0,0.0,0.0,0.0,0.0,0.0,0.0,0.0,0.0,0.0,0.0,0.0,0.0,0.0,0.0,0.0,0.0,0.0,0.0,0.0,0.0,0.0,0.0,0.0,0.0,0.0,0.0,0.0,0.0,0.0,0.0,0.0,0.0,0.0,0.0,0.0,0.0,0.0,0.0,0.0,0.0,0.0,0.0,0.0,0.0,0.0,0.0,0.0,0.0,0.0,0.0,0.0,0.0,0.0,0.0,0.0,0.0,0.0,0.0,0.0,0.0,0.0,0.0,0.0,0.0,0.0,0.0,0.0,0.0,0.0,0.0,0.0,0.0,0.0,0.0,0.0,0.0,0.0,0.0,0.0,0.0,0.0,0.0,0.0,0.0,0.0,0.0,0.0,0.0,0.0,0.0,0.0,0.0,0.0,0.0,0.0,0.0,0.0,0.0,0.0,0.0,0.0,0.0,0.0,0.0,0.0,0.0,0.0,0.0,0.0,0.0,0.0,0.0,0.0,0.0,0.0,0.0,0.0,0.0,0.0,0.0,0.0,0.0,0.0,0.0,0.0,0.0,0.0,0.0,0.0,0.0,0.0,0.0,0.0,0.0,0.0,0.0,0.0,0.0,0.0,0.0,0.0,0.0,0.0,0.0,0.0,0.0,0.0,0.0,0.0,0.0,0.0,0.0,0.0,0.0,0.0,0.0,0.0,0.0,0.0,0.0,0.0,0.0,0.0,0.0,0.0,0.0,0.0,0.0,0.0,0.0,0.0,0.0,0.0,0.0,0.0,0.0,0.0,0.0,0.0,0.0,0.0,0.0,0.0,0.0,0.0,0.0,0.0,0.0,0.0,0.0,0.0,0.0,0.0,0.0,0.0,0.0,0.0,0.0,0.0,0.0,0.0,0.0,0.0,0.0,0.0,0.0,0.0,0.0,0.0,0.0,0.0,0.0,0.0,0.0,0.0,0.0,0.0,0.0,0.0,0.0,0.0,0.0,0.0,0.0,0.0,0.0,0.0,0.0,0.0,0.0,0.0,0.0,0.0,0.0,0.0,0.0,0.0,0.0,0.0,0.0,0.0,0.0,0.0,0.0,0.0,0.0,0.0,0.0,0.0,0.0,0.0,0.0,0.0,0.0,0.0,0.0,0.0,0.0,0.0,0.0,0.0,0.0,0.0,0.0,0.0,0.0,0.0,0.0,0.0,0.0,0.0,0.0,0.0,0.0,0.0,0.0,0.0,0.0,0.0,0.0,0.0,0.0,0.0,0.0,0.0,0.0,0.0,0.0,0.0,0.0,0.0,0.0,0.0,0.0,0.0,0.0,0.0,0.0,0.0,0.0,0.0,0.0,0.0,0.0,0.0,0.0,0.0,0.0,0.0,0.0,0.0,0.0,0.0,0.0,0.0,0.0,0.0,0.0,0.0,0.0,0.0,0.0,0.0,0.0,0.0,0.0,0.0,0.0,0.0,0.0,0.0,0.0,0.0,0.0,0.0,0.0,0.0,0.0,0.0,0.0,0.0,0.0,0.0,0.0,0.0,0.0,0.0,0.0,0.0,0.0,0.0,0.0,0.0,0.0,0.0,0.0,0.0,0.0,0.0,0.0,0.0,0.0,0.0,0.0,0.0,0.0,0.0,0.0,0.0,0.0,0.0,0.0,0.0,0.0,0.0,0.0,0.0,0.0,0.0,0.0,0.0,0.0,0.0,0.0,0.0,0.0,0.0,0.0,0.0,0.0,0.0,0.0,0.0,0.0,0.0,0.0,0.0,0.0,0.0,0.0,0.0,0.0,0.0,0.0,0.0,0.0,0.0,0.0,0.0,0.0,0.0,0.0,0.0,0.0,0.0,0.0,0.0,0.0,0.0,0.0,0.0,0.0,0.0,0.0,0.0,0.0,0.0,0.0,0.0,0.0,0.0,0.0,0.0,0.0,0.0,0.0,0.0,0.0,0.0,0.0,0.0,0.0,0.0,0.0,0.0,0.0,0.0,0.0,0.0,0.0,0.0,0.0,0.0,0.0,0.0,0.0,0.0,0.0,0.0,0.0,0.0,0.0,0.0,0.0,0.0,0.0,0.0,0.0,0.0,0.0,0.0,0.0,0.0,0.0,0.0,0.0,0.0,0.0,0.0,0.0,0.0,0.0,0.0,0.0,0.0,0.0,0.0,0.0,0.0,0.0,0.0,0.0,0.0,0.0,0.0,0.0,0.0,0.0,0.0,0.0,0.0,0.0,0.0,0.0,0.0,0.0,0.0,0.0,0.0,0.0,0.0,0.0,0.0,0.0,0.0,0.0,0.0,0.0,0.0,0.0,0.0,0.0,0.0,0.0,0.0,0.0,0.0,0.0,0.0,0.0,0.0,0.0,0.0,0.0,0.0,0.0,0.0,0.0,0.0,0.0,0.0,0.0,0.0,0.0,0.0,0.0,0.0,0.0,0.0,0.0,0.0,0.0,0.0,0.0,0.0,0.0,0.0,0.0,0.0,0.0,0.0,0.0,0.0,0.0,0.0,0.0,0.0,0.0,0.0,0.0,0.0,0.0,0.0,0.0,0.0,0.0,0.0,0.0,0.0,0.0,0.0,0.0,0.0,0.0,0.0,0.0,0.0,0.0,0.0,0.0,0.0,0.0,0.0,0.0,0.0,0.0,0.0,0.0,0.0,0.0,0.0,0.0,0.0,0.0,0.0,0.0,0.0,0.0,0.0,0.0,0.0,0.0,0.0,0.0,0.0,0.0,0.0,0.0,0.0,0.0,0.0,0.0,0.0,0.0,0.0,0.0,0.0,0.0,0.0,0.0,0.0,0.0,0.0,0.0,0.0,0.0,0.0,0.0,0.0,0.0,0.0,0.0,0.0,0.0,0.0,0.0,0.0,0.0,0.0,0.0,0.0,0.0,0.0,0.0,0.0,0.0,0.0,0.0,0.0,0.0,0.0,0.0,0.0,0.0,0.0,0.0,0.0,0.0,0.0,0.0,0.0,0.0,0.0,0.0,0.0,0.0,0.0,0.0,0.0,0.0,0.0,0.0,0.0,0.0,0.0,0.0,0.0,0.0,0.0,0.0,0.0,0.0,0.0,0.0,0.0,0.0,0.0,0.0,0.0,0.0,0.0,0.0,0.0,0.0,0.0,0.0,0.0,0.0,0.0,0.0,0.0,0.0,0.0,0.0,0.0,0.0,0.0,0.0,0.0,0.0,0.0,0.0,0.0,0.0,0.0,0.0,0.0,0.0,0.0,0.0,0.0,0.0,0.0,0.0,0.0,0.0,0.0,0.0,0.0,0.0,0.0,0.0,0.0,0.0,0.0,0.0,0.0,0.0,0.0,0.0,0.0,0.0,0.0,0.0,0.0,0.0,0.0,0.0,0.0,0.0,0.0,0.0,0.0,0.0,0.0,0.0,0.0,0.0,0.0,0.0,0.0,0.0,0.0,0.0,0.0,0.0,0.0,0.0,0.0,0.0,0.0,0.0,0.0,0.0,0.0,0.0,0.0,0.0,0.0,0.0,0.0,0.0,0.0,0.0,0.0,0.0,0.0,0.0,0.0,0.0,0.0,0.0,0.0,0.0,0.0,0.0,0.0,0.0,0.0,0.0,0.0,0.0,0.0,0.0,0.0,0.0,0.0,0.0,0.0,0.0,0.0,0.0,0.0,0.0,0.0,0.0,0.0,0.0,0.0,0.0,0.0,0.0,0.0,0.0,0.0,0.0,0.0,0.0,0.0,0.0,0.0,0.0,0.0,0.0,0.0,0.0,0.0,0.0,0.0,0.0,0.0,0.0,0.0,0.0,0.0,0.0,0.0,0.0,0.0,0.0,0.0,0.0,0.0,0.0,0.0,0.0,0.0,0.0,0.0,0.0,0.0,0.0,0.0,0.0,0.0,0.0,0.0,0.0,0.0,0.0,0.0,0.0,0.0,0.0,0.0,0.0,0.0,0.0,0.0,0.0,0.0,0.0,0.0,0.0,0.0,0.0,0.0,0.0,0.0,0.0,0.0,0.0,0.0,0.0,0.0,0.0,0.0,0.0,0.0,0.0,0.0,0.0,0.0,0.0,0.0,0.0,0.0,0.0,0.0,0.0,0.0,0.0,0.0,0.0,0.0,0.0,0.0,0.0,0.0,0.0,0.0,0.0,0.0,0.0,0.0,0.0,0.0,0.0,0.0,0.0,0.0,0.0,0.0,0.0,0.0,0.0,0.0,0.0,0.0,0.0,0.0,0.0,0.0,0.0,0.0,0.0,0.0,0.0,0.0,0.0,0.0,0.0,0.0,0.0,0.0,0.0,0.0,0.0,0.0,0.0,0.0,0.0,0.0,0.0,0.0,0.0,0.0,0.0,0.0,0.0,0.0,0.0,0.0,0.0,0.0,0.0,0.0,0.0,0.0,0.0,0.0,0.0,0.0,0.0,0.0,0.0,0.0,0.0,0.0,0.0,0.0,0.0,0.0,0.0,0.0,0.0,0.0,0.0,0.0,0.0,0.0,0.0,0.0,0.0,0.0,0.0,0.0,0.0,0.0,0.0,0.0,0.0,0.0,0.0,0.0,0.0,0.0,0.0,0.0,0.0,0.0,0.0,0.0,0.0,0.0,0.0,0.0,0.0,0.0,0.0,0.0,0.0,0.0,0.0,0.0,0.0,0.0,0.0,0.0,0.0,0.0,0.0,0.0,0.0,0.0,0.0,0.0,0.0,0.0,0.0,0.0,0.0,0.0,0.0,0.0,0.0,0.0,0.0,0.0,0.0,0.0,0.0,0.0,0.0,0.0,0.0,0.0,0.0,0.0,0.0,0.0,0.0,0.0,0.0,0.0,0.0,0.0,0.0,0.0,0.0,0.0,0.0,0.0,0.0,0.0,0.0,0.0,0.0,0.0,0.0,0.0,0.0,0.0,0.0,0.0,0.0,0.0,0.0,0.0,0.0,0.0,0.0,0.0,0.0,0.0,0.0,0.0,0.0,0.0,0.0,0.0,0.0,0.0,0.0,0.0,0.0,0.0,0.0,0.0,0.0,0.0,0.0,0.0,0.0,0.0,0.0,0.0,0.0,0.0,0.0,0.0,0.0,0.0,0.0,0.0,0.0,0.0,0.0,0.0,0.0,0.0,0.0,0.0,0.0,0.0,0.0,0.0,0.0,0.0,0.0,0.0,0.0,0.0,0.0,0.0,0.0,0.0,0.0,0.0,0.0,0.0,0.0,0.0,0.0,0.0,0.0,0.0,0.0,0.0,0.0,0.0,0.0,0.0,0.0,0.0,0.0,0.0,0.0,0.0,0.0,0.0,0.0,0.0,0.0,0.0,0.0,0.0,0.0,0.0,0.0,0.0,0.0,0.0,0.0,0.0,0.0,0.0,0.0,0.0,0.0,0.0,0.0,0.0,0.0,0.0,0.0,0.0,0.0,0.0,0.0,0.0,0.0,0.0,0.0,0.0,0.0,0.0,0.0,0.0,0.0,0.0,0.0,0.0,0.0,0.0,0.0,0.0,0.0,0.0,0.0,0.0,0.0,0.0,0.0,0.0,0.0,0.0,0.0,0.0,0.0,0.0,0.0,0.0,0.0,0.0,0.0,0.0,0.0,0.0,0.0,0.0,0.0,0.0,0.0,0.0,0.0,0.0,0.0,0.0,0.0,0.0,0.0,0.0,0.0,0.0,0.0,0.0,0.0,0.0,0.0,0.0,0.0,0.0,0.0,0.0,0.0,0.0,0.0,0.0,0.0,0.0,0.0,0.0,0.0,0.0,0.0,0.0,0.0,0.0,0.0,0.0,0.0,0.0,0.0,0.0,0.0,0.0,0.0,0.0,0.0,0.0,0.0,0.0,0.0,0.0,0.0,0.0,0.0,0.0,0.0,0.0,0.0,0.0,0.0,0.0,0.0,0.0,0.0,0.0,0.0,0.0,0.0,0.0,0.0,0.0,0.0,0.0,0.0,0.0,0.0,0.0,0.0,0.0,0.0,0.0,0.0,0.0,0.0,0.0,0.0,0.0,0.0,0.0,0.0,0.0,0.0,0.0,0.0,0.0,0.0,0.0,0.0,0.0,0.0,0.0,0.0,0.0,0.0,0.0,0.0,0.0,0.0,0.0,0.0,0.0,0.0,0.0,0.0,0.0,0.0,0.0,0.0,0.0,0.0,0.0,0.0,0.0,0.0,0.0,0.0,0.0,0.0,0.0,0.0,0.0,0.0,0.0,0.0,0.0,0.0,0.0,0.0,0.0,0.0,0.0,0.0,0.0,0.0,0.0,0.0,0.0,0.0,0.0,0.0,0.0,0.0,0.0,0.0,0.0,0.0,0.0,0.0,0.0,0.0,0.0,0.0,0.0,0.0,0.0,0.0,0.0,0.0,0.0,0.0,0.0,0.0,0.0,0.0,0.0,0.0,0.0,0.0,0.0,0.0,0.0,0.0,0.0,0.0,0.0,0.0,0.0,0.0,0.0,0.0,0.0,0.0,0.0,0.0,0.0,0.0,0.0,0.0,0.0,0.0,0.0,0.0,0.0,0.0,0.0,0.0,0.0,0.0,0.0,0.0,0.0,0.0,0.0,0.0,0.0,0.0,0.0,0.0,0.0,0.0,0.0,0.0,0.0,0.0,0.0,0.0,0.0,0.0,0.0,0.0,0.0,0.0,0.0,0.0,0.0,0.0,0.0,0.0,0.0,0.0,0.0,0.0,0.0,0.0,0.0,0.0,0.0,0.0,0.0,0.0,0.0,0.0,0.0,0.0,0.0,0.0,0.0,0.0,0.0,0.0,0.0,0.0,0.0,0.0,0.0,0.0,0.0,0.0,0.0,0.0,0.0,0.0,0.0,0.0,0.0,0.0,0.0,0.0,0.0,0.0,0.0,0.0,0.0,0.0,0.0,0.0,0.0,0.0,0.0,0.0,0.0,0.0,0.0,0.0,0.0,0.0,0.0,0.0,0.0,0.0,0.0,0.0,0.0,0.0,0.0,0.0,0.0,0.0,0.0,0.0,0.0,0.0,0.0,0.0,0.0,0.0,0.0,0.0,0.0,0.0,0.0,0.0,0.0,0.0,0.0,0.0,0.0,0.0,0.0,0.0,0.0,0.0,0.0,0.0,0.0,0.0,0.0,0.0,0.0,0.0,0.0,0.0,0.0,0.0,0.0,0.0,0.0,0.0,0.0,0.0,0.0,0.0,0.0,0.0,0.0,0.0,0.0,0.0,0.0,0.0,0.0,0.0,0.0,0.0,0.0,0.0,0.0,0.0,0.0,0.0,0.0,0.0,0.0,0.0,0.0,0.0,0.0,0.0,0.0,0.0,0.0,0.0,0.0,0.0,0.0,0.0,0.0,0.0,0.0,0.0,0.0,0.0,0.0,0.0,0.0,0.0,0.0,0.0,0.0,0.0,0.0,0.0,0.0,0.0,0.0,0.0,0.0,0.0,0.0,0.0,0.0,0.0,0.0,0.0,0.0,0.0,0.0,0.0,0.0,0.0,0.0,0.0,0.0,0.0,0.0,0.0,0.0,0.0,0.0,0.0,0.0,0.0,0.0,0.0,0.0,0.0,0.0,0.0,0.0,0.0,0.0,0.0,0.0,0.0,0.0,0.0,0.0,0.0,0.0,0.0,0.0,0.0,0.0,0.0,0.0,0.0,0.0,0.0,0.0,0.0,0.0,0.0,0.0,0.0,0.0,0.0,0.0,0.0,0.0,0.0,0.0,0.0,0.0,0.0,0.0,0.0,0.0,0.0,0.0,0.0,0.0,0.0,0.0,0.0,0.0,0.0,0.0,0.0,0.0,0.0,0.0,0.0,0.0,0.0,0.0,0.0,0.0,0.0,0.0,0.0,0.0,0.0,0.0,0.0,0.0,0.0,0.0,0.0,0.0,0.0,0.0,0.0,0.0,0.0,0.0,0.0,0.0,0.0,0.0,0.0,0.0,0.0,0.0,0.0,0.0,0.0,0.0,0.0,0.0,0.0,0.0,0.0,0.0,0.0,0.0,0.0,0.0,0.0,0.0,0.0,0.0,0.0,0.0,0.0,0.0,0.0,0.0,0.0,0.0,0.0,0.0,0.0,0.0,0.0,0.0,0.0,0.0,0.0,0.0,0.0,0.0,0.0,0.0,0.0,0.0,0.0,0.0,0.0,0.0,0.0,0.0,0.0,0.0,0.0,0.0,0.0,0.0,0.0,0.0,0.0,0.0,0.0,0.0,0.0,0.0,0.0,0.0,0.0,0.0,0.0,0.0,0.0,0.0,0.0,0.0,0.0,0.0,0.0,0.0,0.0,0.0,0.0,0.0,0.0,0.0,0.0,0.0,0.0,0.0,0.0,0.0,0.0,0.0,0.0,0.0,0.0,0.0,0.0,0.0,0.0,0.0,0.0,0.0,0.0,0.0,0.0,0.0,0.0,0.0,0.0,0.0,0.0,0.0,0.0,0.0,0.0,0.0,0.0,0.0,0.0,0.0,0.0,0.0,0.0,0.0,0.0,0.0,0.0,0.0,0.0,0.0,0.0,0.0,0.0,0.0,0.0,0.0,0.0,0.0,0.0,0.0,0.0,0.0,0.0,0.0,0.0,0.0,0.0,0.0,0.0,0.0,0.0,0.0,0.0,0.0,0.0,0.0,0.0,0.0,0.0,0.0,0.0,0.0,0.0,0.0,0.0,0.0,0.0,0.0,0.0,0.0,0.0,0.0,0.0,0.0,0.0,0.0,0.0,0.0,0.0,0.0,0.0,0.0,0.0,0.0,0.0,0.0,0.0,0.0,0.0,0.0,0.0,0.0,0.0,0.0,0.0,0.0,0.0,0.0,0.0,0.0,0.0,0.0,0.0,0.0,0.0,0.0,0.0,0.0,0.0,0.0,0.0,0.0,0.0,0.0,0.0,0.0,0.0,0.0,0.0,0.0,0.0,0.0,0.0,0.0,0.0,0.0,0.0,0.0,0.0,0.0,0.0,0.0,0.0,0.0,0.0,0.0,0.0,0.0,0.0,0.0,0.0,0.0,0.0,0.0,0.0,0.0,0.0,0.0,0.0,0.0,0.0
Tax44,0.0,-1.6061853,-1.2870237,-0.94464225,-0.5896423,-0.22814333,0.13661644,0.5031976,0.87126714,1.2408311,1.6039001,1.9818681,2.356808,2.7373264,3.1258183,3.521865,3.9243407,4.3406696,4.7469025,5.266679,5.7997956,6.1684327,6.6389384,6.862462,7.294517,7.564816,8.061195,8.496734,8.727455,9.4466715,9.7577505,10.206869,10.859065,11.233727,11.709884,11.848622,12.517446,13.295693,13.572723,14.037441,14.721159,15.433699,16.19028,16.96806,17.691133,18.711926,20.025639,19.947598,20.508286,21.170944,21.56084,22.286964,22.71694,22.972525,23.961445,23.739405,23.41384,23.434975,23.374607,22.90877,21.904572,21.517548,21.105074,21.0376,21.49003,22.269705,10.802884,11.4322605,25.33174,26.512041,27.473637,28.237818,28.837633,14.238888,30.700924,15.200451,15.687231,16.608944,17.165165,17.796959,18.291994,18.92463,19.38581,20.141785,21.049133,22.048859,44.340332,45.959644,48.28627,49.98618,52.13882,54.38968,56.360207,57.72571,57.78138,57.294346,57.96624,59.00784,59.87402,60.43999,61.4084,61.87982,63.094772,64.354904,65.18013,66.15017,66.83804,67.979996,68.88644,69.64317,70.96967,71.77033,72.39511,71.909325,70.74948,30.52021,30.815905,31.534628,31.49867,31.293617,30.658583,29.889866,29.039454,28.091461,27.288399,26.425404,25.350471,23.01032,20.890022,19.000742,17.282263,15.867258,14.323428,12.765085,10.8662815,8.874062,6.9963794,4.767658,2.619446,0.358963,-2.0451255,-4.3996973,-6.3770638,-7.8608804,-9.231299,-10.149814,-11.108841,-12.392804,-13.667,-14.664934,-15.167626,-14.878719,-12.966992,-10.75966,-8.951758,-7.280584,-5.7092633,-4.451751,-3.595761,-3.2785094,-2.9110606,-2.7980487,-3.236117,-3.6529155,-3.8211815,-4.0460753,-3.9178302,-3.2509336,-3.240339,-3.0329094,-2.5914733,-2.1112444,-1.9194397,-2.1862967,-0.9301101,-0.23067611,-0.67085797,-0.98279816,-0.77186483,0.096052006,0.5236025,0.08873333,-1.9125193,-4.038898,-5.414319,-6.365997,-7.3190904,-8.050867,-8.401699,-8.799634,-9.126521,-9.402052,-9.344615,-9.343684,-9.269228,-9.19616,-9.057597,-8.872201,-8.692756,-8.392358,-8.109502,-7.899877,-7.5855827,-7.2200727,-7.0380816,-6.7074795,-6.423643,-6.2200394,-5.887104,-5.6737723,-5.334247,-5.065804,-4.71567,-4.2784014,-4.0839505,-3.8350444,-3.653946,-3.4487512,-3.207185,-3.0019038,-2.8289115,-2.6944556,-2.5386896,-2.3418498,-2.1390913,-1.9823463,-1.84992,-1.7228466,-1.6720983,-1.5489591,-1.3952012,-1.3103981,-1.2232996,-1.0929823,-1.0205663,-0.914929,-0.839554,-0.75209355,-0.7104993,-0.6601202,-0.64945835,-0.5591355,-0.534828,-0.4798215,-0.44923237,-0.40504026,-0.37747192,-0.37141848,-0.31309476,-0.2993758,-0.26940036,-0.2511682,-0.2345134,-0.21327263,-0.20294423,-0.18490265,-0.18209033,-0.16314737,-0.15025915,-0.1273147,-0.11885129,-0.11000953,-0.103447974,-0.101694286,-0.091431975,-0.08474238,-0.07581738,-0.07463983,-0.06863916,-0.06755468,-0.05103885,-0.045222875,-0.044480294,-0.038221605,-0.03758942,-0.03328511,-0.032713536,-0.032143027,-0.031577967,-0.03104081,-0.024277387,-0.019418081,-0.019077875,-0.00832382,-0.008175377,-0.00802224,-0.007869711,-0.007716165,-0.0075728903,-0.007428753,-0.007298227,-0.0037586335,-0.0036995285,-0.003639225,-0.00356556,-0.0034746644,-0.003366362,-0.0032327718,-0.0030755026,-0.0029065185,-0.0027511215,-0.002613894,-0.0024395017,-0.0022498425,-0.002053601,-0.001851704,-0.0016315603,-0.0014088331,-0.0011676352,-0.0008568878,-0.0005250652,-0.00013077224,0.00027869584,0.00072411646,0.0012273935,0.0017777724,0.0024567405,0.0032535957,0.0041986345,0.005130808,0.0063353693,0.008325807,0.011642624,0.015699161,0.019861657,0.022161212,0.02389896,0.025881814,0.028283086,0.030675326,0.03400647,0.0,0.0,0.0,0.0,0.0,0.0,0.0,0.0,0.0,0.0,0.0,0.0,0.0,0.0,0.0,0.0,0.0,0.0,0.0,0.0,0.0,0.0,0.0,0.0,0.0,0.0,0.0,0.0,0.0,0.0,0.0,0.0,0.0,0.0,0.0,0.0,0.0,0.0,0.0,0.0,0.0,0.0,0.0,0.0,0.0,0.0,0.0,0.0,0.0,0.0,0.0,0.0,0.0,0.0,0.0,0.0,0.0,0.0,0.0,0.0,0.0,0.0,0.0,0.0,0.0,0.0,0.0,0.0,0.0,0.0,0.0,0.0,0.0,0.0,0.0,0.0,0.0,0.0,0.0,0.0,0.0,0.0,0.0,0.0,0.0,0.0,0.0,0.0,0.0,0.0,0.0,0.0,0.0,0.0,0.0,0.0,0.0,0.0,0.0,0.0,0.0,0.0,0.0,0.0,0.0,0.0,0.0,0.0,0.0,0.0,0.0,0.0,0.0,0.0,0.0,0.0,0.0,0.0,0.0,0.0,0.0,0.0,0.0,0.0,0.0,0.0,0.0,0.0,0.0,0.0,0.0,0.0,0.0,0.0,0.0,0.0,0.0,0.0,0.0,0.0,0.0,0.0,0.0,0.0,0.0,0.0,0.0,0.0,0.0,0.0,0.0,0.0,0.0,0.0,0.0,0.0,0.0,0.0,0.0,0.0,0.0,0.0,0.0,0.0,0.0,0.0,0.0,0.0,0.0,0.0,0.0,0.0,0.0,0.0,0.0,0.0,0.0,0.0,0.0,0.0,0.0,0.0,0.0,0.0,0.0,0.0,0.0,0.0,0.0,0.0,0.0,0.0,0.0,0.0,0.0,0.0,0.0,0.0,0.0,0.0,0.0,0.0,0.0,0.0,0.0,0.0,0.0,0.0,0.0,0.0,0.0,0.0,0.0,0.0,0.0,0.0,0.0,0.0,0.0,0.0,0.0,0.0,0.0,0.0,0.0,0.0,0.0,0.0,0.0,0.0,0.0,0.0,0.0,0.0,0.0,0.0,0.0,0.0,0.0,0.0,0.0,0.0,0.0,0.0,0.0,0.0,0.0,0.0,0.0,0.0,0.0,0.0,0.0,0.0,0.0,0.0,0.0,0.0,0.0,0.0,0.0,0.0,0.0,0.0,0.0,0.0,0.0,0.0,0.0,0.0,0.0,0.0,0.0,0.0,0.0,0.0,0.0,0.0,0.0,0.0,0.0,0.0,0.0,0.0,0.0,0.0,0.0,0.0,0.0,0.0,0.0,0.0,0.0,0.0,0.0,0.0,0.0,0.0,0.0,0.0,0.0,0.0,0.0,0.0,0.0,0.0,0.0,0.0,0.0,0.0,0.0,0.0,0.0,0.0,0.0,0.0,0.0,0.0,0.0,0.0,0.0,0.0,0.0,0.0,0.0,0.0,0.0,0.0,0.0,0.0,0.0,0.0,0.0,0.0,0.0,0.0,0.0,0.0,0.0,0.0,0.0,0.0,0.0,0.0,0.0,0.0,0.0,0.0,0.0,0.0,0.0,0.0,0.0,0.0,0.0,0.0,0.0,0.0,0.0,0.0,0.0,0.0,0.0,0.0,0.0,0.0,0.0,0.0,0.0,0.0,0.0,0.0,0.0,0.0,0.0,0.0,0.0,0.0,0.0,0.0,0.0,0.0,0.0,0.0,0.0,0.0,0.0,0.0,0.0,0.0,0.0,0.0,0.0,0.0,0.0,0.0,0.0,0.0,0.0,0.0,0.0,0.0,0.0,0.0,0.0,0.0,0.0,0.0,0.0,0.0,0.0,0.0,0.0,0.0,0.0,0.0,0.0,0.0,0.0,0.0,0.0,0.0,0.0,0.0,0.0,0.0,0.0,0.0,0.0,0.0,0.0,0.0,0.0,0.0,0.0,0.0,0.0,0.0,0.0,0.0,0.0,0.0,0.0,0.0,0.0,0.0,0.0,0.0,0.0,0.0,0.0,0.0,0.0,0.0,0.0,0.0,0.0,0.0,0.0,0.0,0.0,0.0,0.0,0.0,0.0,0.0,0.0,0.0,0.0,0.0,0.0,0.0,0.0,0.0,0.0,0.0,0.0,0.0,0.0,0.0,0.0,0.0,0.0,0.0,0.0,0.0,0.0,0.0,0.0,0.0,0.0,0.0,0.0,0.0,0.0,0.0,0.0,0.0,0.0,0.0,0.0,0.0,0.0,0.0,0.0,0.0,0.0,0.0,0.0,0.0,0.0,0.0,0.0,0.0,0.0,0.0,0.0,0.0,0.0,0.0,0.0,0.0,0.0,0.0,0.0,0.0,0.0,0.0,0.0,0.0,0.0,0.0,0.0,0.0,0.0,0.0,0.0,0.0,0.0,0.0,0.0,0.0,0.0,0.0,0.0,0.0,0.0,0.0,0.0,0.0,0.0,0.0,0.0,0.0,0.0,0.0,0.0,0.0,0.0,0.0,0.0,0.0,0.0,0.0,0.0,0.0,0.0,0.0,0.0,0.0,0.0,0.0,0.0,0.0,0.0,0.0,0.0,0.0,0.0,0.0,0.0,0.0,0.0,0.0,0.0,0.0,0.0,0.0,0.0,0.0,0.0,0.0,0.0,0.0,0.0,0.0,0.0,0.0,0.0,0.0,0.0,0.0,0.0,0.0,0.0,0.0,0.0,0.0,0.0,0.0,0.0,0.0,0.0,0.0,0.0,0.0,0.0,0.0,0.0,0.0,0.0,0.0,0.0,0.0,0.0,0.0,0.0,0.0,0.0,0.0,0.0,0.0,0.0,0.0,0.0,0.0,0.0,0.0,0.0,0.0,0.0,0.0,0.0,0.0,0.0,0.0,0.0,0.0,0.0,0.0,0.0,0.0,0.0,0.0,0.0,0.0,0.0,0.0,0.0,0.0,0.0,0.0,0.0,0.0,0.0,0.0,0.0,0.0,0.0,0.0,0.0,0.0,0.0,0.0,0.0,0.0,0.0,0.0,0.0,0.0,0.0,0.0,0.0,0.0,0.0,0.0,0.0,0.0,0.0,0.0,0.0,0.0,0.0,0.0,0.0,0.0,0.0,0.0,0.0,0.0,0.0,0.0,0.0,0.0,0.0,0.0,0.0,0.0,0.0,0.0,0.0,0.0,0.0,0.0,0.0,0.0,0.0,0.0,0.0,0.0,0.0,0.0,0.0,0.0,0.0,0.0,0.0,0.0,0.0,0.0,0.0,0.0,0.0,0.0,0.0,0.0,0.0,0.0,0.0,0.0,0.0,0.0,0.0,0.0,0.0,0.0,0.0,0.0,0.0,0.0,0.0,0.0,0.0,0.0,0.0,0.0,0.0,0.0,0.0,0.0,0.0,0.0,0.0,0.0,0.0,0.0,0.0,0.0,0.0,0.0,0.0,0.0,0.0,0.0,0.0,0.0,0.0,0.0,0.0,0.0,0.0,0.0,0.0,0.0,0.0,0.0,0.0,0.0,0.0,0.0,0.0,0.0,0.0,0.0,0.0,0.0,0.0,0.0,0.0,0.0,0.0,0.0,0.0,0.0,0.0,0.0,0.0,0.0,0.0,0.0,0.0,0.0,0.0,0.0,0.0,0.0,0.0,0.0,0.0,0.0,0.0,0.0,0.0,0.0,0.0,0.0,0.0,0.0,0.0,0.0,0.0,0.0,0.0,0.0,0.0,0.0,0.0,0.0,0.0,0.0,0.0,0.0,0.0,0.0,0.0,0.0,0.0,0.0,0.0,0.0,0.0,0.0,0.0,0.0,0.0,0.0,0.0,0.0,0.0,0.0,0.0,0.0,0.0,0.0,0.0,0.0,0.0,0.0,0.0,0.0,0.0,0.0,0.0,0.0,0.0,0.0,0.0,0.0,0.0,0.0,0.0,0.0,0.0,0.0,0.0,0.0,0.0,0.0,0.0,0.0,0.0,0.0,0.0,0.0,0.0,0.0,0.0,0.0,0.0,0.0,0.0,0.0,0.0,0.0,0.0,0.0,0.0,0.0,0.0,0.0,0.0,0.0,0.0,0.0,0.0,0.0,0.0,0.0,0.0,0.0,0.0,0.0,0.0,0.0,0.0,0.0,0.0,0.0,0.0,0.0,0.0,0.0,0.0,0.0,0.0,0.0,0.0,0.0,0.0,0.0,0.0,0.0,0.0,0.0,0.0,0.0,0.0,0.0,0.0,0.0,0.0,0.0,0.0,0.0,0.0,0.0,0.0,0.0,0.0,0.0,0.0,0.0,0.0,0.0,0.0,0.0,0.0,0.0,0.0,0.0,0.0,0.0,0.0,0.0,0.0,0.0,0.0,0.0,0.0,0.0,0.0,0.0,0.0,0.0,0.0,0.0,0.0,0.0,0.0,0.0,0.0,0.0,0.0,0.0,0.0,0.0,0.0,0.0,0.0,0.0,0.0,0.0,0.0,0.0,0.0,0.0,0.0,0.0,0.0,0.0,0.0,0.0,0.0,0.0,0.0,0.0,0.0,0.0,0.0,0.0,0.0,0.0,0.0,0.0,0.0,0.0,0.0,0.0,0.0,0.0,0.0,0.0,0.0,0.0,0.0,0.0,0.0,0.0,0.0,0.0,0.0,0.0,0.0,0.0,0.0,0.0,0.0,0.0,0.0,0.0,0.0,0.0,0.0,0.0,0.0,0.0,0.0,0.0,0.0,0.0,0.0,0.0,0.0,0.0,0.0,0.0,0.0,0.0,0.0,0.0,0.0,0.0,0.0,0.0,0.0,0.0,0.0,0.0,0.0,0.0,0.0,0.0,0.0,0.0,0.0,0.0,0.0,0.0,0.0,0.0,0.0,0.0,0.0,0.0,0.0,0.0,0.0,0.0,0.0,0.0,0.0,0.0,0.0,0.0,0.0,0.0,0.0,0.0,0.0,0.0,0.0,0.0,0.0,0.0,0.0,0.0,0.0,0.0,0.0,0.0,0.0,0.0,0.0,0.0,0.0,0.0,0.0,0.0,0.0,0.0,0.0,0.0,0.0,0.0,0.0,0.0,0.0,0.0,0.0,0.0,0.0,0.0,0.0,0.0,0.0,0.0,0.0,0.0,0.0,0.0,0.0,0.0,0.0,0.0,0.0,0.0,0.0,0.0,0.0,0.0,0.0,0.0,0.0,0.0,0.0,0.0,0.0,0.0,0.0,0.0,0.0,0.0,0.0,0.0,0.0,0.0,0.0,0.0,0.0,0.0,0.0,0.0,0.0,0.0,0.0,0.0,0.0,0.0,0.0,0.0,0.0,0.0,0.0,0.0,0.0,0.0,0.0,0.0,0.0,0.0,0.0,0.0,0.0,0.0,0.0,0.0,0.0,0.0,0.0,0.0,0.0,0.0,0.0,0.0,0.0,0.0,0.0,0.0,0.0,0.0,0.0,0.0,0.0,0.0,0.0,0.0,0.0,0.0,0.0,0.0,0.0,0.0,0.0,0.0,0.0,0.0,0.0,0.0,0.0,0.0,0.0,0.0,0.0,0.0,0.0,0.0,0.0,0.0,0.0,0.0,0.0,0.0,0.0,0.0,0.0,0.0,0.0,0.0,0.0,0.0,0.0,0.0,0.0,0.0,0.0,0.0,0.0,0.0,0.0,0.0,0.0,0.0,0.0,0.0,0.0,0.0,0.0,0.0,0.0,0.0,0.0,0.0,0.0,0.0,0.0,0.0,0.0,0.0,0.0,0.0,0.0,0.0,0.0,0.0,0.0,0.0,0.0,0.0,0.0,0.0,0.0,0.0,0.0,0.0,0.0,0.0,0.0,0.0,0.0,0.0,0.0,0.0,0.0,0.0,0.0,0.0,0.0,0.0,0.0,0.0,0.0,0.0,0.0,0.0,0.0,0.0,0.0,0.0,0.0,0.0,0.0,0.0,0.0,0.0,0.0,0.0,0.0,0.0,0.0,0.0,0.0,0.0,0.0,0.0,0.0,0.0,0.0,0.0,0.0,0.0,0.0,0.0,0.0,0.0,0.0,0.0,0.0,0.0,0.0,0.0,0.0,0.0,0.0,0.0,0.0,0.0,0.0,0.0,0.0,0.0,0.0,0.0,0.0,0.0,0.0,0.0,0.0,0.0,0.0,0.0,0.0,0.0,0.0,0.0,0.0,0.0,0.0,0.0,0.0,0.0,0.0,0.0,0.0,0.0,0.0,0.0,0.0,0.0,0.0,0.0,0.0,0.0,0.0,0.0,0.0,0.0,0.0,0.0,0.0,0.0,0.0,0.0,0.0,0.0,0.0,0.0,0.0,0.0,0.0,0.0,0.0,0.0,0.0,0.0,0.0,0.0,0.0,0.0,0.0,0.0,0.0,0.0,0.0,0.0,0.0,0.0,0.0,0.0,0.0,0.0,0.0,0.0,0.0,0.0,0.0,0.0,0.0,0.0,0.0,0.0,0.0,0.0,0.0,0.0,0.0,0.0,0.0,0.0,0.0,0.0,0.0,0.0,0.0,0.0,0.0,0.0,0.0,0.0,0.0,0.0,0.0,0.0,0.0,0.0,0.0,0.0,0.0,0.0,0.0,0.0,0.0,0.0,0.0,0.0,0.0,0.0,0.0,0.0,0.0,0.0,0.0,0.0,0.0,0.0,0.0,0.0,0.0,0.0,0.0,0.0,0.0,0.0,0.0,0.0,0.0,0.0,0.0,0.0,0.0,0.0,0.0,0.0,0.0,0.0,0.0,0.0,0.0,0.0,0.0,0.0,0.0,0.0,0.0,0.0,0.0,0.0,0.0,0.0,0.0,0.0,0.0,0.0,0.0,0.0,0.0,0.0,0.0,0.0,0.0,0.0,0.0,0.0,0.0,0.0,0.0,0.0,0.0,0.0,0.0,0.0,0.0,0.0,0.0,0.0,0.0,0.0,0.0,0.0,0.0,0.0,0.0,0.0,0.0,0.0,0.0,0.0,0.0,0.0,0.0,0.0,0.0,0.0,0.0,0.0,0.0,0.0,0.0,0.0,0.0,0.0,0.0,0.0,0.0,0.0,0.0,0.0,0.0,0.0,0.0,0.0,0.0,0.0,0.0,0.0,0.0,0.0,0.0,0.0,0.0,0.0,0.0,0.0,0.0,0.0,0.0,0.0,0.0,0.0,0.0,0.0,0.0,0.0,0.0,0.0,0.0,0.0,0.0,0.0,0.0,0.0,0.0,0.0,0.0,0.0,0.0,0.0,0.0,0.0,0.0,0.0,0.0,0.0,0.0,0.0,0.0,0.0,0.0,0.0,0.0,0.0,0.0,0.0,0.0,0.0,0.0,0.0,0.0,0.0,0.0,0.0,0.0,0.0,0.0,0.0,0.0,0.0,0.0,0.0,0.0,0.0,0.0,0.0,0.0,0.0,0.0,0.0,0.0,0.0,0.0,0.0,0.0,0.0,0.0,0.0,0.0,0.0,0.0,0.0,0.0,0.0,0.0,0.0,0.0,0.0,0.0,0.0,0.0,0.0,0.0,0.0,0.0,0.0,0.0,0.0,0.0,0.0,0.0,0.0,0.0,0.0,0.0,0.0,0.0,0.0,0.0,0.0,0.0,0.0,0.0,0.0,0.0,0.0,0.0,0.0,0.0,0.0,0.0,0.0,0.0,0.0,0.0,0.0,0.0,0.0,0.0,0.0,0.0,0.0,0.0,0.0,0.0,0.0,0.0,0.0,0.0,0.0,0.0,0.0,0.0,0.0,0.0,0.0,0.0,0.0,0.0,0.0,0.0,0.0,0.0,0.0,0.0,0.0,0.0,0.0,0.0,0.0,0.0,0.0,0.0,0.0,0.0,0.0,0.0,0.0,0.0,0.0,0.0,0.0,0.0,0.0,0.0,0.0,0.0,0.0,0.0,0.0,0.0,0.0,0.0,0.0,0.0,0.0,0.0,0.0,0.0,0.0,0.0,0.0,0.0,0.0,0.0,0.0,0.0,0.0,0.0,0.0,0.0,0.0,0.0,0.0,0.0,0.0,0.0,0.0,0.0,0.0,0.0,0.0,0.0,0.0,0.0,0.0,0.0,0.0,0.0,0.0,0.0,0.0,0.0,0.0,0.0,0.0,0.0,0.0,0.0,0.0,0.0,0.0,0.0,0.0,0.0,0.0,0.0,0.0,0.0,0.0,0.0,0.0,0.0,0.0,0.0,0.0,0.0,0.0,0.0,0.0,0.0,0.0,0.0,0.0,0.0,0.0,0.0,0.0,0.0,0.0,0.0,0.0,0.0,0.0,0.0,0.0,0.0,0.0,0.0,0.0,0.0,0.0,0.0,0.0,0.0,0.0,0.0,0.0,0.0,0.0,0.0,0.0,0.0,0.0,0.0,0.0,0.0,0.0,0.0,0.0,0.0,0.0,0.0,0.0,0.0,0.0,0.0,0.0,0.0,0.0,0.0,0.0,0.0,0.0,0.0,0.0,0.0,0.0,0.0,0.0,0.0,0.0,0.0,0.0,0.0,0.0,0.0,0.0,0.0,0.0,0.0,0.0,0.0,0.0,0.0,0.0,0.0,0.0,0.0,0.0,0.0,0.0,0.0,0.0,0.0,0.0,0.0,0.0,0.0,0.0,0.0,0.0,0.0,0.0,0.0,0.0,0.0,0.0,0.0,0.0,0.0,0.0,0.0,0.0,0.0,0.0,0.0,0.0,0.0,0.0,0.0,0.0,0.0,0.0,0.0,0.0,0.0,0.0,0.0,0.0,0.0,0.0,0.0,0.0,0.0,0.0,0.0,0.0,0.0,0.0,0.0,0.0,0.0,0.0,0.0,0.0,0.0,0.0,0.0,0.0,0.0,0.0,0.0,0.0,0.0,0.0,0.0,0.0,0.0,0.0,0.0,0.0,0.0,0.0,0.0,0.0,0.0,0.0,0.0,0.0,0.0,0.0,0.0,0.0,0.0,0.0,0.0,0.0,0.0,0.0,0.0,0.0,0.0,0.0,0.0,0.0,0.0,0.0,0.0,0.0,0.0,0.0,0.0,0.0,0.0,0.0,0.0,0.0,0.0,0.0,0.0,0.0,0.0,0.0,0.0,0.0,0.0,0.0,0.0,0.0,0.0,0.0,0.0,0.0,0.0,0.0,0.0,0.0,0.0,0.0,0.0,0.0,0.0,0.0,0.0,0.0,0.0,0.0,0.0,0.0,0.0,0.0,0.0,0.0,0.0,0.0,0.0,0.0,0.0,0.0,0.0,0.0,0.0,0.0,0.0,0.0,0.0,0.0,0.0,0.0,0.0,0.0,0.0,0.0,0.0,0.0,0.0,0.0,0.0,0.0,0.0,0.0,0.0,0.0,0.0,0.0,0.0,0.0,0.0,0.0,0.0,0.0,0.0,0.0,0.0,0.0,0.0,0.0,0.0,0.0,0.0,0.0,0.0,0.0,0.0,0.0,0.0,0.0,0.0,0.0,0.0,0.0,0.0,0.0,0.0,0.0,0.0,0.0,0.0,0.0,0.0,0.0,0.0,0.0,0.0,0.0,0.0,0.0,0.0,0.0,0.0,0.0,0.0,0.0,0.0,0.0,0.0,0.0,0.0,0.0,0.0,0.0,0.0,0.0,0.0,0.0,0.0,0.0,0.0,0.0,0.0,0.0,0.0,0.0,0.0,0.0,0.0,0.0,0.0,0.0,0.0,0.0,0.0,0.0,0.0,0.0,0.0,0.0,0.0,0.0,0.0,0.0,0.0,0.0,0.0,0.0,0.0,0.0,0.0,0.0,0.0,0.0,0.0,0.0,0.0,0.0,0.0,0.0,0.0,0.0,0.0,0.0,0.0,0.0,0.0,0.0,0.0,0.0,0.0,0.0,0.0,0.0,0.0,0.0,0.0,0.0,0.0,0.0,0.0,0.0,0.0,0.0,0.0,0.0,0.0,0.0,0.0,0.0,0.0,0.0,0.0,0.0,0.0,0.0,0.0,0.0,0.0,0.0,0.0,0.0,0.0,0.0,0.0,0.0,0.0,0.0,0.0,0.0,0.0,0.0,0.0,0.0,0.0,0.0,0.0,0.0,0.0,0.0,0.0,0.0,0.0,0.0,0.0,0.0,0.0,0.0,0.0,0.0,0.0,0.0,0.0,0.0,0.0,0.0,0.0,0.0,0.0,0.0,0.0,0.0,0.0,0.0,0.0,0.0,0.0,0.0,0.0,0.0,0.0,0.0,0.0,0.0,0.0,0.0,0.0,0.0,0.0,0.0,0.0,0.0,0.0,0.0,0.0,0.0,0.0,0.0,0.0,0.0,0.0,0.0,0.0,0.0,0.0,0.0,0.0,0.0,0.0,0.0,0.0,0.0,0.0,0.0,0.0,0.0,0.0,0.0,0.0,0.0,0.0,0.0,0.0,0.0,0.0,0.0,0.0,0.0,0.0,0.0,0.0,0.0,0.0,0.0,0.0,0.0,0.0,0.0,0.0,0.0,0.0,0.0,0.0,0.0,0.0,0.0,0.0,0.0,0.0,0.0,0.0,0.0,0.0,0.0,0.0,0.0,0.0,0.0,0.0,0.0,0.0,0.0,0.0,0.0,0.0,0.0,0.0,0.0,0.0,0.0,0.0,0.0,0.0,0.0,0.0,0.0,0.0,0.0,0.0,0.0,0.0,0.0,0.0,0.0,0.0,0.0,0.0,0.0,0.0,0.0,0.0,0.0,0.0,0.0,0.0,0.0,0.0,0.0,0.0,0.0,0.0,0.0,0.0,0.0,0.0,0.0,0.0,0.0,0.0,0.0,0.0,0.0,0.0,0.0,0.0,0.0,0.0,0.0,0.0,0.0,0.0,0.0,0.0,0.0,0.0,0.0,0.0,0.0,0.0,0.0,0.0,0.0,0.0,0.0,0.0,0.0,0.0,0.0,0.0,0.0,0.0,0.0,0.0,0.0,0.0,0.0,0.0,0.0,0.0,0.0,0.0,0.0,0.0,0.0,0.0,0.0,0.0,0.0,0.0,0.0,0.0,0.0,0.0,0.0,0.0,0.0,0.0,0.0,0.0,0.0,0.0,0.0,0.0,0.0,0.0,0.0,0.0,0.0,0.0,0.0,0.0,0.0,0.0,0.0,0.0,0.0,0.0,0.0,0.0,0.0,0.0,0.0,0.0,0.0,0.0,0.0,0.0,0.0,0.0,0.0,0.0,0.0,0.0,0.0,0.0,0.0,0.0,0.0,0.0,0.0,0.0,0.0,0.0,0.0,0.0,0.0,0.0,0.0,0.0,0.0,0.0,0.0,0.0,0.0,0.0,0.0,0.0,0.0,0.0,0.0,0.0,0.0,0.0,0.0,0.0,0.0,0.0,0.0,0.0,0.0,0.0,0.0,0.0,0.0,0.0,0.0,0.0,0.0,0.0,0.0,0.0,0.0,0.0,0.0,0.0,0.0,0.0,0.0,0.0,0.0,0.0,0.0,0.0,0.0,0.0,0.0,0.0,0.0,0.0,0.0,0.0,0.0,0.0,0.0,0.0,0.0
Tax45,0.0,-0.8064625,-0.67910045,-0.50761616,-0.3050147,-0.080431126,0.15968624,0.4107504,0.66943914,0.92424744,1.1890265,1.4560313,1.7226075,1.9872547,2.2503204,2.5089,2.762844,3.0311432,3.2593267,3.5048528,3.7354162,3.9161935,4.0092196,4.195916,4.327716,4.5845323,4.7827754,4.8978906,5.007639,5.120588,5.265261,5.2794604,5.498065,5.566092,5.7102375,5.770792,5.9353814,5.954597,5.8742337,5.8536553,5.976623,6.0431128,6.28958,6.4467053,6.336157,6.525173,6.7879643,6.657048,6.625971,6.6504774,6.5399237,6.5793214,6.7886314,6.4695706,6.491682,6.3627167,6.237123,6.18968,6.003498,5.796069,5.485637,5.273972,5.3026724,5.2385235,5.3468375,5.3853545,2.3182247,2.3963115,5.7587876,5.854725,6.0356717,6.0510635,6.0637794,2.6357336,6.1913466,2.6706405,2.7672238,2.8127913,2.8328774,2.8862257,2.880652,2.9497201,3.0109763,3.0746675,3.1798632,3.2565331,7.3172364,7.368382,7.251544,7.448123,7.6250396,7.861106,7.852272,7.8378015,7.884862,7.8463693,7.552383,7.6143327,7.4753003,7.4548326,7.3700385,7.173017,7.125591,6.9773645,7.2101097,7.127231,7.022291,7.050785,7.2569027,7.327421,7.356357,7.226233,7.1906624,7.1293235,6.951989,2.9034166,2.958724,2.9948018,3.0157125,2.9550724,2.939913,2.9373572,2.8305748,2.7872188,2.7490182,2.7055545,2.5910585,2.4711437,2.336398,2.275188,2.1608832,2.0896053,1.9683152,1.7975976,1.6904947,1.5492263,1.4224308,1.2603923,1.1134914,0.9367622,0.75985616,0.6059678,0.44618264,0.3218409,0.23515132,0.1504808,0.06740498,-0.037352275,-0.15170899,-0.25421715,-0.31232128,-0.31850863,-0.21319461,-0.086178616,0.022853956,0.12227917,0.22622785,0.29776666,0.35017234,0.36231077,0.37959787,0.37965435,0.3387945,0.2917136,0.27190349,0.24075985,0.24567346,0.2899539,0.27728906,0.27816457,0.30585086,0.3343688,0.34815237,0.3196851,0.42020845,0.46112955,0.41767088,0.3920059,0.4111339,0.47988373,0.52199596,0.46552867,0.27961445,0.07709057,-0.05914143,-0.15486895,-0.25435728,-0.3369101,-0.39373356,-0.46277633,-0.5137718,-0.5652937,-0.59733623,-0.61783415,-0.64948785,-0.656659,-0.6711501,-0.6812379,-0.6887741,-0.67212975,-0.6907705,-0.6971966,-0.68488955,-0.68586564,-0.69237334,-0.6927041,-0.6657637,-0.6431994,-0.62450814,-0.6173402,-0.59563875,-0.59599215,-0.57040787,-0.5473237,-0.537244,-0.5081198,-0.48095214,-0.47880507,-0.4697455,-0.4542584,-0.44231394,-0.41182172,-0.38615975,-0.36435905,-0.34585208,-0.34333205,-0.3288475,-0.2986431,-0.29618034,-0.29342827,-0.28273308,-0.26536348,-0.263496,-0.24502788,-0.23489082,-0.20234235,-0.19445989,-0.1927797,-0.17612098,-0.17462908,-0.16704363,-0.15921122,-0.14135191,-0.14031354,-0.13353482,-0.132363,-0.13123752,-0.1196907,-0.118650675,-0.11761757,-0.10451275,-0.10360374,-0.102720745,-0.08826323,-0.087463416,-0.08022516,-0.06705625,-0.06653292,-0.059595432,-0.05914727,-0.051204525,-0.050745953,-0.050256714,-0.049784068,-0.04934433,-0.04887461,-0.04844027,-0.048047066,-0.04766774,-0.047269702,-0.040459484,-0.02969152,-0.029426089,-0.029161079,-0.028897261,-0.028634438,-0.028358046,-0.02399576,-0.017572612,-0.00921688,-0.009129721,-0.009046083,-0.008955027,-0.008864753,-0.008772276,-0.008672595,-0.008571211,-0.0084661655,-0.008370001,-0.008270436,-0.008184223,-0.008106242,-0.008037489,-0.007964725,-0.007859051,-0.007708957,-0.0075103333,-0.007238636,-0.006891989,-0.006498536,-0.006128462,-0.0057980455,-0.0053493176,-0.004840534,-0.004296499,-0.0037197182,-0.003072654,-0.0024024548,-0.0016585557,-0.0006734582,0.00040199305,0.0017042612,0.0030787333,0.0045941034,0.0063244887,0.003981973,0.0051261988,0.006474184,0.008074457,0.0,0.0,0.0,0.0,0.0,0.0,0.0,0.0,0.0,0.0,0.0,0.0,0.0,0.0,0.0,0.0,0.0,0.0,0.0,0.0,0.0,0.0,0.0,0.0,0.0,0.0,0.0,0.0,0.0,0.0,0.0,0.0,0.0,0.0,0.0,0.0,0.0,0.0,0.0,0.0,0.0,0.0,0.0,0.0,0.0,0.0,0.0,0.0,0.0,0.0,0.0,0.0,0.0,0.0,0.0,0.0,0.0,0.0,0.0,0.0,0.0,0.0,0.0,0.0,0.0,0.0,0.0,0.0,0.0,0.0,0.0,0.0,0.0,0.0,0.0,0.0,0.0,0.0,0.0,0.0,0.0,0.0,0.0,0.0,0.0,0.0,0.0,0.0,0.0,0.0,0.0,0.0,0.0,0.0,0.0,0.0,0.0,0.0,0.0,0.0,0.0,0.0,0.0,0.0,0.0,0.0,0.0,0.0,0.0,0.0,0.0,0.0,0.0,0.0,0.0,0.0,0.0,0.0,0.0,0.0,0.0,0.0,0.0,0.0,0.0,0.0,0.0,0.0,0.0,0.0,0.0,0.0,0.0,0.0,0.0,0.0,0.0,0.0,0.0,0.0,0.0,0.0,0.0,0.0,0.0,0.0,0.0,0.0,0.0,0.0,0.0,0.0,0.0,0.0,0.0,0.0,0.0,0.0,0.0,0.0,0.0,0.0,0.0,0.0,0.0,0.0,0.0,0.0,0.0,0.0,0.0,0.0,0.0,0.0,0.0,0.0,0.0,0.0,0.0,0.0,0.0,0.0,0.0,0.0,0.0,0.0,0.0,0.0,0.0,0.0,0.0,0.0,0.0,0.0,0.0,0.0,0.0,0.0,0.0,0.0,0.0,0.0,0.0,0.0,0.0,0.0,0.0,0.0,0.0,0.0,0.0,0.0,0.0,0.0,0.0,0.0,0.0,0.0,0.0,0.0,0.0,0.0,0.0,0.0,0.0,0.0,0.0,0.0,0.0,0.0,0.0,0.0,0.0,0.0,0.0,0.0,0.0,0.0,0.0,0.0,0.0,0.0,0.0,0.0,0.0,0.0,0.0,0.0,0.0,0.0,0.0,0.0,0.0,0.0,0.0,0.0,0.0,0.0,0.0,0.0,0.0,0.0,0.0,0.0,0.0,0.0,0.0,0.0,0.0,0.0,0.0,0.0,0.0,0.0,0.0,0.0,0.0,0.0,0.0,0.0,0.0,0.0,0.0,0.0,0.0,0.0,0.0,0.0,0.0,0.0,0.0,0.0,0.0,0.0,0.0,0.0,0.0,0.0,0.0,0.0,0.0,0.0,0.0,0.0,0.0,0.0,0.0,0.0,0.0,0.0,0.0,0.0,0.0,0.0,0.0,0.0,0.0,0.0,0.0,0.0,0.0,0.0,0.0,0.0,0.0,0.0,0.0,0.0,0.0,0.0,0.0,0.0,0.0,0.0,0.0,0.0,0.0,0.0,0.0,0.0,0.0,0.0,0.0,0.0,0.0,0.0,0.0,0.0,0.0,0.0,0.0,0.0,0.0,0.0,0.0,0.0,0.0,0.0,0.0,0.0,0.0,0.0,0.0,0.0,0.0,0.0,0.0,0.0,0.0,0.0,0.0,0.0,0.0,0.0,0.0,0.0,0.0,0.0,0.0,0.0,0.0,0.0,0.0,0.0,0.0,0.0,0.0,0.0,0.0,0.0,0.0,0.0,0.0,0.0,0.0,0.0,0.0,0.0,0.0,0.0,0.0,0.0,0.0,0.0,0.0,0.0,0.0,0.0,0.0,0.0,0.0,0.0,0.0,0.0,0.0,0.0,0.0,0.0,0.0,0.0,0.0,0.0,0.0,0.0,0.0,0.0,0.0,0.0,0.0,0.0,0.0,0.0,0.0,0.0,0.0,0.0,0.0,0.0,0.0,0.0,0.0,0.0,0.0,0.0,0.0,0.0,0.0,0.0,0.0,0.0,0.0,0.0,0.0,0.0,0.0,0.0,0.0,0.0,0.0,0.0,0.0,0.0,0.0,0.0,0.0,0.0,0.0,0.0,0.0,0.0,0.0,0.0,0.0,0.0,0.0,0.0,0.0,0.0,0.0,0.0,0.0,0.0,0.0,0.0,0.0,0.0,0.0,0.0,0.0,0.0,0.0,0.0,0.0,0.0,0.0,0.0,0.0,0.0,0.0,0.0,0.0,0.0,0.0,0.0,0.0,0.0,0.0,0.0,0.0,0.0,0.0,0.0,0.0,0.0,0.0,0.0,0.0,0.0,0.0,0.0,0.0,0.0,0.0,0.0,0.0,0.0,0.0,0.0,0.0,0.0,0.0,0.0,0.0,0.0,0.0,0.0,0.0,0.0,0.0,0.0,0.0,0.0,0.0,0.0,0.0,0.0,0.0,0.0,0.0,0.0,0.0,0.0,0.0,0.0,0.0,0.0,0.0,0.0,0.0,0.0,0.0,0.0,0.0,0.0,0.0,0.0,0.0,0.0,0.0,0.0,0.0,0.0,0.0,0.0,0.0,0.0,0.0,0.0,0.0,0.0,0.0,0.0,0.0,0.0,0.0,0.0,0.0,0.0,0.0,0.0,0.0,0.0,0.0,0.0,0.0,0.0,0.0,0.0,0.0,0.0,0.0,0.0,0.0,0.0,0.0,0.0,0.0,0.0,0.0,0.0,0.0,0.0,0.0,0.0,0.0,0.0,0.0,0.0,0.0,0.0,0.0,0.0,0.0,0.0,0.0,0.0,0.0,0.0,0.0,0.0,0.0,0.0,0.0,0.0,0.0,0.0,0.0,0.0,0.0,0.0,0.0,0.0,0.0,0.0,0.0,0.0,0.0,0.0,0.0,0.0,0.0,0.0,0.0,0.0,0.0,0.0,0.0,0.0,0.0,0.0,0.0,0.0,0.0,0.0,0.0,0.0,0.0,0.0,0.0,0.0,0.0,0.0,0.0,0.0,0.0,0.0,0.0,0.0,0.0,0.0,0.0,0.0,0.0,0.0,0.0,0.0,0.0,0.0,0.0,0.0,0.0,0.0,0.0,0.0,0.0,0.0,0.0,0.0,0.0,0.0,0.0,0.0,0.0,0.0,0.0,0.0,0.0,0.0,0.0,0.0,0.0,0.0,0.0,0.0,0.0,0.0,0.0,0.0,0.0,0.0,0.0,0.0,0.0,0.0,0.0,0.0,0.0,0.0,0.0,0.0,0.0,0.0,0.0,0.0,0.0,0.0,0.0,0.0,0.0,0.0,0.0,0.0,0.0,0.0,0.0,0.0,0.0,0.0,0.0,0.0,0.0,0.0,0.0,0.0,0.0,0.0,0.0,0.0,0.0,0.0,0.0,0.0,0.0,0.0,0.0,0.0,0.0,0.0,0.0,0.0,0.0,0.0,0.0,0.0,0.0,0.0,0.0,0.0,0.0,0.0,0.0,0.0,0.0,0.0,0.0,0.0,0.0,0.0,0.0,0.0,0.0,0.0,0.0,0.0,0.0,0.0,0.0,0.0,0.0,0.0,0.0,0.0,0.0,0.0,0.0,0.0,0.0,0.0,0.0,0.0,0.0,0.0,0.0,0.0,0.0,0.0,0.0,0.0,0.0,0.0,0.0,0.0,0.0,0.0,0.0,0.0,0.0,0.0,0.0,0.0,0.0,0.0,0.0,0.0,0.0,0.0,0.0,0.0,0.0,0.0,0.0,0.0,0.0,0.0,0.0,0.0,0.0,0.0,0.0,0.0,0.0,0.0,0.0,0.0,0.0,0.0,0.0,0.0,0.0,0.0,0.0,0.0,0.0,0.0,0.0,0.0,0.0,0.0,0.0,0.0,0.0,0.0,0.0,0.0,0.0,0.0,0.0,0.0,0.0,0.0,0.0,0.0,0.0,0.0,0.0,0.0,0.0,0.0,0.0,0.0,0.0,0.0,0.0,0.0,0.0,0.0,0.0,0.0,0.0,0.0,0.0,0.0,0.0,0.0,0.0,0.0,0.0,0.0,0.0,0.0,0.0,0.0,0.0,0.0,0.0,0.0,0.0,0.0,0.0,0.0,0.0,0.0,0.0,0.0,0.0,0.0,0.0,0.0,0.0,0.0,0.0,0.0,0.0,0.0,0.0,0.0,0.0,0.0,0.0,0.0,0.0,0.0,0.0,0.0,0.0,0.0,0.0,0.0,0.0,0.0,0.0,0.0,0.0,0.0,0.0,0.0,0.0,0.0,0.0,0.0,0.0,0.0,0.0,0.0,0.0,0.0,0.0,0.0,0.0,0.0,0.0,0.0,0.0,0.0,0.0,0.0,0.0,0.0,0.0,0.0,0.0,0.0,0.0,0.0,0.0,0.0,0.0,0.0,0.0,0.0,0.0,0.0,0.0,0.0,0.0,0.0,0.0,0.0,0.0,0.0,0.0,0.0,0.0,0.0,0.0,0.0,0.0,0.0,0.0,0.0,0.0,0.0,0.0,0.0,0.0,0.0,0.0,0.0,0.0,0.0,0.0,0.0,0.0,0.0,0.0,0.0,0.0,0.0,0.0,0.0,0.0,0.0,0.0,0.0,0.0,0.0,0.0,0.0,0.0,0.0,0.0,0.0,0.0,0.0,0.0,0.0,0.0,0.0,0.0,0.0,0.0,0.0,0.0,0.0,0.0,0.0,0.0,0.0,0.0,0.0,0.0,0.0,0.0,0.0,0.0,0.0,0.0,0.0,0.0,0.0,0.0,0.0,0.0,0.0,0.0,0.0,0.0,0.0,0.0,0.0,0.0,0.0,0.0,0.0,0.0,0.0,0.0,0.0,0.0,0.0,0.0,0.0,0.0,0.0,0.0,0.0,0.0,0.0,0.0,0.0,0.0,0.0,0.0,0.0,0.0,0.0,0.0,0.0,0.0,0.0,0.0,0.0,0.0,0.0,0.0,0.0,0.0,0.0,0.0,0.0,0.0,0.0,0.0,0.0,0.0,0.0,0.0,0.0,0.0,0.0,0.0,0.0,0.0,0.0,0.0,0.0,0.0,0.0,0.0,0.0,0.0,0.0,0.0,0.0,0.0,0.0,0.0,0.0,0.0,0.0,0.0,0.0,0.0,0.0,0.0,0.0,0.0,0.0,0.0,0.0,0.0,0.0,0.0,0.0,0.0,0.0,0.0,0.0,0.0,0.0,0.0,0.0,0.0,0.0,0.0,0.0,0.0,0.0,0.0,0.0,0.0,0.0,0.0,0.0,0.0,0.0,0.0,0.0,0.0,0.0,0.0,0.0,0.0,0.0,0.0,0.0,0.0,0.0,0.0,0.0,0.0,0.0,0.0,0.0,0.0,0.0,0.0,0.0,0.0,0.0,0.0,0.0,0.0,0.0,0.0,0.0,0.0,0.0,0.0,0.0,0.0,0.0,0.0,0.0,0.0,0.0,0.0,0.0,0.0,0.0,0.0,0.0,0.0,0.0,0.0,0.0,0.0,0.0,0.0,0.0,0.0,0.0,0.0,0.0,0.0,0.0,0.0,0.0,0.0,0.0,0.0,0.0,0.0,0.0,0.0,0.0,0.0,0.0,0.0,0.0,0.0,0.0,0.0,0.0,0.0,0.0,0.0,0.0,0.0,0.0,0.0,0.0,0.0,0.0,0.0,0.0,0.0,0.0,0.0,0.0,0.0,0.0,0.0,0.0,0.0,0.0,0.0,0.0,0.0,0.0,0.0,0.0,0.0,0.0,0.0,0.0,0.0,0.0,0.0,0.0,0.0,0.0,0.0,0.0,0.0,0.0,0.0,0.0,0.0,0.0,0.0,0.0,0.0,0.0,0.0,0.0,0.0,0.0,0.0,0.0,0.0,0.0,0.0,0.0,0.0,0.0,0.0,0.0,0.0,0.0,0.0,0.0,0.0,0.0,0.0,0.0,0.0,0.0,0.0,0.0,0.0,0.0,0.0,0.0,0.0,0.0,0.0,0.0,0.0,0.0,0.0,0.0,0.0,0.0,0.0,0.0,0.0,0.0,0.0,0.0,0.0,0.0,0.0,0.0,0.0,0.0,0.0,0.0,0.0,0.0,0.0,0.0,0.0,0.0,0.0,0.0,0.0,0.0,0.0,0.0,0.0,0.0,0.0,0.0,0.0,0.0,0.0,0.0,0.0,0.0,0.0,0.0,0.0,0.0,0.0,0.0,0.0,0.0,0.0,0.0,0.0,0.0,0.0,0.0,0.0,0.0,0.0,0.0,0.0,0.0,0.0,0.0,0.0,0.0,0.0,0.0,0.0,0.0,0.0,0.0,0.0,0.0,0.0,0.0,0.0,0.0,0.0,0.0,0.0,0.0,0.0,0.0,0.0,0.0,0.0,0.0,0.0,0.0,0.0,0.0,0.0,0.0,0.0,0.0,0.0,0.0,0.0,0.0,0.0,0.0,0.0,0.0,0.0,0.0,0.0,0.0,0.0,0.0,0.0,0.0,0.0,0.0,0.0,0.0,0.0,0.0,0.0,0.0,0.0,0.0,0.0,0.0,0.0,0.0,0.0,0.0,0.0,0.0,0.0,0.0,0.0,0.0,0.0,0.0,0.0,0.0,0.0,0.0,0.0,0.0,0.0,0.0,0.0,0.0,0.0,0.0,0.0,0.0,0.0,0.0,0.0,0.0,0.0,0.0,0.0,0.0,0.0,0.0,0.0,0.0,0.0,0.0,0.0,0.0,0.0,0.0,0.0,0.0,0.0,0.0,0.0,0.0,0.0,0.0,0.0,0.0,0.0,0.0,0.0,0.0,0.0,0.0,0.0,0.0,0.0,0.0,0.0,0.0,0.0,0.0,0.0,0.0,0.0,0.0,0.0,0.0,0.0,0.0,0.0,0.0,0.0,0.0,0.0,0.0,0.0,0.0,0.0,0.0,0.0,0.0,0.0,0.0,0.0,0.0,0.0,0.0,0.0,0.0,0.0,0.0,0.0,0.0,0.0,0.0,0.0,0.0,0.0,0.0,0.0,0.0,0.0,0.0,0.0,0.0,0.0,0.0,0.0,0.0,0.0,0.0,0.0,0.0,0.0,0.0,0.0,0.0,0.0,0.0,0.0,0.0,0.0,0.0,0.0,0.0,0.0,0.0,0.0,0.0,0.0,0.0,0.0,0.0,0.0,0.0,0.0,0.0,0.0,0.0,0.0,0.0,0.0,0.0,0.0,0.0,0.0,0.0,0.0,0.0,0.0,0.0,0.0,0.0,0.0,0.0,0.0,0.0,0.0,0.0,0.0,0.0,0.0,0.0,0.0,0.0,0.0,0.0,0.0,0.0,0.0,0.0,0.0,0.0,0.0,0.0,0.0,0.0,0.0,0.0,0.0,0.0,0.0,0.0,0.0,0.0,0.0,0.0,0.0,0.0,0.0,0.0,0.0,0.0,0.0,0.0,0.0,0.0,0.0,0.0,0.0,0.0,0.0,0.0,0.0,0.0,0.0,0.0,0.0,0.0,0.0,0.0,0.0,0.0,0.0,0.0,0.0,0.0,0.0,0.0,0.0,0.0,0.0,0.0,0.0,0.0,0.0,0.0,0.0,0.0,0.0,0.0,0.0,0.0,0.0,0.0,0.0,0.0,0.0,0.0,0.0,0.0,0.0,0.0,0.0,0.0,0.0,0.0,0.0,0.0,0.0,0.0,0.0,0.0,0.0,0.0,0.0,0.0,0.0,0.0,0.0,0.0,0.0,0.0,0.0,0.0,0.0,0.0,0.0,0.0,0.0,0.0,0.0,0.0,0.0,0.0,0.0,0.0,0.0,0.0,0.0,0.0,0.0,0.0,0.0,0.0,0.0,0.0,0.0,0.0,0.0,0.0,0.0,0.0,0.0,0.0,0.0,0.0,0.0,0.0,0.0,0.0,0.0,0.0,0.0,0.0,0.0,0.0,0.0,0.0,0.0,0.0,0.0,0.0,0.0,0.0,0.0,0.0,0.0,0.0,0.0,0.0,0.0,0.0,0.0,0.0,0.0,0.0,0.0,0.0,0.0,0.0,0.0,0.0,0.0,0.0,0.0,0.0,0.0,0.0,0.0,0.0,0.0,0.0,0.0,0.0,0.0,0.0,0.0,0.0,0.0,0.0,0.0,0.0,0.0,0.0,0.0,0.0,0.0,0.0,0.0,0.0,0.0,0.0,0.0,0.0,0.0,0.0,0.0,0.0,0.0,0.0,0.0,0.0,0.0,0.0,0.0,0.0,0.0,0.0,0.0,0.0,0.0,0.0,0.0,0.0,0.0,0.0,0.0,0.0,0.0,0.0,0.0,0.0,0.0,0.0,0.0,0.0,0.0,0.0,0.0,0.0,0.0,0.0,0.0,0.0,0.0,0.0,0.0,0.0,0.0,0.0,0.0,0.0,0.0,0.0,0.0,0.0,0.0,0.0,0.0,0.0,0.0,0.0,0.0,0.0,0.0,0.0,0.0,0.0,0.0,0.0,0.0,0.0,0.0,0.0,0.0,0.0,0.0,0.0,0.0,0.0,0.0,0.0,0.0,0.0,0.0,0.0,0.0,0.0,0.0,0.0,0.0,0.0,0.0,0.0,0.0,0.0,0.0,0.0,0.0,0.0,0.0,0.0,0.0,0.0,0.0,0.0,0.0,0.0,0.0,0.0,0.0,0.0,0.0,0.0,0.0,0.0,0.0,0.0,0.0,0.0,0.0,0.0,0.0,0.0,0.0,0.0,0.0,0.0,0.0,0.0,0.0,0.0,0.0,0.0,0.0,0.0,0.0,0.0,0.0,0.0,0.0,0.0,0.0,0.0,0.0,0.0,0.0,0.0,0.0,0.0,0.0,0.0,0.0,0.0,0.0,0.0,0.0,0.0,0.0,0.0,0.0,0.0,0.0,0.0,0.0,0.0,0.0,0.0,0.0,0.0,0.0,0.0,0.0,0.0,0.0,0.0,0.0,0.0,0.0,0.0,0.0,0.0,0.0,0.0,0.0,0.0,0.0,0.0,0.0,0.0,0.0,0.0,0.0,0.0,0.0,0.0,0.0,0.0,0.0,0.0,0.0,0.0,0.0,0.0,0.0,0.0,0.0,0.0,0.0,0.0,0.0,0.0,0.0,0.0,0.0,0.0,0.0,0.0,0.0,0.0,0.0,0.0,0.0,0.0,0.0,0.0,0.0,0.0,0.0,0.0,0.0,0.0,0.0,0.0,0.0,0.0,0.0,0.0,0.0,0.0,0.0,0.0,0.0,0.0,0.0,0.0,0.0,0.0,0.0,0.0,0.0,0.0,0.0,0.0,0.0,0.0,0.0,0.0,0.0,0.0,0.0,0.0,0.0,0.0,0.0,0.0,0.0,0.0,0.0,0.0,0.0,0.0,0.0,0.0,0.0,0.0,0.0,0.0,0.0,0.0,0.0,0.0,0.0,0.0,0.0,0.0,0.0,0.0,0.0,0.0,0.0,0.0,0.0,0.0,0.0,0.0,0.0,0.0,0.0,0.0,0.0,0.0,0.0,0.0,0.0,0.0,0.0,0.0,0.0,0.0,0.0,0.0,0.0,0.0,0.0,0.0,0.0,0.0,0.0,0.0,0.0,0.0,0.0,0.0,0.0,0.0,0.0,0.0,0.0,0.0,0.0,0.0,0.0,0.0,0.0,0.0,0.0,0.0,0.0,0.0,0.0,0.0,0.0,0.0,0.0,0.0,0.0,0.0,0.0,0.0,0.0,0.0,0.0,0.0,0.0,0.0,0.0,0.0,0.0,0.0,0.0,0.0,0.0,0.0,0.0,0.0,0.0,0.0,0.0,0.0,0.0,0.0,0.0,0.0,0.0,0.0,0.0,0.0,0.0,0.0,0.0,0.0,0.0,0.0,0.0,0.0,0.0,0.0,0.0,0.0,0.0,0.0,0.0,0.0,0.0,0.0,0.0,0.0,0.0,0.0,0.0,0.0,0.0,0.0,0.0,0.0,0.0,0.0,0.0,0.0,0.0,0.0,0.0,0.0,0.0,0.0,0.0,0.0,0.0,0.0,0.0,0.0,0.0,0.0,0.0,0.0,0.0,0.0,0.0,0.0,0.0,0.0,0.0,0.0,0.0,0.0,0.0,0.0,0.0,0.0,0.0,0.0,0.0,0.0,0.0,0.0,0.0,0.0,0.0,0.0,0.0,0.0,0.0,0.0,0.0,0.0,0.0,0.0,0.0,0.0,0.0,0.0,0.0,0.0,0.0,0.0,0.0,0.0,0.0,0.0,0.0,0.0,0.0,0.0,0.0,0.0,0.0,0.0,0.0,0.0,0.0,0.0,0.0,0.0,0.0,0.0,0.0,0.0,0.0,0.0,0.0,0.0,0.0,0.0,0.0,0.0,0.0,0.0,0.0,0.0,0.0,0.0,0.0,0.0,0.0,0.0,0.0,0.0,0.0,0.0,0.0,0.0,0.0,0.0,0.0,0.0,0.0,0.0,0.0,0.0,0.0,0.0,0.0,0.0,0.0,0.0,0.0,0.0,0.0,0.0,0.0,0.0,0.0,0.0,0.0,0.0,0.0,0.0,0.0,0.0,0.0,0.0,0.0,0.0,0.0,0.0,0.0,0.0,0.0,0.0,0.0,0.0,0.0,0.0,0.0,0.0,0.0,0.0,0.0,0.0,0.0,0.0,0.0,0.0,0.0,0.0,0.0,0.0,0.0,0.0,0.0,0.0,0.0,0.0,0.0,0.0,0.0,0.0,0.0,0.0,0.0,0.0,0.0,0.0,0.0,0.0,0.0,0.0,0.0,0.0,0.0,0.0,0.0,0.0,0.0,0.0,0.0,0.0,0.0,0.0,0.0,0.0,0.0,0.0,0.0,0.0,0.0,0.0,0.0,0.0,0.0,0.0,0.0,0.0,0.0,0.0,0.0,0.0,0.0,0.0,0.0,0.0,0.0,0.0,0.0,0.0,0.0,0.0,0.0,0.0,0.0,0.0,0.0,0.0,0.0,0.0,0.0,0.0,0.0,0.0,0.0,0.0,0.0,0.0,0.0,0.0,0.0,0.0,0.0,0.0,0.0,0.0,0.0,0.0,0.0,0.0,0.0,0.0,0.0,0.0,0.0,0.0,0.0,0.0,0.0,0.0,0.0,0.0,0.0,0.0,0.0,0.0,0.0,0.0,0.0,0.0,0.0,0.0,0.0,0.0,0.0,0.0,0.0,0.0,0.0,0.0,0.0,0.0,0.0,0.0,0.0,0.0,0.0,0.0,0.0,0.0,0.0,0.0,0.0,0.0,0.0,0.0,0.0,0.0,0.0,0.0,0.0,0.0,0.0,0.0,0.0,0.0,0.0,0.0,0.0,0.0,0.0,0.0,0.0,0.0,0.0,0.0,0.0,0.0,0.0,0.0,0.0,0.0,0.0,0.0,0.0,0.0,0.0,0.0,0.0,0.0,0.0,0.0,0.0,0.0,0.0,0.0,0.0,0.0,0.0,0.0,0.0,0.0,0.0,0.0,0.0,0.0,0.0,0.0,0.0,0.0,0.0,0.0,0.0,0.0,0.0,0.0
Tax46,0.0,-1.2891325,-1.1669272,-1.0346988,-0.89631104,-0.7579175,-0.62022847,-0.48492548,-0.34778163,-0.22151619,-0.1005242,0.014863758,0.12389538,0.22613849,0.32702857,0.41571516,0.50346243,0.5892534,0.6638735,0.75006384,0.82672167,0.8971373,0.95760006,1.0228058,1.0887657,1.1386915,1.1872662,1.2540358,1.3096193,1.3525121,1.4117678,1.4382308,1.5467143,1.6372133,1.6973145,1.7158638,1.7713964,1.8768879,1.8730452,1.8960394,1.8896301,1.8581381,1.9757733,2.060313,2.091027,2.199119,2.2957194,2.2511253,2.2631295,2.262062,2.243424,2.2589085,2.1941044,2.1235368,2.1549728,2.0727158,2.0088074,1.9343841,1.818459,1.6463385,1.4174471,1.3257263,1.1740886,1.0855336,1.0751499,1.0669212,0.43069428,0.48556587,1.224221,1.2907494,1.3499228,1.3578116,1.3076397,0.60805917,1.3691382,0.6498403,0.6800474,0.6883764,0.7063697,0.7554127,0.81254715,0.79300845,0.8079781,0.8812357,0.9260022,0.97385806,1.8696606,1.9011946,1.9429886,1.9205203,2.0180511,1.9845294,2.0606298,2.03259,1.9409593,1.8791806,1.7539146,1.6983469,1.6633888,1.6292598,1.4780711,1.4830251,1.4393492,1.4569136,1.4333925,1.4035943,1.3860333,1.362266,1.3474556,1.2775599,1.2059938,1.1716405,1.1511047,1.0689667,1.0049795,0.14360161,0.12814343,0.22967435,0.16469184,0.1301036,0.120586954,0.04683282,-0.016328355,-0.061791167,-0.08536204,-0.109939374,-0.1640611,-0.29998964,-0.36777136,-0.42045534,-0.49854615,-0.552211,-0.5823429,-0.6185909,-0.67059153,-0.73572665,-0.77657104,-0.84453607,-0.9004237,-0.9732728,-1.0328454,-1.0795581,-1.1289953,-1.169373,-1.1700343,-1.1789035,-1.1598264,-1.161724,-1.1826102,-1.165076,-1.1021998,-1.048477,-0.9631556,-0.8426552,-0.77845645,-0.7284079,-0.6780156,-0.62386334,-0.6024389,-0.5837082,-0.5481541,-0.5386418,-0.5275475,-0.5195579,-0.5104582,-0.4864634,-0.46054822,-0.4323392,-0.41065368,-0.40089485,-0.39163116,-0.37715322,-0.3501405,-0.3446,-0.3053593,-0.27127331,-0.26686078,-0.26994848,-0.2618648,-0.24772565,-0.22124374,-0.20621099,-0.23371151,-0.24655513,-0.25870743,-0.27231547,-0.27860147,-0.2822154,-0.2812148,-0.28821582,-0.27605444,-0.27359676,-0.25932145,-0.23344553,-0.23479506,-0.23546079,-0.20937675,-0.21032374,-0.20010516,-0.1797679,-0.18014401,-0.17075765,-0.16169089,-0.16114618,-0.14451464,-0.13787502,-0.11853027,-0.105943345,-0.10541321,-0.08711102,-0.08660885,-0.07816117,-0.07102535,-0.05885372,-0.05131928,-0.05085371,-0.050384946,-0.042813875,-0.0328089,-0.032464527,-0.020754457,-0.014521068,-0.014361133,-0.014205661,-0.014051228,-0.013890421,-0.006090387,-0.006019475,-0.005946164,-0.005868752,-0.005785774,-0.0057148277,-0.005650908,-0.0055854646,-0.0055184183,-0.005450241,-0.005381338,-0.0053143017,-0.0052486435,-0.005184043,-0.005119236,-0.0050551053,-0.0049941605,-0.0049374336,-0.004877478,-0.0048161885,-0.0047568195,-0.004697867,-0.004639241,-0.0045812796,-0.0045229383,-0.004466441,-0.0044113137,-0.00435544,-0.0042996625,-0.0042472705,-0.0041975253,-0.0041485,-0.0040997355,-0.004052947,0.0,0.0,0.0,0.0,0.0,0.0,0.0,0.0,0.0,0.0,0.0,0.0,0.0,0.0,0.0,0.0,0.0,0.0,0.0,0.0,0.0,0.0,0.0,0.0,0.0,0.0,0.0,0.0,0.0,0.0,0.0,0.0,0.0,0.0,0.0,0.0,0.0,0.0,0.0,0.0,0.0,0.0,0.0,0.0,0.0,0.0,0.0,0.0,0.0,0.0,0.0,0.0,0.0,0.0,0.0,0.0,0.0,0.0,0.0,0.0,0.0,0.0,0.0,0.0,0.0,0.0,0.0,0.0,0.0,0.0,0.0,0.0,0.0,0.0,0.0,0.0,0.0,0.0,0.0,0.0,0.0,0.0,0.0,0.0,0.0,0.0,0.0,0.0,0.0,0.0,0.0,0.0,0.0,0.0,0.0,0.0,0.0,0.0,0.0,0.0,0.0,0.0,0.0,0.0,0.0,0.0,0.0,0.0,0.0,0.0,0.0,0.0,0.0,0.0,0.0,0.0,0.0,0.0,0.0,0.0,0.0,0.0,0.0,0.0,0.0,0.0,0.0,0.0,0.0,0.0,0.0,0.0,0.0,0.0,0.0,0.0,0.0,0.0,0.0,0.0,0.0,0.0,0.0,0.0,0.0,0.0,0.0,0.0,0.0,0.0,0.0,0.0,0.0,0.0,0.0,0.0,0.0,0.0,0.0,0.0,0.0,0.0,0.0,0.0,0.0,0.0,0.0,0.0,0.0,0.0,0.0,0.0,0.0,0.0,0.0,0.0,0.0,0.0,0.0,0.0,0.0,0.0,0.0,0.0,0.0,0.0,0.0,0.0,0.0,0.0,0.0,0.0,0.0,0.0,0.0,0.0,0.0,0.0,0.0,0.0,0.0,0.0,0.0,0.0,0.0,0.0,0.0,0.0,0.0,0.0,0.0,0.0,0.0,0.0,0.0,0.0,0.0,0.0,0.0,0.0,0.0,0.0,0.0,0.0,0.0,0.0,0.0,0.0,0.0,0.0,0.0,0.0,0.0,0.0,0.0,0.0,0.0,0.0,0.0,0.0,0.0,0.0,0.0,0.0,0.0,0.0,0.0,0.0,0.0,0.0,0.0,0.0,0.0,0.0,0.0,0.0,0.0,0.0,0.0,0.0,0.0,0.0,0.0,0.0,0.0,0.0,0.0,0.0,0.0,0.0,0.0,0.0,0.0,0.0,0.0,0.0,0.0,0.0,0.0,0.0,0.0,0.0,0.0,0.0,0.0,0.0,0.0,0.0,0.0,0.0,0.0,0.0,0.0,0.0,0.0,0.0,0.0,0.0,0.0,0.0,0.0,0.0,0.0,0.0,0.0,0.0,0.0,0.0,0.0,0.0,0.0,0.0,0.0,0.0,0.0,0.0,0.0,0.0,0.0,0.0,0.0,0.0,0.0,0.0,0.0,0.0,0.0,0.0,0.0,0.0,0.0,0.0,0.0,0.0,0.0,0.0,0.0,0.0,0.0,0.0,0.0,0.0,0.0,0.0,0.0,0.0,0.0,0.0,0.0,0.0,0.0,0.0,0.0,0.0,0.0,0.0,0.0,0.0,0.0,0.0,0.0,0.0,0.0,0.0,0.0,0.0,0.0,0.0,0.0,0.0,0.0,0.0,0.0,0.0,0.0,0.0,0.0,0.0,0.0,0.0,0.0,0.0,0.0,0.0,0.0,0.0,0.0,0.0,0.0,0.0,0.0,0.0,0.0,0.0,0.0,0.0,0.0,0.0,0.0,0.0,0.0,0.0,0.0,0.0,0.0,0.0,0.0,0.0,0.0,0.0,0.0,0.0,0.0,0.0,0.0,0.0,0.0,0.0,0.0,0.0,0.0,0.0,0.0,0.0,0.0,0.0,0.0,0.0,0.0,0.0,0.0,0.0,0.0,0.0,0.0,0.0,0.0,0.0,0.0,0.0,0.0,0.0,0.0,0.0,0.0,0.0,0.0,0.0,0.0,0.0,0.0,0.0,0.0,0.0,0.0,0.0,0.0,0.0,0.0,0.0,0.0,0.0,0.0,0.0,0.0,0.0,0.0,0.0,0.0,0.0,0.0,0.0,0.0,0.0,0.0,0.0,0.0,0.0,0.0,0.0,0.0,0.0,0.0,0.0,0.0,0.0,0.0,0.0,0.0,0.0,0.0,0.0,0.0,0.0,0.0,0.0,0.0,0.0,0.0,0.0,0.0,0.0,0.0,0.0,0.0,0.0,0.0,0.0,0.0,0.0,0.0,0.0,0.0,0.0,0.0,0.0,0.0,0.0,0.0,0.0,0.0,0.0,0.0,0.0,0.0,0.0,0.0,0.0,0.0,0.0,0.0,0.0,0.0,0.0,0.0,0.0,0.0,0.0,0.0,0.0,0.0,0.0,0.0,0.0,0.0,0.0,0.0,0.0,0.0,0.0,0.0,0.0,0.0,0.0,0.0,0.0,0.0,0.0,0.0,0.0,0.0,0.0,0.0,0.0,0.0,0.0,0.0,0.0,0.0,0.0,0.0,0.0,0.0,0.0,0.0,0.0,0.0,0.0,0.0,0.0,0.0,0.0,0.0,0.0,0.0,0.0,0.0,0.0,0.0,0.0,0.0,0.0,0.0,0.0,0.0,0.0,0.0,0.0,0.0,0.0,0.0,0.0,0.0,0.0,0.0,0.0,0.0,0.0,0.0,0.0,0.0,0.0,0.0,0.0,0.0,0.0,0.0,0.0,0.0,0.0,0.0,0.0,0.0,0.0,0.0,0.0,0.0,0.0,0.0,0.0,0.0,0.0,0.0,0.0,0.0,0.0,0.0,0.0,0.0,0.0,0.0,0.0,0.0,0.0,0.0,0.0,0.0,0.0,0.0,0.0,0.0,0.0,0.0,0.0,0.0,0.0,0.0,0.0,0.0,0.0,0.0,0.0,0.0,0.0,0.0,0.0,0.0,0.0,0.0,0.0,0.0,0.0,0.0,0.0,0.0,0.0,0.0,0.0,0.0,0.0,0.0,0.0,0.0,0.0,0.0,0.0,0.0,0.0,0.0,0.0,0.0,0.0,0.0,0.0,0.0,0.0,0.0,0.0,0.0,0.0,0.0,0.0,0.0,0.0,0.0,0.0,0.0,0.0,0.0,0.0,0.0,0.0,0.0,0.0,0.0,0.0,0.0,0.0,0.0,0.0,0.0,0.0,0.0,0.0,0.0,0.0,0.0,0.0,0.0,0.0,0.0,0.0,0.0,0.0,0.0,0.0,0.0,0.0,0.0,0.0,0.0,0.0,0.0,0.0,0.0,0.0,0.0,0.0,0.0,0.0,0.0,0.0,0.0,0.0,0.0,0.0,0.0,0.0,0.0,0.0,0.0,0.0,0.0,0.0,0.0,0.0,0.0,0.0,0.0,0.0,0.0,0.0,0.0,0.0,0.0,0.0,0.0,0.0,0.0,0.0,0.0,0.0,0.0,0.0,0.0,0.0,0.0,0.0,0.0,0.0,0.0,0.0,0.0,0.0,0.0,0.0,0.0,0.0,0.0,0.0,0.0,0.0,0.0,0.0,0.0,0.0,0.0,0.0,0.0,0.0,0.0,0.0,0.0,0.0,0.0,0.0,0.0,0.0,0.0,0.0,0.0,0.0,0.0,0.0,0.0,0.0,0.0,0.0,0.0,0.0,0.0,0.0,0.0,0.0,0.0,0.0,0.0,0.0,0.0,0.0,0.0,0.0,0.0,0.0,0.0,0.0,0.0,0.0,0.0,0.0,0.0,0.0,0.0,0.0,0.0,0.0,0.0,0.0,0.0,0.0,0.0,0.0,0.0,0.0,0.0,0.0,0.0,0.0,0.0,0.0,0.0,0.0,0.0,0.0,0.0,0.0,0.0,0.0,0.0,0.0,0.0,0.0,0.0,0.0,0.0,0.0,0.0,0.0,0.0,0.0,0.0,0.0,0.0,0.0,0.0,0.0,0.0,0.0,0.0,0.0,0.0,0.0,0.0,0.0,0.0,0.0,0.0,0.0,0.0,0.0,0.0,0.0,0.0,0.0,0.0,0.0,0.0,0.0,0.0,0.0,0.0,0.0,0.0,0.0,0.0,0.0,0.0,0.0,0.0,0.0,0.0,0.0,0.0,0.0,0.0,0.0,0.0,0.0,0.0,0.0,0.0,0.0,0.0,0.0,0.0,0.0,0.0,0.0,0.0,0.0,0.0,0.0,0.0,0.0,0.0,0.0,0.0,0.0,0.0,0.0,0.0,0.0,0.0,0.0,0.0,0.0,0.0,0.0,0.0,0.0,0.0,0.0,0.0,0.0,0.0,0.0,0.0,0.0,0.0,0.0,0.0,0.0,0.0,0.0,0.0,0.0,0.0,0.0,0.0,0.0,0.0,0.0,0.0,0.0,0.0,0.0,0.0,0.0,0.0,0.0,0.0,0.0,0.0,0.0,0.0,0.0,0.0,0.0,0.0,0.0,0.0,0.0,0.0,0.0,0.0,0.0,0.0,0.0,0.0,0.0,0.0,0.0,0.0,0.0,0.0,0.0,0.0,0.0,0.0,0.0,0.0,0.0,0.0,0.0,0.0,0.0,0.0,0.0,0.0,0.0,0.0,0.0,0.0,0.0,0.0,0.0,0.0,0.0,0.0,0.0,0.0,0.0,0.0,0.0,0.0,0.0,0.0,0.0,0.0,0.0,0.0,0.0,0.0,0.0,0.0,0.0,0.0,0.0,0.0,0.0,0.0,0.0,0.0,0.0,0.0,0.0,0.0,0.0,0.0,0.0,0.0,0.0,0.0,0.0,0.0,0.0,0.0,0.0,0.0,0.0,0.0,0.0,0.0,0.0,0.0,0.0,0.0,0.0,0.0,0.0,0.0,0.0,0.0,0.0,0.0,0.0,0.0,0.0,0.0,0.0,0.0,0.0,0.0,0.0,0.0,0.0,0.0,0.0,0.0,0.0,0.0,0.0,0.0,0.0,0.0,0.0,0.0,0.0,0.0,0.0,0.0,0.0,0.0,0.0,0.0,0.0,0.0,0.0,0.0,0.0,0.0,0.0,0.0,0.0,0.0,0.0,0.0,0.0,0.0,0.0,0.0,0.0,0.0,0.0,0.0,0.0,0.0,0.0,0.0,0.0,0.0,0.0,0.0,0.0,0.0,0.0,0.0,0.0,0.0,0.0,0.0,0.0,0.0,0.0,0.0,0.0,0.0,0.0,0.0,0.0,0.0,0.0,0.0,0.0,0.0,0.0,0.0,0.0,0.0,0.0,0.0,0.0,0.0,0.0,0.0,0.0,0.0,0.0,0.0,0.0,0.0,0.0,0.0,0.0,0.0,0.0,0.0,0.0,0.0,0.0,0.0,0.0,0.0,0.0,0.0,0.0,0.0,0.0,0.0,0.0,0.0,0.0,0.0,0.0,0.0,0.0,0.0,0.0,0.0,0.0,0.0,0.0,0.0,0.0,0.0,0.0,0.0,0.0,0.0,0.0,0.0,0.0,0.0,0.0,0.0,0.0,0.0,0.0,0.0,0.0,0.0,0.0,0.0,0.0,0.0,0.0,0.0,0.0,0.0,0.0,0.0,0.0,0.0,0.0,0.0,0.0,0.0,0.0,0.0,0.0,0.0,0.0,0.0,0.0,0.0,0.0,0.0,0.0,0.0,0.0,0.0,0.0,0.0,0.0,0.0,0.0,0.0,0.0,0.0,0.0,0.0,0.0,0.0,0.0,0.0,0.0,0.0,0.0,0.0,0.0,0.0,0.0,0.0,0.0,0.0,0.0,0.0,0.0,0.0,0.0,0.0,0.0,0.0,0.0,0.0,0.0,0.0,0.0,0.0,0.0,0.0,0.0,0.0,0.0,0.0,0.0,0.0,0.0,0.0,0.0,0.0,0.0,0.0,0.0,0.0,0.0,0.0,0.0,0.0,0.0,0.0,0.0,0.0,0.0,0.0,0.0,0.0,0.0,0.0,0.0,0.0,0.0,0.0,0.0,0.0,0.0,0.0,0.0,0.0,0.0,0.0,0.0,0.0,0.0,0.0,0.0,0.0,0.0,0.0,0.0,0.0,0.0,0.0,0.0,0.0,0.0,0.0,0.0,0.0,0.0,0.0,0.0,0.0,0.0,0.0,0.0,0.0,0.0,0.0,0.0,0.0,0.0,0.0,0.0,0.0,0.0,0.0,0.0,0.0,0.0,0.0,0.0,0.0,0.0,0.0,0.0,0.0,0.0,0.0,0.0,0.0,0.0,0.0,0.0,0.0,0.0,0.0,0.0,0.0,0.0,0.0,0.0,0.0,0.0,0.0,0.0,0.0,0.0,0.0,0.0,0.0,0.0,0.0,0.0,0.0,0.0,0.0,0.0,0.0,0.0,0.0,0.0,0.0,0.0,0.0,0.0,0.0,0.0,0.0,0.0,0.0,0.0,0.0,0.0,0.0,0.0,0.0,0.0,0.0,0.0,0.0,0.0,0.0,0.0,0.0,0.0,0.0,0.0,0.0,0.0,0.0,0.0,0.0,0.0,0.0,0.0,0.0,0.0,0.0,0.0,0.0,0.0,0.0,0.0,0.0,0.0,0.0,0.0,0.0,0.0,0.0,0.0,0.0,0.0,0.0,0.0,0.0,0.0,0.0,0.0,0.0,0.0,0.0,0.0,0.0,0.0,0.0,0.0,0.0,0.0,0.0,0.0,0.0,0.0,0.0,0.0,0.0,0.0,0.0,0.0,0.0,0.0,0.0,0.0,0.0,0.0,0.0,0.0,0.0,0.0,0.0,0.0,0.0,0.0,0.0,0.0,0.0,0.0,0.0,0.0,0.0,0.0,0.0,0.0,0.0,0.0,0.0,0.0,0.0,0.0,0.0,0.0,0.0,0.0,0.0,0.0,0.0,0.0,0.0,0.0,0.0,0.0,0.0,0.0,0.0,0.0,0.0,0.0,0.0,0.0,0.0,0.0,0.0,0.0,0.0,0.0,0.0,0.0,0.0,0.0,0.0,0.0,0.0,0.0,0.0,0.0,0.0,0.0,0.0,0.0,0.0,0.0,0.0,0.0,0.0,0.0,0.0,0.0,0.0,0.0,0.0,0.0,0.0,0.0,0.0,0.0,0.0,0.0,0.0,0.0,0.0,0.0,0.0,0.0,0.0,0.0,0.0,0.0,0.0,0.0,0.0,0.0,0.0,0.0,0.0,0.0,0.0,0.0,0.0,0.0,0.0,0.0,0.0,0.0,0.0,0.0,0.0,0.0,0.0,0.0,0.0,0.0,0.0,0.0,0.0,0.0,0.0,0.0,0.0,0.0,0.0,0.0,0.0,0.0,0.0,0.0,0.0,0.0,0.0,0.0,0.0,0.0,0.0,0.0,0.0,0.0,0.0,0.0,0.0,0.0,0.0,0.0,0.0,0.0,0.0,0.0,0.0,0.0,0.0,0.0,0.0,0.0,0.0,0.0,0.0,0.0,0.0,0.0,0.0,0.0,0.0,0.0,0.0,0.0,0.0,0.0,0.0,0.0,0.0,0.0,0.0,0.0,0.0,0.0,0.0,0.0,0.0,0.0,0.0,0.0,0.0,0.0,0.0,0.0,0.0,0.0,0.0,0.0,0.0,0.0,0.0,0.0,0.0,0.0,0.0,0.0,0.0,0.0,0.0,0.0,0.0,0.0,0.0,0.0,0.0,0.0,0.0,0.0,0.0,0.0,0.0,0.0,0.0,0.0,0.0,0.0,0.0,0.0,0.0,0.0,0.0,0.0,0.0,0.0,0.0,0.0,0.0,0.0,0.0,0.0,0.0,0.0,0.0,0.0,0.0,0.0,0.0,0.0,0.0,0.0,0.0,0.0,0.0,0.0,0.0,0.0,0.0,0.0,0.0,0.0,0.0,0.0,0.0,0.0,0.0,0.0,0.0,0.0,0.0,0.0,0.0,0.0,0.0,0.0,0.0,0.0,0.0,0.0,0.0,0.0,0.0,0.0,0.0,0.0,0.0,0.0,0.0,0.0,0.0,0.0,0.0,0.0,0.0,0.0,0.0,0.0,0.0,0.0,0.0,0.0,0.0,0.0,0.0,0.0,0.0,0.0,0.0,0.0,0.0,0.0,0.0,0.0,0.0,0.0,0.0,0.0,0.0,0.0,0.0,0.0,0.0,0.0,0.0,0.0,0.0,0.0,0.0,0.0,0.0,0.0,0.0,0.0,0.0,0.0,0.0,0.0,0.0,0.0,0.0,0.0,0.0,0.0,0.0,0.0,0.0,0.0,0.0,0.0,0.0,0.0,0.0,0.0,0.0,0.0,0.0,0.0,0.0,0.0,0.0,0.0,0.0,0.0,0.0,0.0,0.0,0.0,0.0,0.0,0.0,0.0,0.0,0.0,0.0,0.0,0.0,0.0,0.0,0.0,0.0,0.0,0.0,0.0,0.0,0.0,0.0,0.0,0.0,0.0,0.0,0.0,0.0,0.0,0.0,0.0,0.0,0.0,0.0,0.0,0.0,0.0,0.0,0.0,0.0,0.0,0.0,0.0,0.0,0.0,0.0,0.0,0.0,0.0,0.0,0.0,0.0,0.0,0.0,0.0,0.0,0.0,0.0,0.0,0.0,0.0,0.0,0.0,0.0,0.0,0.0,0.0,0.0,0.0,0.0,0.0,0.0,0.0,0.0,0.0,0.0,0.0,0.0,0.0,0.0,0.0,0.0,0.0,0.0,0.0,0.0,0.0,0.0,0.0,0.0,0.0,0.0,0.0,0.0,0.0,0.0,0.0,0.0,0.0,0.0,0.0,0.0,0.0,0.0,0.0,0.0,0.0,0.0,0.0,0.0,0.0,0.0,0.0,0.0,0.0,0.0,0.0,0.0,0.0,0.0,0.0,0.0,0.0,0.0,0.0,0.0,0.0,0.0,0.0,0.0,0.0,0.0,0.0,0.0,0.0,0.0,0.0,0.0,0.0,0.0,0.0,0.0,0.0,0.0,0.0,0.0,0.0,0.0,0.0,0.0,0.0,0.0,0.0,0.0,0.0,0.0,0.0,0.0,0.0,0.0,0.0,0.0,0.0,0.0,0.0,0.0,0.0,0.0,0.0,0.0,0.0,0.0,0.0,0.0,0.0,0.0,0.0,0.0,0.0,0.0,0.0,0.0,0.0,0.0,0.0,0.0,0.0,0.0,0.0,0.0,0.0,0.0,0.0,0.0,0.0,0.0,0.0,0.0,0.0,0.0,0.0,0.0,0.0,0.0,0.0,0.0,0.0,0.0,0.0,0.0,0.0,0.0,0.0,0.0,0.0,0.0,0.0,0.0,0.0,0.0,0.0,0.0,0.0,0.0,0.0,0.0,0.0,0.0,0.0,0.0,0.0,0.0,0.0,0.0,0.0,0.0,0.0,0.0,0.0,0.0,0.0,0.0,0.0,0.0,0.0,0.0,0.0,0.0,0.0,0.0,0.0,0.0,0.0,0.0,0.0,0.0,0.0,0.0,0.0,0.0,0.0,0.0,0.0,0.0,0.0,0.0,0.0,0.0,0.0,0.0,0.0,0.0,0.0,0.0,0.0,0.0,0.0,0.0,0.0,0.0,0.0,0.0,0.0,0.0,0.0,0.0,0.0,0.0,0.0,0.0,0.0,0.0,0.0,0.0,0.0,0.0,0.0,0.0,0.0,0.0,0.0,0.0,0.0,0.0,0.0,0.0,0.0,0.0,0.0,0.0,0.0,0.0,0.0,0.0,0.0,0.0,0.0,0.0,0.0,0.0,0.0,0.0,0.0,0.0,0.0,0.0,0.0,0.0,0.0,0.0,0.0,0.0,0.0,0.0,0.0,0.0,0.0,0.0,0.0,0.0,0.0,0.0,0.0,0.0,0.0,0.0,0.0,0.0,0.0,0.0,0.0,0.0,0.0,0.0,0.0,0.0,0.0,0.0,0.0,0.0,0.0,0.0,0.0,0.0,0.0,0.0,0.0,0.0,0.0,0.0,0.0,0.0,0.0,0.0,0.0,0.0,0.0,0.0,0.0,0.0,0.0,0.0,0.0,0.0,0.0,0.0,0.0,0.0,0.0,0.0,0.0,0.0,0.0,0.0,0.0,0.0,0.0,0.0,0.0,0.0,0.0,0.0,0.0,0.0,0.0,0.0,0.0,0.0,0.0,0.0,0.0,0.0,0.0,0.0,0.0,0.0,0.0,0.0,0.0,0.0,0.0,0.0,0.0,0.0,0.0,0.0,0.0,0.0,0.0,0.0,0.0,0.0,0.0,0.0,0.0,0.0,0.0,0.0,0.0,0.0,0.0,0.0,0.0,0.0,0.0,0.0,0.0,0.0,0.0,0.0,0.0,0.0,0.0,0.0,0.0,0.0,0.0,0.0,0.0,0.0,0.0,0.0,0.0,0.0,0.0,0.0,0.0,0.0,0.0,0.0,0.0,0.0,0.0,0.0,0.0,0.0,0.0,0.0,0.0,0.0,0.0,0.0,0.0,0.0,0.0,0.0,0.0,0.0,0.0,0.0,0.0,0.0,0.0,0.0,0.0,0.0,0.0,0.0,0.0,0.0,0.0,0.0,0.0,0.0,0.0,0.0,0.0,0.0,0.0,0.0,0.0,0.0,0.0,0.0,0.0,0.0,0.0,0.0,0.0,0.0,0.0,0.0,0.0,0.0,0.0,0.0,0.0,0.0,0.0,0.0,0.0,0.0,0.0,0.0,0.0,0.0,0.0,0.0,0.0,0.0,0.0,0.0,0.0,0.0,0.0,0.0,0.0,0.0,0.0,0.0,0.0,0.0,0.0,0.0,0.0,0.0,0.0,0.0,0.0,0.0,0.0,0.0,0.0,0.0,0.0,0.0,0.0,0.0,0.0,0.0,0.0,0.0,0.0,0.0,0.0,0.0,0.0,0.0,0.0,0.0,0.0,0.0,0.0,0.0,0.0,0.0,0.0,0.0,0.0,0.0,0.0,0.0,0.0,0.0,0.0,0.0,0.0,0.0,0.0,0.0,0.0,0.0,0.0,0.0,0.0,0.0,0.0,0.0,0.0,0.0,0.0,0.0,0.0,0.0,0.0,0.0,0.0,0.0,0.0,0.0,0.0,0.0,0.0,0.0,0.0,0.0,0.0,0.0,0.0,0.0,0.0,0.0,0.0,0.0,0.0,0.0,0.0,0.0,0.0,0.0,0.0,0.0,0.0,0.0,0.0,0.0,0.0,0.0,0.0,0.0,0.0,0.0,0.0,0.0,0.0,0.0,0.0,0.0,0.0,0.0,0.0,0.0,0.0,0.0,0.0,0.0,0.0,0.0,0.0,0.0,0.0,0.0,0.0,0.0,0.0,0.0,0.0,0.0,0.0,0.0,0.0,0.0,0.0,0.0,0.0,0.0,0.0,0.0,0.0,0.0,0.0,0.0,0.0,0.0,0.0,0.0,0.0,0.0,0.0,0.0,0.0,0.0,0.0,0.0,0.0,0.0,0.0,0.0,0.0,0.0,0.0,0.0,0.0,0.0,0.0,0.0,0.0,0.0,0.0,0.0,0.0,0.0,0.0,0.0,0.0,0.0,0.0,0.0,0.0,0.0,0.0,0.0,0.0,0.0,0.0,0.0,0.0,0.0,0.0,0.0,0.0,0.0,0.0,0.0,0.0,0.0,0.0,0.0,0.0,0.0,0.0,0.0,0.0,0.0,0.0,0.0,0.0,0.0,0.0,0.0,0.0,0.0,0.0,0.0,0.0,0.0,0.0,0.0,0.0,0.0,0.0,0.0,0.0,0.0,0.0,0.0,0.0,0.0
Tax47,0.0,-2.891964,-2.3440971,-1.8080841,-1.2894033,-0.7872234,-0.30994684,0.15274599,0.603696,1.0454984,1.4805934,1.9125239,2.343495,2.79646,3.235171,3.6988258,4.171446,4.7908964,5.370718,5.961831,6.624816,7.0891743,7.596312,8.251219,8.855675,9.162035,9.502082,10.305498,10.691459,11.146686,11.6922655,12.495441,12.573145,13.212328,14.105368,14.693846,15.899524,16.944479,17.392145,18.227104,18.840555,19.62504,20.499857,22.19211,22.895702,23.79528,24.650093,24.235914,25.06322,25.515947,26.28941,26.826761,27.467968,27.801878,28.727633,28.261621,28.471575,28.85519,28.138649,27.02209,25.248652,24.386194,23.425829,22.879314,23.054628,23.59834,5.30345,6.057038,26.939373,28.42511,29.796373,30.709484,30.772131,8.13995,32.599613,8.785516,9.090909,9.899907,10.193899,10.798393,11.328943,11.761317,11.746029,12.565921,13.430481,14.400713,45.518673,47.097256,48.72542,50.385067,52.119713,53.636604,54.941433,55.57043,54.431908,53.272076,52.788425,53.131752,53.09199,52.580425,52.63618,51.704964,51.867706,52.272537,52.27454,52.05229,51.544895,51.124825,51.23701,51.13933,51.138203,50.837414,50.468224,48.92124,47.071186,-0.3606633,-0.47577792,-0.4048855,-0.8275327,-1.263972,-2.1835992,-3.1095674,-4.2771783,-5.1279197,-6.241976,-7.171667,-8.340461,-10.364739,-12.165932,-13.451594,-14.767283,-16.039486,-17.023476,-18.109798,-19.301113,-20.589521,-21.650467,-22.909653,-24.010403,-25.225166,-26.40807,-27.517813,-28.326452,-28.697783,-28.810892,-28.523691,-28.61781,-28.62675,-28.62069,-28.318136,-27.904486,-26.9472,-25.30359,-23.326609,-21.740643,-20.18199,-18.857708,-17.847807,-16.95341,-16.386473,-15.729543,-15.366304,-15.19475,-14.957988,-14.634072,-14.295735,-13.920807,-13.335247,-13.051887,-12.578879,-12.084548,-11.480504,-11.122889,-10.985992,-10.134262,-9.566254,-9.525392,-9.411212,-9.055452,-8.425951,-8.049548,-7.9853215,-8.459605,-9.005969,-9.276313,-9.33099,-9.374435,-9.322295,-9.167697,-9.017646,-8.815341,-8.58768,-8.348175,-8.027325,-7.7671447,-7.4626493,-7.16708,-6.8939347,-6.5656543,-6.2723637,-6.0190187,-5.73737,-5.518295,-5.295935,-4.9709673,-4.7626452,-4.499769,-4.209262,-3.9169033,-3.6025858,-3.3812695,-3.146567,-2.935697,-2.761563,-2.5475032,-2.3804607,-2.2594259,-2.10508,-1.9150906,-1.774893,-1.6346115,-1.5395453,-1.4207563,-1.3338246,-1.2345439,-1.103033,-0.98689514,-0.8938864,-0.8463589,-0.77232546,-0.7142193,-0.6565732,-0.5971915,-0.54525244,-0.4995761,-0.47731665,-0.42855954,-0.40783906,-0.37598866,-0.35008317,-0.31852305,-0.28750733,-0.24416392,-0.2243365,-0.19238162,-0.18702656,-0.17596126,-0.15044609,-0.13336198,-0.12397226,-0.11459764,-0.090363994,-0.07253385,-0.056802105,-0.050455447,-0.041705277,-0.032444637,-0.02399795,-0.014585415,-0.014187985,-0.011422399,-0.008767065,-0.0052418984,-0.0050942274,-0.004952167,-0.0024653594,-0.0023965684,0.0,0.0,0.0,0.0,0.0,0.0,0.0,0.0,0.0,0.0,0.0,0.0,0.0,0.0,0.0,0.0,0.0,0.0,0.0,0.0,0.0,0.0,0.0,0.0,0.0,0.0,0.0,0.0,0.0,0.0,0.0,0.0,0.0,0.0,0.0,0.0,0.0,0.0,0.0,0.0,0.0,0.0,0.0,0.0,0.0,0.0,0.0,0.0,0.0,0.0,0.0,0.0,0.0,0.0,0.0,0.0,0.0,0.0,0.0,0.0,0.0,0.0,0.0,0.0,0.0,0.0,0.0,0.0,0.0,0.0,0.0,0.0,0.0,0.0,0.0,0.0,0.0,0.0,0.0,0.0,0.0,0.0,0.0,0.0,0.0,0.0,0.0,0.0,0.0,0.0,0.0,0.0,0.0,0.0,0.0,0.0,0.0,0.0,0.0,0.0,0.0,0.0,0.0,0.0,0.0,0.0,0.0,0.0,0.0,0.0,0.0,0.0,0.0,0.0,0.0,0.0,0.0,0.0,0.0,0.0,0.0,0.0,0.0,0.0,0.0,0.0,0.0,0.0,0.0,0.0,0.0,0.0,0.0,0.0,0.0,0.0,0.0,0.0,0.0,0.0,0.0,0.0,0.0,0.0,0.0,0.0,0.0,0.0,0.0,0.0,0.0,0.0,0.0,0.0,0.0,0.0,0.0,0.0,0.0,0.0,0.0,0.0,0.0,0.0,0.0,0.0,0.0,0.0,0.0,0.0,0.0,0.0,0.0,0.0,0.0,0.0,0.0,0.0,0.0,0.0,0.0,0.0,0.0,0.0,0.0,0.0,0.0,0.0,0.0,0.0,0.0,0.0,0.0,0.0,0.0,0.0,0.0,0.0,0.0,0.0,0.0,0.0,0.0,0.0,0.0,0.0,0.0,0.0,0.0,0.0,0.0,0.0,0.0,0.0,0.0,0.0,0.0,0.0,0.0,0.0,0.0,0.0,0.0,0.0,0.0,0.0,0.0,0.0,0.0,0.0,0.0,0.0,0.0,0.0,0.0,0.0,0.0,0.0,0.0,0.0,0.0,0.0,0.0,0.0,0.0,0.0,0.0,0.0,0.0,0.0,0.0,0.0,0.0,0.0,0.0,0.0,0.0,0.0,0.0,0.0,0.0,0.0,0.0,0.0,0.0,0.0,0.0,0.0,0.0,0.0,0.0,0.0,0.0,0.0,0.0,0.0,0.0,0.0,0.0,0.0,0.0,0.0,0.0,0.0,0.0,0.0,0.0,0.0,0.0,0.0,0.0,0.0,0.0,0.0,0.0,0.0,0.0,0.0,0.0,0.0,0.0,0.0,0.0,0.0,0.0,0.0,0.0,0.0,0.0,0.0,0.0,0.0,0.0,0.0,0.0,0.0,0.0,0.0,0.0,0.0,0.0,0.0,0.0,0.0,0.0,0.0,0.0,0.0,0.0,0.0,0.0,0.0,0.0,0.0,0.0,0.0,0.0,0.0,0.0,0.0,0.0,0.0,0.0,0.0,0.0,0.0,0.0,0.0,0.0,0.0,0.0,0.0,0.0,0.0,0.0,0.0,0.0,0.0,0.0,0.0,0.0,0.0,0.0,0.0,0.0,0.0,0.0,0.0,0.0,0.0,0.0,0.0,0.0,0.0,0.0,0.0,0.0,0.0,0.0,0.0,0.0,0.0,0.0,0.0,0.0,0.0,0.0,0.0,0.0,0.0,0.0,0.0,0.0,0.0,0.0,0.0,0.0,0.0,0.0,0.0,0.0,0.0,0.0,0.0,0.0,0.0,0.0,0.0,0.0,0.0,0.0,0.0,0.0,0.0,0.0,0.0,0.0,0.0,0.0,0.0,0.0,0.0,0.0,0.0,0.0,0.0,0.0,0.0,0.0,0.0,0.0,0.0,0.0,0.0,0.0,0.0,0.0,0.0,0.0,0.0,0.0,0.0,0.0,0.0,0.0,0.0,0.0,0.0,0.0,0.0,0.0,0.0,0.0,0.0,0.0,0.0,0.0,0.0,0.0,0.0,0.0,0.0,0.0,0.0,0.0,0.0,0.0,0.0,0.0,0.0,0.0,0.0,0.0,0.0,0.0,0.0,0.0,0.0,0.0,0.0,0.0,0.0,0.0,0.0,0.0,0.0,0.0,0.0,0.0,0.0,0.0,0.0,0.0,0.0,0.0,0.0,0.0,0.0,0.0,0.0,0.0,0.0,0.0,0.0,0.0,0.0,0.0,0.0,0.0,0.0,0.0,0.0,0.0,0.0,0.0,0.0,0.0,0.0,0.0,0.0,0.0,0.0,0.0,0.0,0.0,0.0,0.0,0.0,0.0,0.0,0.0,0.0,0.0,0.0,0.0,0.0,0.0,0.0,0.0,0.0,0.0,0.0,0.0,0.0,0.0,0.0,0.0,0.0,0.0,0.0,0.0,0.0,0.0,0.0,0.0,0.0,0.0,0.0,0.0,0.0,0.0,0.0,0.0,0.0,0.0,0.0,0.0,0.0,0.0,0.0,0.0,0.0,0.0,0.0,0.0,0.0,0.0,0.0,0.0,0.0,0.0,0.0,0.0,0.0,0.0,0.0,0.0,0.0,0.0,0.0,0.0,0.0,0.0,0.0,0.0,0.0,0.0,0.0,0.0,0.0,0.0,0.0,0.0,0.0,0.0,0.0,0.0,0.0,0.0,0.0,0.0,0.0,0.0,0.0,0.0,0.0,0.0,0.0,0.0,0.0,0.0,0.0,0.0,0.0,0.0,0.0,0.0,0.0,0.0,0.0,0.0,0.0,0.0,0.0,0.0,0.0,0.0,0.0,0.0,0.0,0.0,0.0,0.0,0.0,0.0,0.0,0.0,0.0,0.0,0.0,0.0,0.0,0.0,0.0,0.0,0.0,0.0,0.0,0.0,0.0,0.0,0.0,0.0,0.0,0.0,0.0,0.0,0.0,0.0,0.0,0.0,0.0,0.0,0.0,0.0,0.0,0.0,0.0,0.0,0.0,0.0,0.0,0.0,0.0,0.0,0.0,0.0,0.0,0.0,0.0,0.0,0.0,0.0,0.0,0.0,0.0,0.0,0.0,0.0,0.0,0.0,0.0,0.0,0.0,0.0,0.0,0.0,0.0,0.0,0.0,0.0,0.0,0.0,0.0,0.0,0.0,0.0,0.0,0.0,0.0,0.0,0.0,0.0,0.0,0.0,0.0,0.0,0.0,0.0,0.0,0.0,0.0,0.0,0.0,0.0,0.0,0.0,0.0,0.0,0.0,0.0,0.0,0.0,0.0,0.0,0.0,0.0,0.0,0.0,0.0,0.0,0.0,0.0,0.0,0.0,0.0,0.0,0.0,0.0,0.0,0.0,0.0,0.0,0.0,0.0,0.0,0.0,0.0,0.0,0.0,0.0,0.0,0.0,0.0,0.0,0.0,0.0,0.0,0.0,0.0,0.0,0.0,0.0,0.0,0.0,0.0,0.0,0.0,0.0,0.0,0.0,0.0,0.0,0.0,0.0,0.0,0.0,0.0,0.0,0.0,0.0,0.0,0.0,0.0,0.0,0.0,0.0,0.0,0.0,0.0,0.0,0.0,0.0,0.0,0.0,0.0,0.0,0.0,0.0,0.0,0.0,0.0,0.0,0.0,0.0,0.0,0.0,0.0,0.0,0.0,0.0,0.0,0.0,0.0,0.0,0.0,0.0,0.0,0.0,0.0,0.0,0.0,0.0,0.0,0.0,0.0,0.0,0.0,0.0,0.0,0.0,0.0,0.0,0.0,0.0,0.0,0.0,0.0,0.0,0.0,0.0,0.0,0.0,0.0,0.0,0.0,0.0,0.0,0.0,0.0,0.0,0.0,0.0,0.0,0.0,0.0,0.0,0.0,0.0,0.0,0.0,0.0,0.0,0.0,0.0,0.0,0.0,0.0,0.0,0.0,0.0,0.0,0.0,0.0,0.0,0.0,0.0,0.0,0.0,0.0,0.0,0.0,0.0,0.0,0.0,0.0,0.0,0.0,0.0,0.0,0.0,0.0,0.0,0.0,0.0,0.0,0.0,0.0,0.0,0.0,0.0,0.0,0.0,0.0,0.0,0.0,0.0,0.0,0.0,0.0,0.0,0.0,0.0,0.0,0.0,0.0,0.0,0.0,0.0,0.0,0.0,0.0,0.0,0.0,0.0,0.0,0.0,0.0,0.0,0.0,0.0,0.0,0.0,0.0,0.0,0.0,0.0,0.0,0.0,0.0,0.0,0.0,0.0,0.0,0.0,0.0,0.0,0.0,0.0,0.0,0.0,0.0,0.0,0.0,0.0,0.0,0.0,0.0,0.0,0.0,0.0,0.0,0.0,0.0,0.0,0.0,0.0,0.0,0.0,0.0,0.0,0.0,0.0,0.0,0.0,0.0,0.0,0.0,0.0,0.0,0.0,0.0,0.0,0.0,0.0,0.0,0.0,0.0,0.0,0.0,0.0,0.0,0.0,0.0,0.0,0.0,0.0,0.0,0.0,0.0,0.0,0.0,0.0,0.0,0.0,0.0,0.0,0.0,0.0,0.0,0.0,0.0,0.0,0.0,0.0,0.0,0.0,0.0,0.0,0.0,0.0,0.0,0.0,0.0,0.0,0.0,0.0,0.0,0.0,0.0,0.0,0.0,0.0,0.0,0.0,0.0,0.0,0.0,0.0,0.0,0.0,0.0,0.0,0.0,0.0,0.0,0.0,0.0,0.0,0.0,0.0,0.0,0.0,0.0,0.0,0.0,0.0,0.0,0.0,0.0,0.0,0.0,0.0,0.0,0.0,0.0,0.0,0.0,0.0,0.0,0.0,0.0,0.0,0.0,0.0,0.0,0.0,0.0,0.0,0.0,0.0,0.0,0.0,0.0,0.0,0.0,0.0,0.0,0.0,0.0,0.0,0.0,0.0,0.0,0.0,0.0,0.0,0.0,0.0,0.0,0.0,0.0,0.0,0.0,0.0,0.0,0.0,0.0,0.0,0.0,0.0,0.0,0.0,0.0,0.0,0.0,0.0,0.0,0.0,0.0,0.0,0.0,0.0,0.0,0.0,0.0,0.0,0.0,0.0,0.0,0.0,0.0,0.0,0.0,0.0,0.0,0.0,0.0,0.0,0.0,0.0,0.0,0.0,0.0,0.0,0.0,0.0,0.0,0.0,0.0,0.0,0.0,0.0,0.0,0.0,0.0,0.0,0.0,0.0,0.0,0.0,0.0,0.0,0.0,0.0,0.0,0.0,0.0,0.0,0.0,0.0,0.0,0.0,0.0,0.0,0.0,0.0,0.0,0.0,0.0,0.0,0.0,0.0,0.0,0.0,0.0,0.0,0.0,0.0,0.0,0.0,0.0,0.0,0.0,0.0,0.0,0.0,0.0,0.0,0.0,0.0,0.0,0.0,0.0,0.0,0.0,0.0,0.0,0.0,0.0,0.0,0.0,0.0,0.0,0.0,0.0,0.0,0.0,0.0,0.0,0.0,0.0,0.0,0.0,0.0,0.0,0.0,0.0,0.0,0.0,0.0,0.0,0.0,0.0,0.0,0.0,0.0,0.0,0.0,0.0,0.0,0.0,0.0,0.0,0.0,0.0,0.0,0.0,0.0,0.0,0.0,0.0,0.0,0.0,0.0,0.0,0.0,0.0,0.0,0.0,0.0,0.0,0.0,0.0,0.0,0.0,0.0,0.0,0.0,0.0,0.0,0.0,0.0,0.0,0.0,0.0,0.0,0.0,0.0,0.0,0.0,0.0,0.0,0.0,0.0,0.0,0.0,0.0,0.0,0.0,0.0,0.0,0.0,0.0,0.0,0.0,0.0,0.0,0.0,0.0,0.0,0.0,0.0,0.0,0.0,0.0,0.0,0.0,0.0,0.0,0.0,0.0,0.0,0.0,0.0,0.0,0.0,0.0,0.0,0.0,0.0,0.0,0.0,0.0,0.0,0.0,0.0,0.0,0.0,0.0,0.0,0.0,0.0,0.0,0.0,0.0,0.0,0.0,0.0,0.0,0.0,0.0,0.0,0.0,0.0,0.0,0.0,0.0,0.0,0.0,0.0,0.0,0.0,0.0,0.0,0.0,0.0,0.0,0.0,0.0,0.0,0.0,0.0,0.0,0.0,0.0,0.0,0.0,0.0,0.0,0.0,0.0,0.0,0.0,0.0,0.0,0.0,0.0,0.0,0.0,0.0,0.0,0.0,0.0,0.0,0.0,0.0,0.0,0.0,0.0,0.0,0.0,0.0,0.0,0.0,0.0,0.0,0.0,0.0,0.0,0.0,0.0,0.0,0.0,0.0,0.0,0.0,0.0,0.0,0.0,0.0,0.0,0.0,0.0,0.0,0.0,0.0,0.0,0.0,0.0,0.0,0.0,0.0,0.0,0.0,0.0,0.0,0.0,0.0,0.0,0.0,0.0,0.0,0.0,0.0,0.0,0.0,0.0,0.0,0.0,0.0,0.0,0.0,0.0,0.0,0.0,0.0,0.0,0.0,0.0,0.0,0.0,0.0,0.0,0.0,0.0,0.0,0.0,0.0,0.0,0.0,0.0,0.0,0.0,0.0,0.0,0.0,0.0,0.0,0.0,0.0,0.0,0.0,0.0,0.0,0.0,0.0,0.0,0.0,0.0,0.0,0.0,0.0,0.0,0.0,0.0,0.0,0.0,0.0,0.0,0.0,0.0,0.0,0.0,0.0,0.0,0.0,0.0,0.0,0.0,0.0,0.0,0.0,0.0,0.0,0.0,0.0,0.0,0.0,0.0,0.0,0.0,0.0,0.0,0.0,0.0,0.0,0.0,0.0,0.0,0.0,0.0,0.0,0.0,0.0,0.0,0.0,0.0,0.0,0.0,0.0,0.0,0.0,0.0,0.0,0.0,0.0,0.0,0.0,0.0,0.0,0.0,0.0,0.0,0.0,0.0,0.0,0.0,0.0,0.0,0.0,0.0,0.0,0.0,0.0,0.0,0.0,0.0,0.0,0.0,0.0,0.0,0.0,0.0,0.0,0.0,0.0,0.0,0.0,0.0,0.0,0.0,0.0,0.0,0.0,0.0,0.0,0.0,0.0,0.0,0.0,0.0,0.0,0.0,0.0,0.0,0.0,0.0,0.0,0.0,0.0,0.0,0.0,0.0,0.0,0.0,0.0,0.0,0.0,0.0,0.0,0.0,0.0,0.0,0.0,0.0,0.0,0.0,0.0,0.0,0.0,0.0,0.0,0.0,0.0,0.0,0.0,0.0,0.0,0.0,0.0,0.0,0.0,0.0,0.0,0.0,0.0,0.0,0.0,0.0,0.0,0.0,0.0,0.0,0.0,0.0,0.0,0.0,0.0,0.0,0.0,0.0,0.0,0.0,0.0,0.0,0.0,0.0,0.0,0.0,0.0,0.0,0.0,0.0,0.0,0.0,0.0,0.0,0.0,0.0,0.0,0.0,0.0,0.0,0.0,0.0,0.0,0.0,0.0,0.0,0.0,0.0,0.0,0.0,0.0,0.0,0.0,0.0,0.0,0.0,0.0,0.0,0.0,0.0,0.0,0.0,0.0,0.0,0.0,0.0,0.0,0.0,0.0,0.0,0.0,0.0,0.0,0.0,0.0,0.0,0.0,0.0,0.0,0.0,0.0,0.0,0.0,0.0,0.0,0.0,0.0,0.0,0.0,0.0,0.0,0.0,0.0,0.0,0.0,0.0,0.0,0.0,0.0,0.0,0.0,0.0,0.0,0.0,0.0,0.0,0.0,0.0,0.0,0.0,0.0,0.0,0.0,0.0,0.0,0.0,0.0,0.0,0.0,0.0,0.0,0.0,0.0,0.0,0.0,0.0,0.0,0.0,0.0,0.0,0.0,0.0,0.0,0.0,0.0,0.0,0.0,0.0,0.0,0.0,0.0,0.0,0.0,0.0,0.0,0.0,0.0,0.0,0.0,0.0,0.0,0.0,0.0,0.0,0.0,0.0,0.0,0.0,0.0,0.0,0.0,0.0,0.0,0.0,0.0,0.0,0.0,0.0,0.0,0.0,0.0,0.0,0.0,0.0,0.0,0.0,0.0,0.0,0.0,0.0,0.0,0.0,0.0,0.0,0.0,0.0,0.0,0.0,0.0,0.0,0.0,0.0,0.0,0.0,0.0,0.0,0.0,0.0,0.0,0.0,0.0,0.0,0.0,0.0,0.0,0.0,0.0,0.0,0.0,0.0,0.0,0.0,0.0,0.0,0.0,0.0,0.0,0.0,0.0,0.0,0.0,0.0,0.0,0.0,0.0,0.0,0.0,0.0,0.0,0.0,0.0,0.0,0.0,0.0,0.0,0.0,0.0,0.0,0.0,0.0,0.0,0.0,0.0,0.0,0.0,0.0,0.0,0.0,0.0,0.0,0.0,0.0,0.0,0.0,0.0,0.0,0.0,0.0,0.0,0.0,0.0,0.0,0.0,0.0,0.0,0.0,0.0,0.0,0.0,0.0,0.0,0.0,0.0,0.0,0.0,0.0,0.0,0.0,0.0,0.0,0.0,0.0,0.0,0.0,0.0,0.0,0.0,0.0,0.0,0.0,0.0,0.0,0.0,0.0,0.0,0.0,0.0,0.0,0.0,0.0,0.0,0.0,0.0,0.0,0.0,0.0,0.0,0.0,0.0,0.0,0.0,0.0,0.0,0.0,0.0,0.0,0.0,0.0,0.0,0.0,0.0,0.0,0.0,0.0,0.0,0.0,0.0,0.0,0.0,0.0,0.0,0.0,0.0,0.0,0.0,0.0,0.0,0.0,0.0,0.0,0.0,0.0,0.0,0.0,0.0,0.0,0.0,0.0,0.0,0.0,0.0,0.0,0.0,0.0,0.0,0.0,0.0,0.0,0.0,0.0,0.0,0.0,0.0,0.0,0.0,0.0,0.0,0.0,0.0,0.0,0.0,0.0,0.0,0.0,0.0,0.0,0.0,0.0,0.0,0.0,0.0,0.0,0.0,0.0,0.0,0.0,0.0,0.0,0.0,0.0,0.0,0.0,0.0,0.0,0.0,0.0,0.0,0.0,0.0,0.0,0.0,0.0,0.0,0.0,0.0,0.0,0.0,0.0,0.0,0.0,0.0,0.0,0.0,0.0,0.0,0.0,0.0,0.0,0.0,0.0,0.0,0.0,0.0,0.0,0.0,0.0,0.0,0.0,0.0,0.0,0.0,0.0,0.0,0.0,0.0,0.0,0.0,0.0,0.0,0.0,0.0,0.0,0.0,0.0,0.0,0.0,0.0,0.0,0.0,0.0,0.0,0.0,0.0,0.0,0.0,0.0,0.0,0.0,0.0,0.0,0.0,0.0,0.0,0.0,0.0,0.0,0.0,0.0,0.0,0.0,0.0,0.0,0.0,0.0,0.0,0.0,0.0,0.0,0.0,0.0,0.0,0.0,0.0,0.0,0.0,0.0,0.0,0.0,0.0,0.0,0.0,0.0,0.0,0.0,0.0,0.0,0.0,0.0,0.0,0.0,0.0,0.0,0.0,0.0,0.0,0.0,0.0,0.0,0.0,0.0,0.0,0.0,0.0,0.0,0.0,0.0,0.0,0.0,0.0,0.0,0.0,0.0,0.0,0.0,0.0,0.0,0.0,0.0,0.0,0.0,0.0,0.0,0.0,0.0,0.0,0.0,0.0,0.0,0.0,0.0,0.0,0.0,0.0,0.0,0.0,0.0,0.0,0.0,0.0,0.0,0.0,0.0,0.0,0.0,0.0,0.0,0.0,0.0,0.0,0.0,0.0,0.0,0.0,0.0,0.0,0.0,0.0,0.0,0.0,0.0,0.0,0.0,0.0,0.0,0.0,0.0,0.0,0.0,0.0,0.0,0.0,0.0,0.0,0.0,0.0,0.0,0.0,0.0,0.0,0.0,0.0,0.0,0.0,0.0,0.0,0.0,0.0,0.0,0.0,0.0,0.0,0.0,0.0,0.0,0.0,0.0,0.0,0.0,0.0,0.0,0.0,0.0,0.0,0.0,0.0,0.0,0.0,0.0,0.0,0.0,0.0,0.0,0.0,0.0,0.0,0.0,0.0,0.0,0.0,0.0,0.0,0.0,0.0,0.0,0.0,0.0,0.0,0.0,0.0,0.0,0.0,0.0,0.0,0.0,0.0,0.0,0.0,0.0,0.0,0.0,0.0,0.0,0.0,0.0,0.0,0.0,0.0,0.0,0.0,0.0,0.0,0.0,0.0,0.0,0.0,0.0,0.0,0.0,0.0,0.0,0.0,0.0,0.0,0.0,0.0,0.0,0.0,0.0,0.0,0.0,0.0,0.0,0.0,0.0,0.0,0.0,0.0,0.0,0.0,0.0,0.0,0.0,0.0,0.0,0.0,0.0,0.0,0.0,0.0,0.0,0.0,0.0,0.0,0.0,0.0,0.0,0.0,0.0,0.0,0.0,0.0,0.0,0.0,0.0,0.0,0.0,0.0,0.0,0.0,0.0,0.0,0.0,0.0,0.0,0.0,0.0,0.0,0.0,0.0,0.0,0.0,0.0,0.0,0.0,0.0,0.0,0.0,0.0,0.0,0.0,0.0,0.0,0.0,0.0,0.0,0.0,0.0,0.0,0.0,0.0,0.0,0.0,0.0,0.0,0.0,0.0,0.0,0.0,0.0,0.0,0.0,0.0,0.0,0.0,0.0,0.0,0.0,0.0,0.0,0.0,0.0,0.0,0.0,0.0,0.0,0.0,0.0,0.0,0.0,0.0,0.0,0.0,0.0,0.0,0.0,0.0,0.0,0.0,0.0,0.0,0.0,0.0,0.0,0.0,0.0,0.0,0.0,0.0,0.0,0.0,0.0,0.0,0.0,0.0,0.0,0.0,0.0,0.0,0.0,0.0,0.0,0.0,0.0,0.0,0.0,0.0,0.0,0.0,0.0,0.0,0.0,0.0,0.0,0.0,0.0,0.0,0.0,0.0,0.0,0.0,0.0,0.0,0.0,0.0,0.0,0.0,0.0,0.0,0.0,0.0,0.0,0.0,0.0,0.0,0.0,0.0,0.0,0.0,0.0,0.0,0.0,0.0,0.0,0.0,0.0,0.0,0.0,0.0,0.0,0.0,0.0,0.0,0.0,0.0,0.0,0.0,0.0,0.0,0.0,0.0,0.0,0.0,0.0,0.0,0.0,0.0,0.0,0.0,0.0,0.0,0.0,0.0,0.0,0.0,0.0,0.0,0.0,0.0,0.0,0.0,0.0,0.0,0.0,0.0,0.0,0.0,0.0,0.0,0.0,0.0,0.0,0.0,0.0,0.0,0.0,0.0,0.0,0.0,0.0,0.0,0.0,0.0,0.0,0.0,0.0,0.0,0.0,0.0,0.0,0.0,0.0,0.0,0.0,0.0,0.0,0.0,0.0,0.0,0.0,0.0,0.0,0.0,0.0,0.0,0.0,0.0,0.0,0.0,0.0,0.0,0.0,0.0,0.0,0.0,0.0,0.0,0.0,0.0,0.0,0.0,0.0,0.0,0.0,0.0,0.0,0.0,0.0,0.0,0.0,0.0,0.0,0.0,0.0,0.0,0.0,0.0,0.0,0.0,0.0,0.0,0.0,0.0,0.0,0.0,0.0,0.0,0.0,0.0,0.0,0.0,0.0,0.0,0.0,0.0,0.0,0.0,0.0,0.0,0.0,0.0,0.0,0.0,0.0,0.0,0.0,0.0,0.0,0.0,0.0,0.0,0.0,0.0,0.0,0.0,0.0,0.0,0.0,0.0,0.0,0.0
Tax48,0.0,-0.3384964,-0.28997532,-0.21659938,-0.12486751,-0.019799784,0.09470161,0.21557094,0.34028712,0.4668109,0.5933136,0.7183627,0.8402685,0.9581146,1.0711336,1.1780982,1.2785065,1.3688506,1.4603212,1.5307844,1.602227,1.6796887,1.750754,1.8044244,1.8818165,1.9556671,2.0349567,2.0901194,2.1451592,2.1928952,2.2220814,2.2469115,2.3401473,2.3516855,2.4176083,2.492539,2.5024397,2.5712767,2.5366158,2.5521846,2.5832283,2.6020954,2.6300871,2.6899033,2.7106974,2.7786007,2.8503685,2.8261595,2.8336778,2.8416085,2.833145,2.806274,2.8630881,2.8548784,2.792057,2.7872624,2.74824,2.8046825,2.700362,2.6379654,2.6052196,2.5618286,2.4707525,2.5021682,2.5573049,2.6161492,0.94144005,0.96299285,2.7814693,2.8599174,2.8777475,2.8740518,2.78983,1.0103693,2.891277,1.0157562,1.0289787,1.0582608,1.0698296,1.0827208,1.0917813,1.1111375,1.0969052,1.1236253,1.1395695,1.1618431,3.2249148,3.1713564,3.242887,3.247528,3.2818685,3.3184493,3.286915,3.3138356,3.1609333,3.1371877,3.044074,3.0090392,2.9922028,2.9949188,2.9621735,2.929904,2.9897847,2.9126291,2.9066832,2.9070349,2.8660553,2.8682592,2.8774686,2.8348708,2.8583817,2.8043406,2.765623,2.7311702,2.6477988,0.82524717,0.8274651,0.8178602,0.8043668,0.7585906,0.74116343,0.7147744,0.672583,0.6234277,0.5954483,0.55380124,0.5323226,0.44721597,0.41333613,0.37310266,0.33280975,0.29214785,0.24214734,0.19879621,0.13856556,0.09497288,0.054998823,0.020089641,-0.009804108,-0.060349807,-0.10180312,-0.14075537,-0.17556326,-0.20854437,-0.23341636,-0.2447492,-0.25609356,-0.2683133,-0.28595373,-0.30363813,-0.3156267,-0.31737387,-0.30061558,-0.27499485,-0.25908524,-0.2397799,-0.22317316,-0.20962745,-0.20432591,-0.20438185,-0.20280479,-0.20101306,-0.20495509,-0.21314615,-0.20884433,-0.20722075,-0.20785294,-0.20343235,-0.20485234,-0.20260397,-0.20026906,-0.19531867,-0.19613302,-0.19695507,-0.18010311,-0.17572117,-0.18308169,-0.18540415,-0.17944074,-0.16389716,-0.16070594,-0.16542433,-0.18658695,-0.2106328,-0.2254497,-0.23910742,-0.24606636,-0.25752708,-0.26143056,-0.27038306,-0.2782958,-0.27437717,-0.27625933,-0.2738972,-0.2744048,-0.2745428,-0.26845747,-0.26835337,-0.27002037,-0.26933527,-0.25858077,-0.2457929,-0.23280829,-0.22936627,-0.22283573,-0.22165732,-0.22249019,-0.21882246,-0.20927243,-0.20963582,-0.2049088,-0.19623858,-0.19114056,-0.1821962,-0.17103817,-0.1665371,-0.16247182,-0.15970355,-0.15364447,-0.13745862,-0.13126938,-0.12843883,-0.1281493,-0.12786649,-0.123528376,-0.120772325,-0.1144669,-0.10337901,-0.10309947,-0.10026338,-0.09587382,-0.09321525,-0.09032145,-0.090090305,-0.0898486,-0.08252935,-0.08229264,-0.07950282,-0.07133452,-0.06716971,-0.06697933,-0.066789664,-0.064296424,-0.064134836,-0.057806414,-0.052570656,-0.05242386,-0.052276272,-0.048631907,-0.048493553,-0.048352737,-0.048215546,-0.0480808,-0.047942553,-0.047802597,-0.04767034,-0.041602656,-0.041492097,-0.037437446,-0.03733997,-0.03429187,-0.03028524,-0.030193735,-0.026101977,-0.026026841,-0.023511497,-0.023443427,-0.023379635,-0.023317164,-0.020875204,-0.020814154,-0.020750321,-0.020690024,-0.020629698,-0.020569338,-0.020508884,-0.020445753,-0.020381436,-0.020316293,-0.020253938,-0.020192033,-0.020131905,-0.020066813,-0.015949639,-0.015895769,-0.015837308,-0.015777122,-0.015713822,-0.015654573,-0.013399249,-0.013351953,-0.013308665,-0.013270725,-0.013230866,-0.011136473,-0.011061773,-0.010957016,-0.010803516,-0.006957276,-0.0067924466,-0.006631366,-0.0064826896,-0.006274829,-0.004322485,-0.0041296594,-0.003919753,-0.0036826006,-0.0034340867,-0.0031555432,-0.0027834577,-0.0023711803,-0.0018704428,-0.0013414659,-0.0007597493,-9.991054e-05,0.00061698235,0.0014943285,0.0025101483,0.0036857305,0.0047975145,0.006200425,0.0085204905,0.012331346,0.016630467,0.020415116,0.02140173,0.021472592,0.021630138,0.021994192,0.022172201,0.022940017,0.02381454,0.024302676,0.02596705,0.027179562,0.028507397,0.030060561,0.031675234,0.077075504,0.08052404,0.08278522,0.08529286,0.085583575,0.08366205,0.07609146,0.06856832,0.06055543,0.03373544,0.026919547,0.014185816,0.004259487,-0.0029130618,-0.0038272934,-0.0039338446,-0.0065570837,-0.0059290873,-0.006543365,-0.0058138,-0.0064994507,-0.005775243,-0.005765424,-0.0057566143,-0.0057520214,-0.0057294033,-0.005686217,-0.0056609455,-0.0028445073,-0.002836416,-0.0027093543,-0.0025007508,-0.0022371504,-0.0019379719,-0.0016175782,-0.0012863333,-0.0009535834,-0.00062624784,-0.00031018676,-1.0232907e-05,0.00027040532,0.00052828016,0.00076132035,0.0009682621,0.001147422,0.0012996392,0.0014246381,0.001524223,0.001598554,0.0016474482,0.0016704765,0.001667273,0.001636826,0.0015912706,0.0015364385,0.0016532096,0.0017477514,0.0018466034,0.0019284238,0.0020873998,0.0021505007,0.0019160823,0.0021629005,0.0023505995,0.0024995066,0.0026235324,0.0020384698,0.00228152,0.0025068382,0.0027802773,0.0030238617,0.0031468263,0.0032898155,0.0014533442,0.0035274427,0.0035875114,0.0027889037,0.002229308,0.002656996,0.0030970622,0.0034600126,0.0038406334,0.00410495,0.0043636886,0.0046412284,0.0065018907,0.006596922,0.005425333,0.0071048746,0.007238484,0.007405995,0.007679488,0.007863806,0.0019925854,0.0021421406,0.008623771,0.008691592,0.008657522,0.009905263,0.009638741,0.0025847415,0.009569845,0.0024186294,0.003694636,0.003773313,0.0038060748,0.0038620036,0.0039014656,0.003928246,0.0039204704,0.0028213733,0.004341418,0.0043934286,0.013447566,0.013069378,0.0127576925,0.008928803,0.010962225,0.011196959,0.011405752,0.011281162,0.01292381,0.0126769915,0.014812002,0.011705628,0.009537666,0.011202668,0.013538489,0.014681852,0.014547046,0.011391714,0.01299423,0.015959283,0.015509365,0.0140645495,0.016441742,0.017532093,0.015088552,0.01597368,0.022292547,0.02098292,0.016771302,0.00546961,0.009527939,0.009068835,0.008552284,0.0061755218,0.007694248,0.0070675975,0.0066690953,0.007895137,0.0063014594,0.0059925984,0.006702302,0.004417334,0.004026744,0.0043564118,0.005814276,0.0036788732,0.0034087957,0.0016406989,0.004931553,0.002178533,0.0042238543,0.0035855016,0.0030214787,0.0021251086,0.001303968,0.0005864138,6.6575594e-05,-0.00028145267,-0.0005668467,-0.0007452634,-0.0009559407,-0.001250339,-0.0015482176,-0.0018244497,-0.002025837,-0.0020749469,-0.0018496681,-0.0014961229,-0.0011849531,-0.0008527874,-0.000513982,-0.00021681702,2.2325665e-05,0.00015183399,0.0002927864,0.0003578975,0.00024983753,0.00012164051,2.304092e-05,-4.3950975e-05,-4.0061306e-05,0.000100594014,6.556371e-05,0.000117006246,0.000229239,0.00036136247,0.00042517344,0.00035227183,0.0007619327,0.0010455265,0.00094863493,0.00090254145,0.0009795418,0.0013243104,0.0015738788,0.0014570281,0.00066227466,-0.00023418991,-0.0008499641,-0.0013147746,-0.0017614169,-0.0021399797,-0.0023984096,-0.0026868319,-0.0029443721,-0.0031861449,-0.0033528507,-0.003475393,-0.0036106962,-0.0037213136,-0.0038535378,-0.003968162,-0.0040435693,-0.0041138567,-0.0041997344,-0.004268314,-0.004312215,-0.0043571056,-0.0044372864,-0.0045124507,-0.00455671,-0.004587984,-0.0046127914,-0.0046380493,-0.0046554026,-0.0046662004,-0.0046649436,-0.004655375,-0.0046507036,-0.004650751,-0.0046496345,-0.0046464354,-0.004644236,-0.0046376213,-0.004629928,-0.0046199253,-0.0046112207,-0.004602848,-0.004594165,-0.0045839576,-0.0045720944,-0.0045613386,-0.004549377,-0.0045355917,-0.0045192,-0.004507059,-0.004497294,-0.0044865105,-0.0044748783,-0.0044625704,-0.0044497084,-0.004437208,-0.0044249035,-0.0044127204,-0.004400235,-0.004387804,-0.0043763528,-0.0043661455,-0.0043544644,-0.0043420284,-0.004330021,-0.0043178927,-0.004305631,-0.004293374,-0.004280764,-0.004268632,-0.0042568147,-0.0042445045,-0.0042319414,-0.004220405,-0.004209629,-0.00419885,0.0,0.0,0.0,0.0,0.0,0.0,0.0,0.0,0.0,0.0,0.0,0.0,0.0,0.0,0.0,0.0,0.0,0.0,0.0,0.0,0.0,0.0,0.0,0.0,0.0,0.0,0.0,0.0,0.0,0.0,0.0,0.0,0.0,0.0,0.0,0.0,0.0,0.0,0.0,0.0,0.0,0.0,0.0,0.0,0.0,0.0,0.0,0.0,0.0,0.0,0.0,0.0,0.0,0.0,0.0,0.0,0.0,0.0,0.0,0.0,0.0,0.0,0.0,0.0,0.0,0.0,0.0,0.0,0.0,0.0,0.0,0.0,0.0,0.0,0.0,0.0,0.0,0.0,0.0,0.0,0.0,0.0,0.0,0.0,0.0,0.0,0.0,0.0,0.0,0.0,0.0,0.0,0.0,0.0,0.0,0.0,0.0,0.0,0.0,0.0,0.0,0.0,0.0,0.0,0.0,0.0,0.0,0.0,0.0,0.0,0.0,0.0,0.0,0.0,0.0,0.0,0.0,0.0,0.0,0.0,0.0,0.0,0.0,0.0,0.0,0.0,0.0,0.0,0.0,0.0,0.0,0.0,0.0,0.0,0.0,0.0,0.0,0.0,0.0,0.0,0.0,0.0,0.0,0.0,0.0,0.0,0.0,0.0,0.0,0.0,0.0,0.0,0.0,0.0,0.0,0.0,0.0,0.0,0.0,0.0,0.0,0.0,0.0,0.0,0.0,0.0,0.0,0.0,0.0,0.0,0.0,0.0,0.0,0.0,0.0,0.0,0.0,0.0,0.0,0.0,0.0,0.0,0.0,0.0,0.0,0.0,0.0,0.0,0.0,0.0,0.0,0.0,0.0,0.0,0.0,0.0,0.0,0.0,0.0,0.0,0.0,0.0,0.0,0.0,0.0,0.0,0.0,0.0,0.0,0.0,0.0,0.0,0.0,0.0,0.0,0.0,0.0,0.0,0.0,0.0,0.0,0.0,0.0,0.0,0.0,0.0,0.0,0.0,0.0,0.0,0.0,0.0,0.0,0.0,0.0,0.0,0.0,0.0,0.0,0.0,0.0,0.0,0.0,0.0,0.0,0.0,0.0,0.0,0.0,0.0,0.0,0.0,0.0,0.0,0.0,0.0,0.0,0.0,0.0,0.0,0.0,0.0,0.0,0.0,0.0,0.0,0.0,0.0,0.0,0.0,0.0,0.0,0.0,0.0,0.0,0.0,0.0,0.0,0.0,0.0,0.0,0.0,0.0,0.0,0.0,0.0,0.0,0.0,0.0,0.0,0.0,0.0,0.0,0.0,0.0,0.0,0.0,0.0,0.0,0.0,0.0,0.0,0.0,0.0,0.0,0.0,0.0,0.0,0.0,0.0,0.0,0.0,0.0,0.0,0.0,0.0,0.0,0.0,0.0,0.0,0.0,0.0,0.0,0.0,0.0,0.0,0.0,0.0,0.0,0.0,0.0,0.0,0.0,0.0,0.0,0.0,0.0,0.0,0.0,0.0,0.0,0.0,0.0,0.0,0.0,0.0,0.0,0.0,0.0,0.0,0.0,0.0,0.0,0.0,0.0,0.0,0.0,0.0,0.0,0.0,0.0,0.0,0.0,0.0,0.0,0.0,0.0,0.0,0.0,0.0,0.0,0.0,0.0,0.0,0.0,0.0,0.0,0.0,0.0,0.0,0.0,0.0,0.0,0.0,0.0,0.0,0.0,0.0,0.0,0.0,0.0,0.0,0.0,0.0,0.0,0.0,0.0,0.0,0.0,0.0,0.0,0.0,0.0,0.0,0.0,0.0,0.0,0.0,0.0,0.0,0.0,0.0,0.0,0.0,0.0,0.0,0.0,0.0,0.0,0.0,0.0,0.0,0.0,0.0,0.0,0.0,0.0,0.0,0.0,0.0,0.0,0.0,0.0,0.0,0.0,0.0,0.0,0.0,0.0,0.0,0.0,0.0,0.0,0.0,0.0,0.0,0.0,0.0,0.0,0.0,0.0,0.0,0.0,0.0,0.0,0.0,0.0,0.0,0.0,0.0,0.0,0.0,0.0,0.0,0.0,0.0,0.0,0.0,0.0,0.0,0.0,0.0,0.0,0.0,0.0,0.0,0.0,0.0,0.0,0.0,0.0,0.0,0.0,0.0,0.0,0.0,0.0,0.0,0.0,0.0,0.0,0.0,0.0,0.0,0.0,0.0,0.0,0.0,0.0,0.0,0.0,0.0,0.0,0.0,0.0,0.0,0.0,0.0,0.0,0.0,0.0,0.0,0.0,0.0,0.0,0.0,0.0,0.0,0.0,0.0,0.0,0.0,0.0,0.0,0.0,0.0,0.0,0.0,0.0,0.0,0.0,0.0,0.0,0.0,0.0,0.0,0.0,0.0,0.0,0.0,0.0,0.0,0.0,0.0,0.0,0.0,0.0,0.0,0.0,0.0,0.0,0.0,0.0,0.0,0.0,0.0,0.0,0.0,0.0,0.0,0.0,0.0,0.0,0.0,0.0,0.0,0.0,0.0,0.0,0.0,0.0,0.0,0.0,0.0,0.0,0.0,0.0,0.0,0.0,0.0,0.0,0.0,0.0,0.0,0.0,0.0,0.0,0.0,0.0,0.0,0.0,0.0,0.0,0.0,0.0,0.0,0.0,0.0,0.0,0.0,0.0,0.0,0.0,0.0,0.0,0.0,0.0,0.0,0.0,0.0,0.0,0.0,0.0,0.0,0.0,0.0,0.0,0.0,0.0,0.0,0.0,0.0,0.0,0.0,0.0,0.0,0.0,0.0,0.0,0.0,0.0,0.0,0.0,0.0,0.0,0.0,0.0,0.0,0.0,0.0,0.0,0.0,0.0,0.0,0.0,0.0,0.0,0.0,0.0,0.0,0.0,0.0,0.0,0.0,0.0,0.0,0.0,0.0,0.0,0.0,0.0,0.0,0.0,0.0,0.0,0.0,0.0,0.0,0.0,0.0,0.0,0.0,0.0,0.0,0.0,0.0,0.0,0.0,0.0,0.0,0.0,0.0,0.0,0.0,0.0,0.0,0.0,0.0,0.0,0.0,0.0,0.0,0.0,0.0,0.0,0.0,0.0,0.0,0.0,0.0,0.0,0.0,0.0,0.0,0.0,0.0,0.0,0.0,0.0,0.0,0.0,0.0,0.0,0.0,0.0,0.0,0.0,0.0,0.0,0.0,0.0,0.0,0.0,0.0,0.0,0.0,0.0,0.0,0.0,0.0,0.0,0.0,0.0,0.0,0.0,0.0,0.0,0.0,0.0,0.0,0.0,0.0,0.0,0.0,0.0,0.0,0.0,0.0,0.0,0.0,0.0,0.0,0.0,0.0,0.0,0.0,0.0,0.0,0.0,0.0,0.0,0.0,0.0,0.0,0.0,0.0,0.0,0.0,0.0,0.0,0.0,0.0,0.0,0.0,0.0,0.0,0.0,0.0,0.0,0.0,0.0,0.0,0.0,0.0,0.0,0.0,0.0,0.0,0.0,0.0,0.0,0.0,0.0,0.0,0.0,0.0,0.0,0.0,0.0,0.0,0.0,0.0,0.0,0.0,0.0,0.0,0.0,0.0,0.0,0.0,0.0,0.0,0.0,0.0,0.0,0.0,0.0,0.0,0.0,0.0,0.0,0.0,0.0,0.0,0.0,0.0,0.0,0.0,0.0,0.0,0.0,0.0,0.0,0.0,0.0,0.0,0.0,0.0,0.0,0.0,0.0,0.0,0.0,0.0,0.0,0.0,0.0,0.0,0.0,0.0,0.0,0.0,0.0,0.0,0.0,0.0,0.0,0.0,0.0,0.0,0.0,0.0,0.0,0.0,0.0,0.0,0.0,0.0,0.0,0.0,0.0,0.0,0.0,0.0,0.0,0.0,0.0,0.0,0.0,0.0,0.0,0.0,0.0,0.0,0.0,0.0,0.0,0.0,0.0,0.0,0.0,0.0,0.0,0.0,0.0,0.0,0.0,0.0,0.0,0.0,0.0,0.0,0.0,0.0,0.0,0.0,0.0,0.0,0.0,0.0,0.0,0.0,0.0,0.0,0.0,0.0,0.0,0.0,0.0,0.0,0.0,0.0,0.0,0.0,0.0,0.0,0.0,0.0,0.0,0.0,0.0,0.0,0.0,0.0,0.0,0.0,0.0,0.0,0.0,0.0,0.0,0.0,0.0,0.0,0.0,0.0,0.0,0.0,0.0,0.0,0.0,0.0,0.0,0.0,0.0,0.0,0.0,0.0,0.0,0.0,0.0,0.0,0.0,0.0,0.0,0.0,0.0,0.0,0.0,0.0,0.0,0.0,0.0,0.0,0.0,0.0,0.0,0.0,0.0,0.0,0.0,0.0,0.0,0.0,0.0,0.0,0.0,0.0,0.0,0.0,0.0,0.0,0.0,0.0,0.0,0.0,0.0,0.0,0.0,0.0,0.0,0.0,0.0,0.0,0.0,0.0,0.0,0.0,0.0,0.0,0.0,0.0,0.0,0.0,0.0,0.0,0.0,0.0,0.0,0.0,0.0,0.0,0.0,0.0,0.0,0.0,0.0,0.0,0.0,0.0,0.0,0.0,0.0,0.0,0.0,0.0,0.0,0.0,0.0,0.0,0.0,0.0,0.0,0.0,0.0,0.0,0.0,0.0,0.0,0.0,0.0,0.0,0.0,0.0,0.0,0.0,0.0,0.0,0.0,0.0,0.0,0.0,0.0,0.0,0.0,0.0,0.0,0.0,0.0,0.0,0.0,0.0,0.0,0.0,0.0,0.0,0.0,0.0,0.0,0.0,0.0,0.0,0.0,0.0,0.0,0.0,0.0,0.0,0.0,0.0,0.0,0.0,0.0,0.0,0.0,0.0,0.0,0.0,0.0,0.0,0.0,0.0,0.0,0.0,0.0,0.0,0.0,0.0,0.0,0.0,0.0,0.0,0.0,0.0,0.0,0.0,0.0,0.0,0.0,0.0,0.0,0.0,0.0,0.0,0.0,0.0,0.0,0.0,0.0,0.0,0.0,0.0,0.0,0.0,0.0,0.0,0.0,0.0,0.0,0.0,0.0,0.0,0.0,0.0,0.0,0.0,0.0,0.0,0.0,0.0,0.0,0.0,0.0,0.0,0.0,0.0,0.0,0.0,0.0,0.0,0.0,0.0,0.0,0.0,0.0,0.0,0.0,0.0,0.0,0.0,0.0,0.0,0.0,0.0,0.0,0.0,0.0,0.0,0.0,0.0,0.0,0.0,0.0,0.0,0.0,0.0,0.0,0.0,0.0,0.0,0.0,0.0,0.0,0.0,0.0,0.0,0.0,0.0,0.0,0.0,0.0,0.0,0.0,0.0,0.0,0.0,0.0,0.0,0.0,0.0,0.0,0.0,0.0,0.0,0.0,0.0,0.0,0.0,0.0,0.0,0.0,0.0,0.0,0.0,0.0,0.0,0.0,0.0,0.0,0.0,0.0,0.0,0.0,0.0,0.0,0.0,0.0,0.0,0.0,0.0,0.0,0.0,0.0,0.0,0.0,0.0,0.0,0.0,0.0,0.0,0.0,0.0,0.0,0.0,0.0,0.0,0.0,0.0,0.0,0.0,0.0,0.0,0.0,0.0,0.0,0.0,0.0,0.0,0.0,0.0,0.0,0.0,0.0,0.0,0.0,0.0,0.0,0.0,0.0,0.0,0.0,0.0,0.0,0.0,0.0,0.0,0.0,0.0,0.0,0.0,0.0,0.0,0.0,0.0,0.0,0.0,0.0,0.0,0.0,0.0,0.0,0.0,0.0,0.0,0.0,0.0,0.0,0.0,0.0,0.0,0.0,0.0,0.0,0.0,0.0,0.0,0.0,0.0,0.0,0.0,0.0,0.0,0.0,0.0,0.0,0.0,0.0,0.0,0.0,0.0,0.0,0.0,0.0,0.0,0.0,0.0,0.0,0.0,0.0,0.0,0.0,0.0,0.0,0.0,0.0,0.0,0.0,0.0,0.0,0.0,0.0,0.0,0.0,0.0,0.0,0.0,0.0,0.0,0.0,0.0,0.0,0.0,0.0,0.0,0.0,0.0,0.0,0.0,0.0,0.0,0.0,0.0,0.0,0.0,0.0,0.0,0.0,0.0,0.0,0.0,0.0,0.0,0.0,0.0,0.0,0.0,0.0,0.0,0.0,0.0,0.0,0.0,0.0,0.0,0.0,0.0,0.0,0.0,0.0,0.0,0.0,0.0,0.0,0.0,0.0,0.0,0.0,0.0,0.0,0.0,0.0,0.0,0.0,0.0,0.0,0.0,0.0,0.0,0.0,0.0,0.0,0.0,0.0,0.0,0.0,0.0,0.0,0.0,0.0,0.0,0.0,0.0,0.0,0.0,0.0,0.0,0.0,0.0,0.0,0.0,0.0,0.0,0.0,0.0,0.0,0.0,0.0,0.0,0.0,0.0,0.0,0.0,0.0,0.0,0.0,0.0,0.0,0.0,0.0,0.0,0.0,0.0,0.0,0.0,0.0,0.0,0.0,0.0,0.0,0.0,0.0,0.0,0.0,0.0,0.0,0.0,0.0,0.0,0.0,0.0,0.0,0.0,0.0,0.0,0.0,0.0,0.0,0.0,0.0,0.0,0.0,0.0,0.0,0.0,0.0,0.0,0.0,0.0,0.0,0.0,0.0,0.0,0.0,0.0,0.0,0.0,0.0,0.0,0.0,0.0,0.0,0.0,0.0,0.0,0.0,0.0,0.0,0.0,0.0,0.0,0.0,0.0,0.0,0.0,0.0,0.0,0.0,0.0,0.0,0.0,0.0,0.0,0.0,0.0,0.0,0.0,0.0,0.0,0.0,0.0,0.0,0.0,0.0,0.0,0.0,0.0,0.0,0.0,0.0,0.0,0.0,0.0,0.0,0.0,0.0,0.0,0.0,0.0,0.0,0.0,0.0,0.0,0.0,0.0,0.0,0.0,0.0,0.0,0.0,0.0,0.0,0.0,0.0,0.0,0.0,0.0,0.0,0.0,0.0,0.0,0.0,0.0,0.0,0.0,0.0,0.0,0.0,0.0,0.0,0.0,0.0,0.0,0.0,0.0,0.0,0.0,0.0,0.0,0.0,0.0,0.0,0.0,0.0,0.0,0.0,0.0,0.0,0.0,0.0,0.0,0.0,0.0,0.0,0.0,0.0,0.0,0.0,0.0,0.0,0.0,0.0,0.0,0.0,0.0,0.0,0.0,0.0,0.0,0.0,0.0,0.0,0.0,0.0,0.0,0.0,0.0,0.0,0.0,0.0,0.0,0.0,0.0,0.0,0.0,0.0,0.0,0.0,0.0,0.0,0.0,0.0,0.0,0.0,0.0,0.0,0.0,0.0,0.0,0.0,0.0,0.0,0.0,0.0,0.0,0.0,0.0,0.0,0.0,0.0,0.0,0.0,0.0,0.0,0.0,0.0,0.0,0.0,0.0,0.0,0.0,0.0,0.0,0.0,0.0,0.0,0.0,0.0,0.0,0.0,0.0,0.0,0.0,0.0,0.0,0.0,0.0,0.0,0.0,0.0,0.0,0.0,0.0,0.0,0.0,0.0,0.0,0.0,0.0,0.0,0.0,0.0,0.0,0.0,0.0,0.0,0.0,0.0,0.0,0.0,0.0,0.0,0.0,0.0,0.0,0.0,0.0,0.0,0.0,0.0,0.0,0.0,0.0,0.0,0.0,0.0,0.0,0.0,0.0,0.0,0.0,0.0,0.0,0.0,0.0,0.0,0.0,0.0,0.0,0.0,0.0,0.0,0.0,0.0,0.0,0.0,0.0,0.0,0.0,0.0,0.0,0.0,0.0,0.0,0.0,0.0,0.0,0.0,0.0,0.0,0.0,0.0,0.0,0.0,0.0,0.0,0.0,0.0,0.0,0.0,0.0,0.0,0.0,0.0,0.0,0.0,0.0,0.0,0.0,0.0,0.0,0.0,0.0,0.0,0.0,0.0,0.0,0.0,0.0,0.0,0.0,0.0,0.0,0.0,0.0,0.0,0.0,0.0,0.0,0.0,0.0,0.0,0.0,0.0,0.0,0.0,0.0,0.0,0.0,0.0,0.0,0.0,0.0,0.0,0.0,0.0,0.0,0.0,0.0,0.0,0.0,0.0,0.0,0.0,0.0,0.0,0.0,0.0,0.0,0.0,0.0,0.0,0.0,0.0,0.0,0.0,0.0,0.0,0.0,0.0,0.0,0.0,0.0,0.0,0.0,0.0,0.0,0.0,0.0,0.0,0.0,0.0,0.0,0.0,0.0,0.0,0.0,0.0,0.0,0.0,0.0,0.0,0.0,0.0,0.0,0.0,0.0,0.0,0.0,0.0,0.0,0.0,0.0,0.0,0.0,0.0,0.0,0.0,0.0,0.0,0.0,0.0,0.0,0.0,0.0,0.0,0.0,0.0,0.0,0.0,0.0,0.0,0.0,0.0,0.0,0.0,0.0,0.0,0.0,0.0,0.0,0.0,0.0,0.0,0.0,0.0,0.0,0.0,0.0,0.0,0.0,0.0,0.0,0.0,0.0,0.0,0.0,0.0,0.0,0.0,0.0,0.0,0.0,0.0,0.0,0.0,0.0,0.0,0.0,0.0,0.0,0.0,0.0,0.0,0.0,0.0,0.0,0.0,0.0,0.0,0.0,0.0,0.0,0.0,0.0,0.0,0.0,0.0,0.0,0.0,0.0,0.0,0.0,0.0,0.0,0.0,0.0,0.0,0.0,0.0,0.0,0.0,0.0,0.0,0.0,0.0,0.0,0.0,0.0,0.0,0.0,0.0,0.0,0.0,0.0,0.0,0.0,0.0,0.0,0.0,0.0,0.0,0.0,0.0,0.0,0.0,0.0,0.0,0.0,0.0,0.0,0.0,0.0,0.0,0.0,0.0,0.0,0.0,0.0,0.0,0.0,0.0,0.0,0.0,0.0,0.0,0.0,0.0,0.0,0.0,0.0,0.0,0.0,0.0,0.0,0.0,0.0,0.0,0.0,0.0,0.0,0.0,0.0,0.0,0.0,0.0,0.0,0.0,0.0,0.0,0.0,0.0,0.0,0.0,0.0,0.0,0.0,0.0,0.0,0.0,0.0,0.0,0.0,0.0,0.0,0.0,0.0,0.0,0.0,0.0,0.0,0.0,0.0,0.0,0.0,0.0,0.0,0.0,0.0,0.0,0.0,0.0,0.0,0.0,0.0,0.0,0.0,0.0,0.0,0.0,0.0,0.0,0.0,0.0,0.0,0.0,0.0,0.0,0.0,0.0,0.0,0.0,0.0,0.0,0.0,0.0,0.0,0.0,0.0,0.0,0.0,0.0,0.0,0.0,0.0,0.0,0.0,0.0,0.0,0.0,0.0,0.0,0.0,0.0,0.0,0.0,0.0,0.0,0.0,0.0,0.0,0.0,0.0,0.0,0.0,0.0,0.0,0.0,0.0,0.0,0.0,0.0,0.0,0.0,0.0,0.0,0.0,0.0,0.0,0.0,0.0,0.0,0.0,0.0,0.0,0.0,0.0,0.0,0.0,0.0,0.0,0.0,0.0,0.0,0.0,0.0,0.0,0.0,0.0,0.0,0.0,0.0,0.0,0.0,0.0,0.0,0.0,0.0,0.0,0.0,0.0,0.0,0.0,0.0,0.0,0.0,0.0,0.0,0.0,0.0,0.0,0.0,0.0,0.0,0.0,0.0,0.0,0.0,0.0,0.0,0.0,0.0,0.0,0.0,0.0,0.0,0.0,0.0,0.0,0.0,0.0,0.0,0.0,0.0,0.0,0.0,0.0,0.0,0.0,0.0,0.0,0.0,0.0,0.0,0.0,0.0,0.0,0.0,0.0,0.0,0.0,0.0,0.0,0.0,0.0,0.0,0.0,0.0,0.0,0.0,0.0,0.0,0.0,0.0,0.0,0.0,0.0,0.0,0.0,0.0,0.0,0.0,0.0,0.0,0.0,0.0,0.0,0.0,0.0,0.0,0.0,0.0,0.0,0.0,0.0,0.0,0.0,0.0,0.0,0.0,0.0,0.0,0.0,0.0,0.0,0.0,0.0,0.0,0.0,0.0,0.0,0.0,0.0,0.0,0.0,0.0,0.0,0.0,0.0,0.0,0.0,0.0,0.0,0.0,0.0,0.0,0.0,0.0,0.0,0.0,0.0,0.0,0.0,0.0,0.0,0.0,0.0,0.0,0.0
Tax49,0.0,-0.04312337,-0.037465684,-0.028592914,-0.017340412,-0.0044074156,0.009736659,0.024713788,0.039232213,0.054462247,0.06959542,0.08401064,0.09816617,0.111658916,0.124321,0.1360531,0.14678194,0.156412,0.16488399,0.17365631,0.17836358,0.1853295,0.19056161,0.19554769,0.19927377,0.20289554,0.20652187,0.21110114,0.21436961,0.21829423,0.22302291,0.22518958,0.23169668,0.2345882,0.2367479,0.23896462,0.2416018,0.24500968,0.23871563,0.24083118,0.24373916,0.24571022,0.25195014,0.264279,0.26570338,0.27419353,0.27770248,0.27532032,0.27518812,0.27710953,0.27606255,0.27318692,0.27635166,0.27533218,0.2781024,0.27146503,0.26525033,0.2637027,0.26077417,0.2512399,0.23644277,0.23088636,0.22615348,0.22292158,0.2272661,0.22820875,0.19983536,0.2052417,0.2461501,0.2532377,0.2596506,0.26227957,0.26006234,0.22996297,0.27300128,0.23761234,0.23944102,0.24711965,0.24851185,0.2647376,0.26540038,0.2755138,0.28039172,0.28444898,0.2956722,0.30208504,0.36143374,0.3622443,0.36578453,0.3743696,0.3731749,0.36073226,0.37665746,0.38320246,0.37228826,0.3643923,0.3672639,0.36585495,0.36505207,0.3677285,0.36223525,0.367773,0.3733008,0.3731233,0.37902147,0.36931977,0.3722449,0.38051742,0.38460445,0.3912037,0.390636,0.3908977,0.39808488,0.393378,0.38926953,0.32426143,0.36875314,0.37869692,0.38073578,0.38155887,0.38515803,0.39015192,0.3828336,0.3825677,0.3858343,0.38524708,0.37660566,0.37459955,0.35861814,0.35139698,0.3452514,0.3374162,0.32354453,0.31323305,0.29234177,0.2798506,0.27004537,0.25682923,0.24902946,0.2307809,0.21713375,0.20084977,0.17891794,0.16613837,0.15765117,0.14799719,0.1400195,0.12892346,0.12068618,0.10956623,0.097663544,0.093246646,0.0968058,0.10457279,0.11004538,0.115124114,0.11949269,0.120427914,0.12534417,0.12144356,0.11797741,0.11361347,0.10853855,0.103361376,0.10234801,0.101016894,0.10174087,0.102790676,0.09673128,0.09250432,0.08890253,0.088865906,0.08731251,0.08644809,0.09339608,0.0978143,0.0927919,0.088064566,0.08206184,0.08688536,0.08970398,0.08464361,0.074477226,0.06349212,0.056295455,0.048717823,0.043640707,0.03553809,0.02977604,0.026738243,0.019770557,0.015087388,0.013690797,0.010640183,0.008681197,0.006966724,0.0060694497,0.0052512456,0.0046854415,0.0041301623,0.0034031651,0.0027780773,0.002086223,0.001682914,0.00095843826,0.00022739434,-0.0002654001,-0.0005895646,-0.00089902396,-0.0012362038,-0.0015189527,-0.001473222,-0.001572052,-0.0015952076,-0.0016654455,-0.0017849999,-0.0019000814,-0.0019980783,-0.002113793,-0.0021840034,-0.0018618728,-0.0018903333,-0.0019337686,-0.0019830537,-0.0020312134,-0.0016190687,-0.0011634773,-0.00077687466,-0.0007802569,-0.0007740913,-0.0007553372,-0.00036573247,-0.0003727868,-0.00037782814,-0.0003805139,-0.00038125375,-0.00038041576,-0.0003806141,-0.0003813976,-0.00038242742,-0.00038234226,-0.000382011,-0.00038416614,-0.0003901688,-0.00039202563,-0.0003916476,-0.00039257345,-0.0003931884,-0.00039335425,-0.00039343818,-0.00039218235,-0.0003921797,-0.00039293084,-0.0003919236,-0.00039019855,-0.00039184414,-0.00039606864,-0.00040054938,-0.00040463172,-0.00041052685,-0.00041697154,-0.0004158887,-0.00041151405,-0.0004083947,-0.0004080967,-0.00040455343,-0.00040400808,-0.00040692685,-0.0004108577,-0.0004126643,-0.00041110592,-0.00040655857,-0.0004057531,-0.0004045412,-0.00040313276,-0.0004015076,-0.0003974541,-0.00039219332,-0.00038629895,-0.00038267844,-0.00037945018,0.0,0.0,0.0,0.0,0.0,0.0,0.0,0.0,0.0,0.0,0.0,0.0,0.0,0.0,0.0,0.0,0.0,0.0,0.0,0.0,0.0,0.0,0.0,0.0,0.0,0.0,0.0,0.0,0.0,0.0,0.0,0.0,0.0,0.0,0.0,0.0,0.0,0.0,0.0,0.0,0.0,0.0,0.0,0.0,0.0,0.0,0.0,0.0,0.0,0.0,0.0,0.0,0.0,0.0,0.0,0.0,0.0,0.0,0.0,0.0,0.0,0.0,0.0,0.0,0.0,0.0,0.0,0.0,0.0,0.0,0.0,0.0,0.0,0.0,0.0,0.0,0.0,0.0,0.0,0.0,0.0,0.0,0.0,0.0,0.0,0.0,0.0,0.0,0.0,0.0,0.0,0.0,0.0,0.0,0.0,0.0,0.0,0.0,0.0,0.0,0.0,0.0,0.0,0.0,0.0,0.0,0.0,0.0,0.0,0.0,0.0,0.0,0.0,0.0,0.0,0.0,0.0,0.0,0.0,0.0,0.0,0.0,0.0,0.0,0.0,0.0,0.0,0.0,0.0,0.0,0.0,0.0,0.0,0.0,0.0,0.0,0.0,0.0,0.0,0.0,0.0,0.0,0.0,0.0,0.0,0.0,0.0,0.0,0.0,0.0,0.0,0.0,0.0,0.0,0.0,0.0,0.0,0.0,0.0,0.0,0.0,0.0,0.0,0.0,0.0,0.0,0.0,0.0,0.0,0.0,0.0,0.0,0.0,0.0,0.0,0.0,0.0,0.0,0.0,0.0,0.0,0.0,0.0,0.0,0.0,0.0,0.0,0.0,0.0,0.0,0.0,0.0,0.0,0.0,0.0,0.0,0.0,0.0,0.0,0.0,0.0,0.0,0.0,0.0,0.0,0.0,0.0,0.0,0.0,0.0,0.0,0.0,0.0,0.0,0.0,0.0,0.0,0.0,0.0,0.0,0.0,0.0,0.0,0.0,0.0,0.0,0.0,0.0,0.0,0.0,0.0,0.0,0.0,0.0,0.0,0.0,0.0,0.0,0.0,0.0,0.0,0.0,0.0,0.0,0.0,0.0,0.0,0.0,0.0,0.0,0.0,0.0,0.0,0.0,0.0,0.0,0.0,0.0,0.0,0.0,0.0,0.0,0.0,0.0,0.0,0.0,0.0,0.0,0.0,0.0,0.0,0.0,0.0,0.0,0.0,0.0,0.0,0.0,0.0,0.0,0.0,0.0,0.0,0.0,0.0,0.0,0.0,0.0,0.0,0.0,0.0,0.0,0.0,0.0,0.0,0.0,0.0,0.0,0.0,0.0,0.0,0.0,0.0,0.0,0.0,0.0,0.0,0.0,0.0,0.0,0.0,0.0,0.0,0.0,0.0,0.0,0.0,0.0,0.0,0.0,0.0,0.0,0.0,0.0,0.0,0.0,0.0,0.0,0.0,0.0,0.0,0.0,0.0,0.0,0.0,0.0,0.0,0.0,0.0,0.0,0.0,0.0,0.0,0.0,0.0,0.0,0.0,0.0,0.0,0.0,0.0,0.0,0.0,0.0,0.0,0.0,0.0,0.0,0.0,0.0,0.0,0.0,0.0,0.0,0.0,0.0,0.0,0.0,0.0,0.0,0.0,0.0,0.0,0.0,0.0,0.0,0.0,0.0,0.0,0.0,0.0,0.0,0.0,0.0,0.0,0.0,0.0,0.0,0.0,0.0,0.0,0.0,0.0,0.0,0.0,0.0,0.0,0.0,0.0,0.0,0.0,0.0,0.0,0.0,0.0,0.0,0.0,0.0,0.0,0.0,0.0,0.0,0.0,0.0,0.0,0.0,0.0,0.0,0.0,0.0,0.0,0.0,0.0,0.0,0.0,0.0,0.0,0.0,0.0,0.0,0.0,0.0,0.0,0.0,0.0,0.0,0.0,0.0,0.0,0.0,0.0,0.0,0.0,0.0,0.0,0.0,0.0,0.0,0.0,0.0,0.0,0.0,0.0,0.0,0.0,0.0,0.0,0.0,0.0,0.0,0.0,0.0,0.0,0.0,0.0,0.0,0.0,0.0,0.0,0.0,0.0,0.0,0.0,0.0,0.0,0.0,0.0,0.0,0.0,0.0,0.0,0.0,0.0,0.0,0.0,0.0,0.0,0.0,0.0,0.0,0.0,0.0,0.0,0.0,0.0,0.0,0.0,0.0,0.0,0.0,0.0,0.0,0.0,0.0,0.0,0.0,0.0,0.0,0.0,0.0,0.0,0.0,0.0,0.0,0.0,0.0,0.0,0.0,0.0,0.0,0.0,0.0,0.0,0.0,0.0,0.0,0.0,0.0,0.0,0.0,0.0,0.0,0.0,0.0,0.0,0.0,0.0,0.0,0.0,0.0,0.0,0.0,0.0,0.0,0.0,0.0,0.0,0.0,0.0,0.0,0.0,0.0,0.0,0.0,0.0,0.0,0.0,0.0,0.0,0.0,0.0,0.0,0.0,0.0,0.0,0.0,0.0,0.0,0.0,0.0,0.0,0.0,0.0,0.0,0.0,0.0,0.0,0.0,0.0,0.0,0.0,0.0,0.0,0.0,0.0,0.0,0.0,0.0,0.0,0.0,0.0,0.0,0.0,0.0,0.0,0.0,0.0,0.0,0.0,0.0,0.0,0.0,0.0,0.0,0.0,0.0,0.0,0.0,0.0,0.0,0.0,0.0,0.0,0.0,0.0,0.0,0.0,0.0,0.0,0.0,0.0,0.0,0.0,0.0,0.0,0.0,0.0,0.0,0.0,0.0,0.0,0.0,0.0,0.0,0.0,0.0,0.0,0.0,0.0,0.0,0.0,0.0,0.0,0.0,0.0,0.0,0.0,0.0,0.0,0.0,0.0,0.0,0.0,0.0,0.0,0.0,0.0,0.0,0.0,0.0,0.0,0.0,0.0,0.0,0.0,0.0,0.0,0.0,0.0,0.0,0.0,0.0,0.0,0.0,0.0,0.0,0.0,0.0,0.0,0.0,0.0,0.0,0.0,0.0,0.0,0.0,0.0,0.0,0.0,0.0,0.0,0.0,0.0,0.0,0.0,0.0,0.0,0.0,0.0,0.0,0.0,0.0,0.0,0.0,0.0,0.0,0.0,0.0,0.0,0.0,0.0,0.0,0.0,0.0,0.0,0.0,0.0,0.0,0.0,0.0,0.0,0.0,0.0,0.0,0.0,0.0,0.0,0.0,0.0,0.0,0.0,0.0,0.0,0.0,0.0,0.0,0.0,0.0,0.0,0.0,0.0,0.0,0.0,0.0,0.0,0.0,0.0,0.0,0.0,0.0,0.0,0.0,0.0,0.0,0.0,0.0,0.0,0.0,0.0,0.0,0.0,0.0,0.0,0.0,0.0,0.0,0.0,0.0,0.0,0.0,0.0,0.0,0.0,0.0,0.0,0.0,0.0,0.0,0.0,0.0,0.0,0.0,0.0,0.0,0.0,0.0,0.0,0.0,0.0,0.0,0.0,0.0,0.0,0.0,0.0,0.0,0.0,0.0,0.0,0.0,0.0,0.0,0.0,0.0,0.0,0.0,0.0,0.0,0.0,0.0,0.0,0.0,0.0,0.0,0.0,0.0,0.0,0.0,0.0,0.0,0.0,0.0,0.0,0.0,0.0,0.0,0.0,0.0,0.0,0.0,0.0,0.0,0.0,0.0,0.0,0.0,0.0,0.0,0.0,0.0,0.0,0.0,0.0,0.0,0.0,0.0,0.0,0.0,0.0,0.0,0.0,0.0,0.0,0.0,0.0,0.0,0.0,0.0,0.0,0.0,0.0,0.0,0.0,0.0,0.0,0.0,0.0,0.0,0.0,0.0,0.0,0.0,0.0,0.0,0.0,0.0,0.0,0.0,0.0,0.0,0.0,0.0,0.0,0.0,0.0,0.0,0.0,0.0,0.0,0.0,0.0,0.0,0.0,0.0,0.0,0.0,0.0,0.0,0.0,0.0,0.0,0.0,0.0,0.0,0.0,0.0,0.0,0.0,0.0,0.0,0.0,0.0,0.0,0.0,0.0,0.0,0.0,0.0,0.0,0.0,0.0,0.0,0.0,0.0,0.0,0.0,0.0,0.0,0.0,0.0,0.0,0.0,0.0,0.0,0.0,0.0,0.0,0.0,0.0,0.0,0.0,0.0,0.0,0.0,0.0,0.0,0.0,0.0,0.0,0.0,0.0,0.0,0.0,0.0,0.0,0.0,0.0,0.0,0.0,0.0,0.0,0.0,0.0,0.0,0.0,0.0,0.0,0.0,0.0,0.0,0.0,0.0,0.0,0.0,0.0,0.0,0.0,0.0,0.0,0.0,0.0,0.0,0.0,0.0,0.0,0.0,0.0,0.0,0.0,0.0,0.0,0.0,0.0,0.0,0.0,0.0,0.0,0.0,0.0,0.0,0.0,0.0,0.0,0.0,0.0,0.0,0.0,0.0,0.0,0.0,0.0,0.0,0.0,0.0,0.0,0.0,0.0,0.0,0.0,0.0,0.0,0.0,0.0,0.0,0.0,0.0,0.0,0.0,0.0,0.0,0.0,0.0,0.0,0.0,0.0,0.0,0.0,0.0,0.0,0.0,0.0,0.0,0.0,0.0,0.0,0.0,0.0,0.0,0.0,0.0,0.0,0.0,0.0,0.0,0.0,0.0,0.0,0.0,0.0,0.0,0.0,0.0,0.0,0.0,0.0,0.0,0.0,0.0,0.0,0.0,0.0,0.0,0.0,0.0,0.0,0.0,0.0,0.0,0.0,0.0,0.0,0.0,0.0,0.0,0.0,0.0,0.0,0.0,0.0,0.0,0.0,0.0,0.0,0.0,0.0,0.0,0.0,0.0,0.0,0.0,0.0,0.0,0.0,0.0,0.0,0.0,0.0,0.0,0.0,0.0,0.0,0.0,0.0,0.0,0.0,0.0,0.0,0.0,0.0,0.0,0.0,0.0,0.0,0.0,0.0,0.0,0.0,0.0,0.0,0.0,0.0,0.0,0.0,0.0,0.0,0.0,0.0,0.0,0.0,0.0,0.0,0.0,0.0,0.0,0.0,0.0,0.0,0.0,0.0,0.0,0.0,0.0,0.0,0.0,0.0,0.0,0.0,0.0,0.0,0.0,0.0,0.0,0.0,0.0,0.0,0.0,0.0,0.0,0.0,0.0,0.0,0.0,0.0,0.0,0.0,0.0,0.0,0.0,0.0,0.0,0.0,0.0,0.0,0.0,0.0,0.0,0.0,0.0,0.0,0.0,0.0,0.0,0.0,0.0,0.0,0.0,0.0,0.0,0.0,0.0,0.0,0.0,0.0,0.0,0.0,0.0,0.0,0.0,0.0,0.0,0.0,0.0,0.0,0.0,0.0,0.0,0.0,0.0,0.0,0.0,0.0,0.0,0.0,0.0,0.0,0.0,0.0,0.0,0.0,0.0,0.0,0.0,0.0,0.0,0.0,0.0,0.0,0.0,0.0,0.0,0.0,0.0,0.0,0.0,0.0,0.0,0.0,0.0,0.0,0.0,0.0,0.0,0.0,0.0,0.0,0.0,0.0,0.0,0.0,0.0,0.0,0.0,0.0,0.0,0.0,0.0,0.0,0.0,0.0,0.0,0.0,0.0,0.0,0.0,0.0,0.0,0.0,0.0,0.0,0.0,0.0,0.0,0.0,0.0,0.0,0.0,0.0,0.0,0.0,0.0,0.0,0.0,0.0,0.0,0.0,0.0,0.0,0.0,0.0,0.0,0.0,0.0,0.0,0.0,0.0,0.0,0.0,0.0,0.0,0.0,0.0,0.0,0.0,0.0,0.0,0.0,0.0,0.0,0.0,0.0,0.0,0.0,0.0,0.0,0.0,0.0,0.0,0.0,0.0,0.0,0.0,0.0,0.0,0.0,0.0,0.0,0.0,0.0,0.0,0.0,0.0,0.0,0.0,0.0,0.0,0.0,0.0,0.0,0.0,0.0,0.0,0.0,0.0,0.0,0.0,0.0,0.0,0.0,0.0,0.0,0.0,0.0,0.0,0.0,0.0,0.0,0.0,0.0,0.0,0.0,0.0,0.0,0.0,0.0,0.0,0.0,0.0,0.0,0.0,0.0,0.0,0.0,0.0,0.0,0.0,0.0,0.0,0.0,0.0,0.0,0.0,0.0,0.0,0.0,0.0,0.0,0.0,0.0,0.0,0.0,0.0,0.0,0.0,0.0,0.0,0.0,0.0,0.0,0.0,0.0,0.0,0.0,0.0,0.0,0.0,0.0,0.0,0.0,0.0,0.0,0.0,0.0,0.0,0.0,0.0,0.0,0.0,0.0,0.0,0.0,0.0,0.0,0.0,0.0,0.0,0.0,0.0,0.0,0.0,0.0,0.0,0.0,0.0,0.0,0.0,0.0,0.0,0.0,0.0,0.0,0.0,0.0,0.0,0.0,0.0,0.0,0.0,0.0,0.0,0.0,0.0,0.0,0.0,0.0,0.0,0.0,0.0,0.0,0.0,0.0,0.0,0.0,0.0,0.0,0.0,0.0,0.0,0.0,0.0,0.0,0.0,0.0,0.0,0.0,0.0,0.0,0.0,0.0,0.0,0.0,0.0,0.0,0.0,0.0,0.0,0.0,0.0,0.0,0.0,0.0,0.0,0.0,0.0,0.0,0.0,0.0,0.0,0.0,0.0,0.0,0.0,0.0,0.0,0.0,0.0,0.0,0.0,0.0,0.0,0.0,0.0,0.0,0.0,0.0,0.0,0.0,0.0,0.0,0.0,0.0,0.0,0.0,0.0,0.0,0.0,0.0,0.0,0.0,0.0,0.0,0.0,0.0,0.0,0.0,0.0,0.0,0.0,0.0,0.0,0.0,0.0,0.0,0.0,0.0,0.0,0.0,0.0,0.0,0.0,0.0,0.0,0.0,0.0,0.0,0.0,0.0,0.0,0.0,0.0,0.0,0.0,0.0,0.0,0.0,0.0,0.0,0.0,0.0,0.0,0.0,0.0,0.0,0.0,0.0,0.0,0.0,0.0,0.0,0.0,0.0,0.0,0.0,0.0,0.0,0.0,0.0,0.0,0.0,0.0,0.0,0.0,0.0,0.0,0.0,0.0,0.0,0.0,0.0,0.0,0.0,0.0,0.0,0.0,0.0,0.0,0.0,0.0,0.0,0.0,0.0,0.0,0.0,0.0,0.0,0.0,0.0,0.0,0.0,0.0,0.0,0.0,0.0,0.0,0.0,0.0,0.0,0.0,0.0,0.0,0.0,0.0,0.0,0.0,0.0,0.0,0.0,0.0,0.0,0.0,0.0,0.0,0.0,0.0,0.0,0.0,0.0,0.0,0.0,0.0,0.0,0.0,0.0,0.0,0.0,0.0,0.0,0.0,0.0,0.0,0.0,0.0,0.0,0.0,0.0,0.0,0.0,0.0,0.0,0.0,0.0,0.0,0.0,0.0,0.0,0.0,0.0,0.0,0.0,0.0,0.0,0.0,0.0,0.0,0.0,0.0,0.0,0.0,0.0,0.0,0.0,0.0,0.0,0.0,0.0,0.0,0.0,0.0,0.0,0.0,0.0,0.0,0.0,0.0,0.0,0.0,0.0,0.0,0.0,0.0,0.0,0.0,0.0,0.0,0.0,0.0,0.0,0.0,0.0,0.0,0.0,0.0,0.0,0.0,0.0,0.0,0.0,0.0,0.0,0.0,0.0,0.0,0.0,0.0,0.0,0.0,0.0,0.0,0.0,0.0,0.0,0.0,0.0,0.0,0.0,0.0,0.0,0.0,0.0,0.0,0.0,0.0,0.0,0.0,0.0,0.0,0.0,0.0,0.0,0.0,0.0,0.0,0.0,0.0,0.0,0.0,0.0,0.0,0.0,0.0,0.0,0.0,0.0,0.0,0.0,0.0,0.0,0.0,0.0,0.0,0.0,0.0,0.0,0.0,0.0,0.0,0.0,0.0,0.0,0.0,0.0,0.0,0.0,0.0,0.0,0.0,0.0,0.0,0.0,0.0,0.0,0.0,0.0,0.0,0.0,0.0,0.0,0.0,0.0,0.0,0.0,0.0,0.0,0.0,0.0,0.0,0.0,0.0,0.0,0.0,0.0,0.0,0.0,0.0,0.0,0.0,0.0,0.0,0.0,0.0,0.0,0.0,0.0,0.0,0.0,0.0,0.0,0.0,0.0,0.0,0.0,0.0,0.0,0.0,0.0,0.0,0.0,0.0,0.0,0.0,0.0,0.0,0.0,0.0,0.0,0.0,0.0,0.0,0.0,0.0,0.0,0.0,0.0,0.0,0.0,0.0,0.0,0.0,0.0,0.0,0.0,0.0,0.0,0.0,0.0,0.0,0.0,0.0,0.0,0.0,0.0,0.0,0.0,0.0,0.0,0.0,0.0,0.0,0.0,0.0,0.0,0.0,0.0,0.0,0.0,0.0,0.0,0.0,0.0,0.0,0.0,0.0,0.0,0.0,0.0,0.0,0.0,0.0,0.0,0.0,0.0,0.0,0.0,0.0,0.0,0.0,0.0,0.0,0.0,0.0,0.0,0.0,0.0,0.0,0.0,0.0,0.0,0.0,0.0,0.0,0.0,0.0,0.0,0.0,0.0,0.0,0.0,0.0,0.0,0.0,0.0,0.0,0.0,0.0,0.0,0.0,0.0,0.0,0.0,0.0,0.0,0.0,0.0,0.0,0.0,0.0,0.0,0.0,0.0,0.0,0.0,0.0,0.0,0.0,0.0,0.0,0.0,0.0,0.0,0.0,0.0,0.0,0.0,0.0,0.0,0.0,0.0,0.0,0.0,0.0,0.0,0.0,0.0,0.0,0.0,0.0,0.0,0.0,0.0,0.0,0.0,0.0,0.0,0.0,0.0,0.0,0.0,0.0,0.0,0.0,0.0,0.0,0.0,0.0,0.0,0.0,0.0,0.0,0.0,0.0,0.0,0.0,0.0,0.0,0.0,0.0,0.0,0.0,0.0,0.0,0.0,0.0,0.0,0.0,0.0,0.0,0.0,0.0,0.0,0.0,0.0,0.0,0.0,0.0,0.0,0.0,0.0,0.0,0.0,0.0,0.0,0.0,0.0,0.0,0.0,0.0,0.0,0.0,0.0,0.0,0.0,0.0,0.0,0.0,0.0,0.0,0.0,0.0,0.0,0.0,0.0,0.0,0.0,0.0,0.0,0.0,0.0,0.0,0.0,0.0,0.0,0.0,0.0,0.0,0.0,0.0,0.0,0.0,0.0,0.0,0.0,0.0,0.0,0.0,0.0,0.0,0.0,0.0,0.0,0.0,0.0,0.0,0.0,0.0,0.0,0.0,0.0,0.0,0.0,0.0,0.0,0.0,0.0,0.0,0.0,0.0,0.0,0.0,0.0,0.0,0.0,0.0,0.0,0.0,0.0,0.0,0.0,0.0,0.0,0.0,0.0,0.0,0.0,0.0,0.0,0.0,0.0,0.0,0.0,0.0,0.0,0.0,0.0,0.0,0.0,0.0,0.0,0.0,0.0,0.0,0.0,0.0,0.0,0.0,0.0,0.0,0.0,0.0,0.0,0.0,0.0,0.0,0.0,0.0,0.0,0.0,0.0,0.0,0.0,0.0,0.0,0.0,0.0,0.0,0.0,0.0,0.0,0.0,0.0,0.0,0.0,0.0,0.0,0.0,0.0,0.0,0.0,0.0,0.0,0.0,0.0,0.0,0.0,0.0,0.0,0.0,0.0,0.0,0.0,0.0,0.0,0.0,0.0,0.0,0.0,0.0,0.0,0.0,0.0,0.0,0.0,0.0,0.0,0.0,0.0,0.0,0.0,0.0,0.0,0.0,0.0,0.0,0.0,0.0,0.0,0.0,0.0,0.0,0.0,0.0,0.0,0.0,0.0,0.0,0.0,0.0,0.0,0.0,0.0,0.0,0.0,0.0,0.0,0.0,0.0,0.0,0.0,0.0,0.0,0.0,0.0,0.0,0.0,0.0,0.0,0.0,0.0,0.0,0.0,0.0,0.0,0.0,0.0,0.0,0.0,0.0,0.0,0.0,0.0,0.0,0.0,0.0,0.0,0.0,0.0,0.0,0.0,0.0,0.0,0.0,0.0,0.0,0.0,0.0,0.0,0.0,0.0,0.0,0.0,0.0,0.0,0.0,0.0,0.0,0.0,0.0,0.0,0.0,0.0,0.0,0.0,0.0,0.0,0.0,0.0,0.0,0.0,0.0,0.0,0.0,0.0,0.0,0.0,0.0,0.0,0.0,0.0,0.0,0.0,0.0,0.0,0.0,0.0,0.0,0.0,0.0,0.0,0.0,0.0,0.0,0.0,0.0,0.0,0.0,0.0,0.0,0.0,0.0,0.0,0.0,0.0,0.0,0.0,0.0,0.0,0.0,0.0,0.0,0.0,0.0,0.0,0.0,0.0,0.0,0.0,0.0,0.0,0.0,0.0,0.0,0.0,0.0,0.0,0.0,0.0,0.0,0.0,0.0,0.0,0.0,0.0,0.0,0.0,0.0,0.0,0.0,0.0,0.0,0.0,0.0,0.0,0.0,0.0,0.0,0.0,0.0,0.0,0.0,0.0,0.0,0.0,0.0,0.0,0.0,0.0,0.0,0.0,0.0,0.0,0.0,0.0,0.0,0.0,0.0,0.0,0.0,0.0,0.0,0.0,0.0,0.0,0.0,0.0,0.0,0.0,0.0,0.0,0.0,0.0,0.0,0.0,0.0,0.0,0.0,0.0,0.0,0.0,0.0,0.0,0.0,0.0,0.0,0.0,0.0,0.0,0.0,0.0,0.0,0.0,0.0,0.0,0.0,0.0,0.0,0.0,0.0,0.0,0.0,0.0,0.0,0.0,0.0,0.0,0.0,0.0,0.0,0.0,0.0,0.0,0.0,0.0,0.0,0.0,0.0,0.0,0.0,0.0,0.0,0.0,0.0,0.0,0.0,0.0,0.0,0.0,0.0,0.0,0.0,0.0,0.0,0.0,0.0,0.0,0.0,0.0,0.0,0.0,0.0,0.0,0.0,0.0,0.0,0.0,0.0,0.0,0.0,0.0,0.0,0.0,0.0,0.0,0.0,0.0,0.0,0.0,0.0,0.0,0.0,0.0,0.0,0.0,0.0,0.0,0.0,0.0,0.0,0.0,0.0,0.0,0.0,0.0,0.0,0.0,0.0,0.0,0.0,0.0,0.0,0.0,0.0,0.0,0.0,0.0,0.0,0.0,0.0,0.0,0.0,0.0,0.0,0.0,0.0,0.0,0.0,0.0,0.0,0.0,0.0,0.0,0.0,0.0,0.0,0.0,0.0,0.0,0.0,0.0,0.0,0.0,0.0,0.0,0.0,0.0,0.0,0.0,0.0,0.0,0.0,0.0,0.0,0.0,0.0,0.0,0.0,0.0,0.0,0.0,0.0,0.0,0.0,0.0,0.0,0.0,0.0,0.0,0.0,0.0,0.0,0.0,0.0,0.0,0.0,0.0,0.0,0.0,0.0,0.0,0.0,0.0,0.0,0.0,0.0,0.0,0.0,0.0,0.0,0.0,0.0,0.0,0.0,0.0,0.0,0.0,0.0,0.0,0.0,0.0,0.0,0.0,0.0,0.0,0.0,0.0,0.0,0.0,0.0,0.0,0.0,0.0,0.0,0.0,0.0,0.0,0.0,0.0,0.0,0.0,0.0,0.0,0.0,0.0
Tax50,0.0,-1.3552271,-1.1753142,-0.9662125,-0.75460553,-0.5360484,-0.31454682,-0.09287022,0.12707993,0.34410504,0.5595194,0.7669785,0.96330005,1.1563694,1.3428946,1.488841,1.6581277,1.8183975,1.9837372,2.1813042,2.3585365,2.510066,2.6583877,2.871215,2.974677,3.1068456,3.273603,3.4503372,3.5946681,3.7751613,3.888883,3.9207506,3.917871,4.170101,4.3712816,4.4304767,4.5378804,4.6256375,4.651768,4.766202,4.893397,5.0298834,5.320325,5.6444354,5.8226566,6.1387825,6.431894,6.384388,6.4491715,6.6859326,6.6615047,6.664464,6.964655,6.863907,6.821048,6.801569,6.6975636,6.886833,6.5339246,6.3495183,6.0279098,5.77999,5.6298575,5.4043584,5.440537,5.5379934,1.4530251,1.5658842,6.0367594,6.106599,6.320536,6.545182,6.5753164,1.8977174,6.840621,1.9023334,1.9587581,2.068855,2.1828299,2.2903974,2.359739,2.4746697,2.5037112,2.6616418,2.8029916,2.9689507,9.158213,9.310452,9.608855,9.787289,9.838971,10.225643,10.32693,10.545242,10.536609,10.228476,10.27613,10.292911,10.150162,10.4385195,10.34369,10.406926,10.39387,10.525439,10.30641,10.495445,10.487405,10.6064,10.614337,10.620927,10.731081,10.788739,10.869366,10.793408,10.707423,2.3718193,2.4466152,2.5383472,2.453748,2.44065,2.250772,2.1058502,1.9271426,1.8635832,1.6573724,1.53267,1.3759742,1.0044001,0.7655092,0.49545428,0.20738998,0.003843269,-0.17599894,-0.4290166,-0.67402416,-0.95879793,-1.1585976,-1.436982,-1.6660416,-1.9748986,-2.2663577,-2.5443928,-2.8097312,-2.9886708,-3.1439524,-3.2213664,-3.3006496,-3.424251,-3.5572941,-3.6931636,-3.6724155,-3.612935,-3.3598564,-3.0655444,-2.8246076,-2.5832672,-2.3689716,-2.2054992,-2.055676,-1.9930265,-1.9189901,-1.8782567,-1.9093322,-1.9351045,-1.922347,-1.9342328,-1.895821,-1.8051925,-1.7657925,-1.7196884,-1.6604122,-1.5590191,-1.507878,-1.5231092,-1.3445201,-1.2379346,-1.2862294,-1.3053257,-1.2655588,-1.1375682,-1.0723561,-1.1147206,-1.3546666,-1.6183695,-1.7842771,-1.892741,-1.9871014,-2.0817683,-2.1207232,-2.1601636,-2.1792307,-2.1544373,-2.169854,-2.1293995,-2.1336837,-2.109643,-2.0808668,-2.0699775,-2.007401,-1.916669,-1.8360466,-1.791107,-1.7471037,-1.6420745,-1.5595833,-1.474507,-1.4132973,-1.3469613,-1.2935551,-1.2516732,-1.2162117,-1.1736141,-1.1354666,-1.0895326,-1.0046434,-0.97188604,-0.909334,-0.85965127,-0.8075789,-0.75968224,-0.72437596,-0.7020547,-0.664284,-0.60866004,-0.5931191,-0.5598919,-0.5429561,-0.47442982,-0.43841493,-0.4101053,-0.382923,-0.36041126,-0.3345576,-0.3112303,-0.3077378,-0.29108724,-0.2803896,-0.2691648,-0.25189978,-0.2490194,-0.23302543,-0.2303291,-0.21819973,-0.21036218,-0.2010604,-0.17985988,-0.15726559,-0.1433084,-0.1416523,-0.13535053,-0.12813748,-0.119941995,-0.11101895,-0.09014245,-0.08908219,-0.088069335,-0.07582517,-0.07498639,-0.061294116,-0.051350027,-0.0507933,-0.050198417,-0.049591176,-0.048997995,-0.0368148,-0.03637216,-0.03594779,-0.035543878,-0.035148926,-0.03474934,-0.034339942,-0.03392296,-0.03352615,-0.033132736,-0.032743193,-0.03235737,-0.03196603,-0.031574853,-0.03118588,-0.0262167,-0.025902761,-0.025596866,-0.025281781,-0.024970466,-0.020119324,-0.016319595,-0.016104484,-0.015887404,-0.015681222,-0.015473282,-0.010200316,-0.010078281,-0.009963428,-0.009846803,-0.009709156,-0.009543231,-0.009346915,-0.009104836,-0.008816765,-0.008501772,-0.008205296,-0.0079372935,-0.004918905,-0.004676484,-0.004422548,-0.004158403,-0.003869392,-0.0035749702,-0.0032552932,-0.0028448687,-0.0024052192,-0.001884344,-0.0013448399,-0.00076151156,-0.00010821677,0.00059733586,0.001457283,0.002450883,0.0036071236,0.004709047,0.0061103604,0.008427845,0.012254775,0.016718678,0.020926926,0.022584444,0.023426438,0.024414962,0.025698952,0.026818175,0.028679682,0.030774733,0.032516535,0.0360137,0.039221585,0.042930976,0.047303565,0.052228354,0.11128132,0.12666476,0.14286149,0.16254488,0.18181916,0.20005924,0.21452695,0.23868355,0.24521968,0.2388539,0.25245816,0.2477645,0.21771608,0.17995873,0.12188293,0.09236822,0.027748322,0.0029359073,-0.0044158064,-0.0067122052,-0.009380829,0.0029408988,-0.004759313,0.004939965,-0.0033797664,0.006453136,0.0075131934,0.006769846,-0.011682992,-0.010849734,-0.009892745,-0.00887599,-0.007838906,-0.0068063326,-0.0057939882,-0.0048109284,-0.003864737,-0.0029598484,-0.0020990437,-0.0012849257,-0.0005168747,0.00020301342,0.00087582716,0.0015018301,0.0020800608,0.002612814,0.0031025368,0.0035511341,0.003959294,0.0043295193,0.004659683,0.0049514356,0.005199041,0.0054194257,0.0056242296,0.0058086095,0.0059685884,0.006131712,0.0062766713,0.006765568,0.006944578,0.007172386,0.007373051,0.00763975,0.0078513445,0.007406256,0.0073153945,0.0073387777,0.0073199524,0.007912655,0.008602558,0.008553096,0.00901976,0.00943555,0.009070199,0.009525508,0.010083982,0.010429865,0.0075054467,0.008296493,0.008760069,0.0093966015,0.009458108,0.009662006,0.010087588,0.0099026915,0.009608572,0.0072732475,0.007321669,0.0073513654,0.0074784434,0.005854344,0.009485319,-0.0029878777,-0.00061479164,0.011823483,0.01254295,0.013335706,0.013944056,0.014217028,0.0009955582,0.015172958,0.001482049,0.0005140826,0.0009890776,0.0013207011,0.0017534909,0.0021252353,0.0024215924,0.002595942,0.0021622372,0.00572013,0.006377475,0.025195599,0.025288576,0.01930685,0.01566221,0.020701896,0.015429002,0.015577128,0.023693971,0.020697001,0.019695407,0.019633122,0.028428726,0.027431216,0.026657587,0.030571679,0.036194365,0.04477177,0.030323172,0.027284166,0.029867942,0.03252512,0.03869477,0.027702024,0.031399064,0.037036724,0.030521303,0.031623285,0.031593025,0.030055618,0.008623889,0.008810578,0.010989624,0.013250733,0.007752668,0.0045273365,0.012213732,0.011056414,0.010109881,0.013456063,0.013570061,0.015626065,0.010820647,0.0065930486,0.01195812,0.008292383,0.0064384607,0.0012785168,0.00045823306,0.0019914499,-0.0005254608,-8.869753e-05,-0.002998985,-0.002953607,-0.0053107184,-0.0064887777,-0.00817089,-0.009198128,-0.010006916,-0.010662909,-0.011081561,-0.011791531,-0.012670146,-0.013239473,-0.014082828,-0.014654492,-0.014702942,-0.01379139,-0.01260099,-0.011545405,-0.010446598,-0.009351261,-0.008456465,-0.007784942,-0.0074600307,-0.007116409,-0.0066561326,-0.0069282986,-0.0072741024,-0.0074596577,-0.0077200662,-0.007695712,-0.007209934,-0.0071386266,-0.0071961014,-0.0065642074,-0.005992998,-0.0057409387,-0.005916603,-0.0045124935,-0.003591806,-0.0038706951,-0.0040499736,-0.0036489272,-0.0024750256,-0.0017391744,-0.0019984357,-0.004405168,-0.007216526,-0.009161901,-0.0105805835,-0.011893869,-0.01298067,-0.0068806997,-0.007266861,-0.0076033818,-0.007915117,-0.008106982,-0.008228074,-0.008370069,-0.008471878,-0.0086081885,-0.008716028,-0.008760547,-0.008796811,-0.00885969,-0.008894617,-0.008887755,-0.008882974,-0.008938218,-0.008986469,-0.008982942,-0.008957981,-0.008922588,-0.008889701,-0.008843919,-0.008787366,-0.008709038,-0.008615564,-0.0085326005,-0.0084598735,-0.0083861025,-0.008309256,-0.008235749,-0.008154191,-0.008071479,0.0,0.0,0.0,0.0,0.0,0.0,0.0,0.0,0.0,0.0,0.0,0.0,0.0,0.0,0.0,0.0,0.0,0.0,0.0,0.0,0.0,0.0,0.0,0.0,0.0,0.0,0.0,0.0,0.0,0.0,0.0,0.0,0.0,0.0,0.0,0.0,0.0,0.0,0.0,0.0,0.0,0.0,0.0,0.0,0.0,0.0,0.0,0.0,0.0,0.0,0.0,0.0,0.0,0.0,0.0,0.0,0.0,0.0,0.0,0.0,0.0,0.0,0.0,0.0,0.0,0.0,0.0,0.0,0.0,0.0,0.0,0.0,0.0,0.0,0.0,0.0,0.0,0.0,0.0,0.0,0.0,0.0,0.0,0.0,0.0,0.0,0.0,0.0,0.0,0.0,0.0,0.0,0.0,0.0,0.0,0.0,0.0,0.0,0.0,0.0,0.0,0.0,0.0,0.0,0.0,0.0,0.0,0.0,0.0,0.0,0.0,0.0,0.0,0.0,0.0,0.0,0.0,0.0,0.0,0.0,0.0,0.0,0.0,0.0,0.0,0.0,0.0,0.0,0.0,0.0,0.0,0.0,0.0,0.0,0.0,0.0,0.0,0.0,0.0,0.0,0.0,0.0,0.0,0.0,0.0,0.0,0.0,0.0,0.0,0.0,0.0,0.0,0.0,0.0,0.0,0.0,0.0,0.0,0.0,0.0,0.0,0.0,0.0,0.0,0.0,0.0,0.0,0.0,0.0,0.0,0.0,0.0,0.0,0.0,0.0,0.0,0.0,0.0,0.0,0.0,0.0,0.0,0.0,0.0,0.0,0.0,0.0,0.0,0.0,0.0,0.0,0.0,0.0,0.0,0.0,0.0,0.0,0.0,0.0,0.0,0.0,0.0,0.0,0.0,0.0,0.0,0.0,0.0,0.0,0.0,0.0,0.0,0.0,0.0,0.0,0.0,0.0,0.0,0.0,0.0,0.0,0.0,0.0,0.0,0.0,0.0,0.0,0.0,0.0,0.0,0.0,0.0,0.0,0.0,0.0,0.0,0.0,0.0,0.0,0.0,0.0,0.0,0.0,0.0,0.0,0.0,0.0,0.0,0.0,0.0,0.0,0.0,0.0,0.0,0.0,0.0,0.0,0.0,0.0,0.0,0.0,0.0,0.0,0.0,0.0,0.0,0.0,0.0,0.0,0.0,0.0,0.0,0.0,0.0,0.0,0.0,0.0,0.0,0.0,0.0,0.0,0.0,0.0,0.0,0.0,0.0,0.0,0.0,0.0,0.0,0.0,0.0,0.0,0.0,0.0,0.0,0.0,0.0,0.0,0.0,0.0,0.0,0.0,0.0,0.0,0.0,0.0,0.0,0.0,0.0,0.0,0.0,0.0,0.0,0.0,0.0,0.0,0.0,0.0,0.0,0.0,0.0,0.0,0.0,0.0,0.0,0.0,0.0,0.0,0.0,0.0,0.0,0.0,0.0,0.0,0.0,0.0,0.0,0.0,0.0,0.0,0.0,0.0,0.0,0.0,0.0,0.0,0.0,0.0,0.0,0.0,0.0,0.0,0.0,0.0,0.0,0.0,0.0,0.0,0.0,0.0,0.0,0.0,0.0,0.0,0.0,0.0,0.0,0.0,0.0,0.0,0.0,0.0,0.0,0.0,0.0,0.0,0.0,0.0,0.0,0.0,0.0,0.0,0.0,0.0,0.0,0.0,0.0,0.0,0.0,0.0,0.0,0.0,0.0,0.0,0.0,0.0,0.0,0.0,0.0,0.0,0.0,0.0,0.0,0.0,0.0,0.0,0.0,0.0,0.0,0.0,0.0,0.0,0.0,0.0,0.0,0.0,0.0,0.0,0.0,0.0,0.0,0.0,0.0,0.0,0.0,0.0,0.0,0.0,0.0,0.0,0.0,0.0,0.0,0.0,0.0,0.0,0.0,0.0,0.0,0.0,0.0,0.0,0.0,0.0,0.0,0.0,0.0,0.0,0.0,0.0,0.0,0.0,0.0,0.0,0.0,0.0,0.0,0.0,0.0,0.0,0.0,0.0,0.0,0.0,0.0,0.0,0.0,0.0,0.0,0.0,0.0,0.0,0.0,0.0,0.0,0.0,0.0,0.0,0.0,0.0,0.0,0.0,0.0,0.0,0.0,0.0,0.0,0.0,0.0,0.0,0.0,0.0,0.0,0.0,0.0,0.0,0.0,0.0,0.0,0.0,0.0,0.0,0.0,0.0,0.0,0.0,0.0,0.0,0.0,0.0,0.0,0.0,0.0,0.0,0.0,0.0,0.0,0.0,0.0,0.0,0.0,0.0,0.0,0.0,0.0,0.0,0.0,0.0,0.0,0.0,0.0,0.0,0.0,0.0,0.0,0.0,0.0,0.0,0.0,0.0,0.0,0.0,0.0,0.0,0.0,0.0,0.0,0.0,0.0,0.0,0.0,0.0,0.0,0.0,0.0,0.0,0.0,0.0,0.0,0.0,0.0,0.0,0.0,0.0,0.0,0.0,0.0,0.0,0.0,0.0,0.0,0.0,0.0,0.0,0.0,0.0,0.0,0.0,0.0,0.0,0.0,0.0,0.0,0.0,0.0,0.0,0.0,0.0,0.0,0.0,0.0,0.0,0.0,0.0,0.0,0.0,0.0,0.0,0.0,0.0,0.0,0.0,0.0,0.0,0.0,0.0,0.0,0.0,0.0,0.0,0.0,0.0,0.0,0.0,0.0,0.0,0.0,0.0,0.0,0.0,0.0,0.0,0.0,0.0,0.0,0.0,0.0,0.0,0.0,0.0,0.0,0.0,0.0,0.0,0.0,0.0,0.0,0.0,0.0,0.0,0.0,0.0,0.0,0.0,0.0,0.0,0.0,0.0,0.0,0.0,0.0,0.0,0.0,0.0,0.0,0.0,0.0,0.0,0.0,0.0,0.0,0.0,0.0,0.0,0.0,0.0,0.0,0.0,0.0,0.0,0.0,0.0,0.0,0.0,0.0,0.0,0.0,0.0,0.0,0.0,0.0,0.0,0.0,0.0,0.0,0.0,0.0,0.0,0.0,0.0,0.0,0.0,0.0,0.0,0.0,0.0,0.0,0.0,0.0,0.0,0.0,0.0,0.0,0.0,0.0,0.0,0.0,0.0,0.0,0.0,0.0,0.0,0.0,0.0,0.0,0.0,0.0,0.0,0.0,0.0,0.0,0.0,0.0,0.0,0.0,0.0,0.0,0.0,0.0,0.0,0.0,0.0,0.0,0.0,0.0,0.0,0.0,0.0,0.0,0.0,0.0,0.0,0.0,0.0,0.0,0.0,0.0,0.0,0.0,0.0,0.0,0.0,0.0,0.0,0.0,0.0,0.0,0.0,0.0,0.0,0.0,0.0,0.0,0.0,0.0,0.0,0.0,0.0,0.0,0.0,0.0,0.0,0.0,0.0,0.0,0.0,0.0,0.0,0.0,0.0,0.0,0.0,0.0,0.0,0.0,0.0,0.0,0.0,0.0,0.0,0.0,0.0,0.0,0.0,0.0,0.0,0.0,0.0,0.0,0.0,0.0,0.0,0.0,0.0,0.0,0.0,0.0,0.0,0.0,0.0,0.0,0.0,0.0,0.0,0.0,0.0,0.0,0.0,0.0,0.0,0.0,0.0,0.0,0.0,0.0,0.0,0.0,0.0,0.0,0.0,0.0,0.0,0.0,0.0,0.0,0.0,0.0,0.0,0.0,0.0,0.0,0.0,0.0,0.0,0.0,0.0,0.0,0.0,0.0,0.0,0.0,0.0,0.0,0.0,0.0,0.0,0.0,0.0,0.0,0.0,0.0,0.0,0.0,0.0,0.0,0.0,0.0,0.0,0.0,0.0,0.0,0.0,0.0,0.0,0.0,0.0,0.0,0.0,0.0,0.0,0.0,0.0,0.0,0.0,0.0,0.0,0.0,0.0,0.0,0.0,0.0,0.0,0.0,0.0,0.0,0.0,0.0,0.0,0.0,0.0,0.0,0.0,0.0,0.0,0.0,0.0,0.0,0.0,0.0,0.0,0.0,0.0,0.0,0.0,0.0,0.0,0.0,0.0,0.0,0.0,0.0,0.0,0.0,0.0,0.0,0.0,0.0,0.0,0.0,0.0,0.0,0.0,0.0,0.0,0.0,0.0,0.0,0.0,0.0,0.0,0.0,0.0,0.0,0.0,0.0,0.0,0.0,0.0,0.0,0.0,0.0,0.0,0.0,0.0,0.0,0.0,0.0,0.0,0.0,0.0,0.0,0.0,0.0,0.0,0.0,0.0,0.0,0.0,0.0,0.0,0.0,0.0,0.0,0.0,0.0,0.0,0.0,0.0,0.0,0.0,0.0,0.0,0.0,0.0,0.0,0.0,0.0,0.0,0.0,0.0,0.0,0.0,0.0,0.0,0.0,0.0,0.0,0.0,0.0,0.0,0.0,0.0,0.0,0.0,0.0,0.0,0.0,0.0,0.0,0.0,0.0,0.0,0.0,0.0,0.0,0.0,0.0,0.0,0.0,0.0,0.0,0.0,0.0,0.0,0.0,0.0,0.0,0.0,0.0,0.0,0.0,0.0,0.0,0.0,0.0,0.0,0.0,0.0,0.0,0.0,0.0,0.0,0.0,0.0,0.0,0.0,0.0,0.0,0.0,0.0,0.0,0.0,0.0,0.0,0.0,0.0,0.0,0.0,0.0,0.0,0.0,0.0,0.0,0.0,0.0,0.0,0.0,0.0,0.0,0.0,0.0,0.0,0.0,0.0,0.0,0.0,0.0,0.0,0.0,0.0,0.0,0.0,0.0,0.0,0.0,0.0,0.0,0.0,0.0,0.0,0.0,0.0,0.0,0.0,0.0,0.0,0.0,0.0,0.0,0.0,0.0,0.0,0.0,0.0,0.0,0.0,0.0,0.0,0.0,0.0,0.0,0.0,0.0,0.0,0.0,0.0,0.0,0.0,0.0,0.0,0.0,0.0,0.0,0.0,0.0,0.0,0.0,0.0,0.0,0.0,0.0,0.0,0.0,0.0,0.0,0.0,0.0,0.0,0.0,0.0,0.0,0.0,0.0,0.0,0.0,0.0,0.0,0.0,0.0,0.0,0.0,0.0,0.0,0.0,0.0,0.0,0.0,0.0,0.0,0.0,0.0,0.0,0.0,0.0,0.0,0.0,0.0,0.0,0.0,0.0,0.0,0.0,0.0,0.0,0.0,0.0,0.0,0.0,0.0,0.0,0.0,0.0,0.0,0.0,0.0,0.0,0.0,0.0,0.0,0.0,0.0,0.0,0.0,0.0,0.0,0.0,0.0,0.0,0.0,0.0,0.0,0.0,0.0,0.0,0.0,0.0,0.0,0.0,0.0,0.0,0.0,0.0,0.0,0.0,0.0,0.0,0.0,0.0,0.0,0.0,0.0,0.0,0.0,0.0,0.0,0.0,0.0,0.0,0.0,0.0,0.0,0.0,0.0,0.0,0.0,0.0,0.0,0.0,0.0,0.0,0.0,0.0,0.0,0.0,0.0,0.0,0.0,0.0,0.0,0.0,0.0,0.0,0.0,0.0,0.0,0.0,0.0,0.0,0.0,0.0,0.0,0.0,0.0,0.0,0.0,0.0,0.0,0.0,0.0,0.0,0.0,0.0,0.0,0.0,0.0,0.0,0.0,0.0,0.0,0.0,0.0,0.0,0.0,0.0,0.0,0.0,0.0,0.0,0.0,0.0,0.0,0.0,0.0,0.0,0.0,0.0,0.0,0.0,0.0,0.0,0.0,0.0,0.0,0.0,0.0,0.0,0.0,0.0,0.0,0.0,0.0,0.0,0.0,0.0,0.0,0.0,0.0,0.0,0.0,0.0,0.0,0.0,0.0,0.0,0.0,0.0,0.0,0.0,0.0,0.0,0.0,0.0,0.0,0.0,0.0,0.0,0.0,0.0,0.0,0.0,0.0,0.0,0.0,0.0,0.0,0.0,0.0,0.0,0.0,0.0,0.0,0.0,0.0,0.0,0.0,0.0,0.0,0.0,0.0,0.0,0.0,0.0,0.0,0.0,0.0,0.0,0.0,0.0,0.0,0.0,0.0,0.0,0.0,0.0,0.0,0.0,0.0,0.0,0.0,0.0,0.0,0.0,0.0,0.0,0.0,0.0,0.0,0.0,0.0,0.0,0.0,0.0,0.0,0.0,0.0,0.0,0.0,0.0,0.0,0.0,0.0,0.0,0.0,0.0,0.0,0.0,0.0,0.0,0.0,0.0,0.0,0.0,0.0,0.0,0.0,0.0,0.0,0.0,0.0,0.0,0.0,0.0,0.0,0.0,0.0,0.0,0.0,0.0,0.0,0.0,0.0,0.0,0.0,0.0,0.0,0.0,0.0,0.0,0.0,0.0,0.0,0.0,0.0,0.0,0.0,0.0,0.0,0.0,0.0,0.0,0.0,0.0,0.0,0.0,0.0,0.0,0.0,0.0,0.0,0.0,0.0,0.0,0.0,0.0,0.0,0.0,0.0,0.0,0.0,0.0,0.0,0.0,0.0,0.0,0.0,0.0,0.0,0.0,0.0,0.0,0.0,0.0,0.0,0.0,0.0,0.0,0.0,0.0,0.0,0.0,0.0,0.0,0.0,0.0,0.0,0.0,0.0,0.0,0.0,0.0,0.0,0.0,0.0,0.0,0.0,0.0,0.0,0.0,0.0,0.0,0.0,0.0,0.0,0.0,0.0,0.0,0.0,0.0,0.0,0.0,0.0,0.0,0.0,0.0,0.0,0.0,0.0,0.0,0.0,0.0,0.0,0.0,0.0,0.0,0.0,0.0,0.0,0.0,0.0,0.0,0.0,0.0,0.0,0.0,0.0,0.0,0.0,0.0,0.0,0.0,0.0,0.0,0.0,0.0,0.0,0.0,0.0,0.0,0.0,0.0,0.0,0.0,0.0,0.0,0.0,0.0,0.0,0.0,0.0,0.0,0.0,0.0,0.0,0.0,0.0,0.0,0.0,0.0,0.0,0.0,0.0,0.0,0.0,0.0,0.0,0.0,0.0,0.0,0.0,0.0,0.0,0.0,0.0,0.0,0.0,0.0,0.0,0.0,0.0,0.0,0.0,0.0,0.0,0.0,0.0,0.0,0.0,0.0,0.0,0.0,0.0,0.0,0.0,0.0,0.0,0.0,0.0,0.0,0.0,0.0,0.0,0.0,0.0,0.0,0.0,0.0,0.0,0.0,0.0,0.0,0.0,0.0,0.0,0.0,0.0,0.0,0.0,0.0,0.0,0.0,0.0,0.0,0.0,0.0,0.0,0.0,0.0,0.0,0.0,0.0,0.0,0.0,0.0,0.0,0.0,0.0,0.0,0.0,0.0,0.0,0.0,0.0,0.0,0.0,0.0,0.0,0.0,0.0,0.0,0.0,0.0,0.0,0.0,0.0,0.0,0.0,0.0,0.0,0.0,0.0,0.0,0.0,0.0,0.0,0.0,0.0,0.0,0.0,0.0,0.0,0.0,0.0,0.0,0.0,0.0,0.0,0.0,0.0,0.0,0.0,0.0,0.0,0.0,0.0,0.0,0.0,0.0,0.0,0.0,0.0,0.0,0.0,0.0,0.0,0.0,0.0,0.0,0.0,0.0,0.0,0.0,0.0,0.0,0.0,0.0,0.0,0.0,0.0,0.0,0.0,0.0,0.0,0.0,0.0,0.0,0.0,0.0,0.0,0.0,0.0,0.0,0.0,0.0,0.0,0.0,0.0,0.0,0.0,0.0,0.0,0.0,0.0,0.0,0.0,0.0,0.0,0.0,0.0,0.0,0.0,0.0,0.0,0.0,0.0,0.0,0.0,0.0,0.0,0.0,0.0,0.0,0.0,0.0,0.0,0.0,0.0,0.0,0.0,0.0,0.0,0.0,0.0,0.0,0.0,0.0,0.0,0.0,0.0,0.0,0.0,0.0,0.0,0.0,0.0,0.0,0.0,0.0,0.0,0.0,0.0,0.0,0.0,0.0,0.0,0.0,0.0,0.0,0.0,0.0,0.0,0.0,0.0,0.0,0.0,0.0,0.0,0.0,0.0,0.0,0.0,0.0,0.0,0.0,0.0,0.0,0.0,0.0,0.0,0.0,0.0,0.0,0.0,0.0,0.0,0.0,0.0,0.0,0.0,0.0,0.0,0.0,0.0,0.0,0.0,0.0,0.0,0.0,0.0,0.0,0.0,0.0,0.0,0.0,0.0,0.0,0.0,0.0,0.0,0.0,0.0,0.0,0.0,0.0,0.0,0.0,0.0,0.0,0.0,0.0,0.0,0.0,0.0,0.0,0.0,0.0,0.0,0.0,0.0,0.0,0.0,0.0,0.0,0.0,0.0,0.0,0.0,0.0,0.0,0.0,0.0,0.0,0.0,0.0,0.0,0.0,0.0,0.0,0.0,0.0,0.0,0.0,0.0,0.0,0.0,0.0,0.0,0.0,0.0,0.0,0.0,0.0,0.0,0.0,0.0,0.0,0.0,0.0,0.0,0.0,0.0,0.0,0.0,0.0,0.0,0.0,0.0,0.0,0.0,0.0,0.0,0.0,0.0,0.0,0.0,0.0,0.0,0.0,0.0,0.0,0.0,0.0,0.0,0.0,0.0,0.0,0.0,0.0,0.0,0.0,0.0,0.0,0.0,0.0,0.0,0.0,0.0,0.0,0.0,0.0,0.0,0.0,0.0,0.0,0.0,0.0,0.0,0.0,0.0,0.0,0.0,0.0,0.0,0.0,0.0,0.0,0.0,0.0,0.0,0.0,0.0,0.0,0.0,0.0,0.0,0.0,0.0,0.0,0.0,0.0,0.0,0.0,0.0,0.0,0.0,0.0,0.0,0.0,0.0,0.0,0.0,0.0,0.0,0.0,0.0,0.0,0.0,0.0,0.0,0.0,0.0,0.0,0.0,0.0,0.0,0.0,0.0,0.0,0.0,0.0,0.0,0.0,0.0,0.0,0.0,0.0,0.0,0.0,0.0,0.0,0.0,0.0,0.0,0.0,0.0,0.0,0.0,0.0,0.0,0.0,0.0,0.0,0.0,0.0,0.0,0.0,0.0,0.0,0.0,0.0,0.0,0.0,0.0,0.0,0.0,0.0,0.0,0.0,0.0,0.0,0.0,0.0,0.0,0.0,0.0,0.0,0.0,0.0,0.0,0.0,0.0,0.0,0.0,0.0,0.0,0.0,0.0,0.0,0.0,0.0,0.0,0.0,0.0,0.0,0.0,0.0,0.0,0.0,0.0,0.0,0.0,0.0,0.0,0.0,0.0,0.0,0.0,0.0,0.0,0.0,0.0,0.0,0.0,0.0,0.0,0.0,0.0,0.0,0.0,0.0,0.0,0.0,0.0,0.0,0.0,0.0,0.0,0.0,0.0,0.0,0.0,0.0,0.0,0.0,0.0,0.0,0.0,0.0,0.0,0.0,0.0,0.0,0.0,0.0,0.0,0.0,0.0,0.0,0.0,0.0,0.0,0.0,0.0,0.0,0.0,0.0,0.0,0.0,0.0,0.0,0.0,0.0,0.0,0.0,0.0,0.0,0.0,0.0,0.0,0.0,0.0,0.0,0.0,0.0,0.0,0.0,0.0,0.0,0.0,0.0,0.0,0.0,0.0,0.0,0.0,0.0,0.0,0.0,0.0,0.0,0.0,0.0,0.0,0.0,0.0,0.0,0.0,0.0,0.0,0.0,0.0,0.0,0.0,0.0,0.0,0.0,0.0,0.0,0.0,0.0,0.0,0.0,0.0,0.0,0.0,0.0,0.0,0.0,0.0,0.0,0.0,0.0,0.0,0.0,0.0,0.0,0.0,0.0,0.0,0.0,0.0,0.0,0.0,0.0,0.0,0.0,0.0,0.0,0.0,0.0,0.0,0.0,0.0,0.0,0.0,0.0,0.0,0.0,0.0,0.0,0.0,0.0,0.0,0.0,0.0,0.0,0.0,0.0,0.0,0.0,0.0,0.0,0.0,0.0,0.0,0.0,0.0,0.0,0.0,0.0,0.0,0.0,0.0,0.0,0.0,0.0,0.0,0.0,0.0,0.0,0.0,0.0,0.0,0.0,0.0,0.0,0.0,0.0,0.0,0.0,0.0,0.0,0.0,0.0,0.0,0.0,0.0,0.0,0.0,0.0,0.0,0.0,0.0,0.0,0.0,0.0,0.0,0.0,0.0,0.0,0.0,0.0,0.0,0.0,0.0,0.0,0.0,0.0,0.0,0.0,0.0,0.0,0.0,0.0,0.0,0.0,0.0,0.0,0.0,0.0,0.0,0.0,0.0,0.0,0.0,0.0,0.0,0.0,0.0,0.0,0.0,0.0,0.0,0.0,0.0
Tax51,0.0,-1.0386297,-0.8324757,-0.5876638,-0.31708497,-0.029338833,0.26990673,0.5769388,0.8893692,1.2058289,1.5251131,1.8467112,2.1701586,2.4954648,2.8218787,3.1483707,3.474607,3.8038545,4.123614,4.427175,4.725844,5.0663695,5.3551035,5.6668463,5.9962735,6.2703648,6.615386,6.983641,7.2710943,7.6243324,8.115489,8.511919,9.069054,9.475703,9.579471,10.189876,10.528564,11.12431,11.411321,11.747794,12.348421,12.930883,13.603849,14.252774,14.591106,14.979104,15.558907,16.002476,16.736582,17.3463,17.816343,18.252216,18.70192,19.21052,20.411564,20.021688,20.333467,20.664804,20.96092,20.905922,20.456854,20.061152,20.090551,20.407763,21.133009,21.80241,3.770148,4.0862846,23.897541,25.04942,26.434967,27.354212,28.207474,5.2904825,29.507141,5.5851493,5.847645,6.2044487,6.3366494,6.618481,6.819053,7.048438,7.051667,7.388795,7.695388,8.218333,39.243942,40.21854,42.438374,43.932384,46.18479,48.12367,50.59512,52.104492,53.386665,53.847286,54.835636,55.473503,56.98161,58.48895,59.584824,59.851997,61.203224,62.85824,64.13141,65.399864,66.56951,68.19761,70.061905,71.288956,72.39577,73.996765,74.67102,74.99584,74.64591,11.244538,11.600004,11.823504,11.597673,11.462468,10.946339,10.331242,9.658947,9.01521,8.347692,7.726604,7.0839605,5.6321936,4.289092,3.2720065,2.206481,1.2568535,0.32111442,-0.6949936,-1.8175356,-3.0034988,-4.0720844,-5.3956914,-6.612351,-7.9562407,-9.223806,-10.477269,-11.576731,-12.400897,-13.042999,-13.497002,-13.943918,-14.569103,-15.213843,-15.799168,-16.176466,-16.116781,-15.363529,-14.429509,-13.54321,-12.720302,-11.890784,-11.182262,-10.626571,-10.332201,-10.030493,-9.869984,-9.987048,-10.132274,-10.156257,-10.225615,-10.093418,-9.682493,-9.627275,-9.393113,-9.068472,-8.728131,-8.502835,-8.506517,-7.6247673,-7.037533,-7.190532,-7.259644,-7.011589,-6.295861,-5.8625264,-6.0266232,-7.2962136,-8.709947,-9.673187,-10.37954,-11.030464,-11.568,-11.804763,-12.111601,-12.341298,-12.569803,-12.62378,-12.621172,-12.650432,-12.613432,-12.61295,-12.533518,-12.397556,-12.278734,-12.1147785,-11.967636,-11.718373,-11.526055,-11.387411,-11.256679,-11.088102,-10.757354,-10.556586,-10.316246,-10.109295,-9.853387,-9.668923,-9.388046,-9.177314,-8.9825,-8.784976,-8.574306,-8.348749,-8.18281,-7.912782,-7.703441,-7.536477,-7.366756,-7.1337643,-6.9654727,-6.7343383,-6.594608,-6.399555,-6.238376,-6.069573,-5.874401,-5.702095,-5.521345,-5.3953137,-5.2588396,-5.090851,-4.986867,-4.854079,-4.7258353,-4.594928,-4.465958,-4.329224,-4.1968093,-4.0859976,-3.9639254,-3.8363688,-3.7129436,-3.6243412,-3.4805198,-3.3975692,-3.3346941,-3.2530646,-3.1497025,-3.0986612,-3.0130084,-2.8947554,-2.7896268,-2.7232175,-2.6519375,-2.5937784,-2.515619,-2.42423,-2.352894,-2.26154,-2.198724,-2.1325138,-2.0789998,-2.0265172,-1.958629,-1.9244772,-1.8677436,-1.8327894,-1.7801365,-1.7342482,-1.6838872,-1.6314058,-1.5720031,-1.5419247,-1.4809562,-1.4590784,-1.4352272,-1.3947961,-1.3601185,-1.3296158,-1.2925943,-1.2577242,-1.2141174,-1.1839794,-1.1511648,-1.1216391,-1.0933471,-1.0723631,-1.0490247,-1.0124933,-0.9877683,-0.96138424,-0.939376,-0.9061623,-0.880005,-0.85530645,-0.82016134,-0.7930294,-0.76392335,-0.729446,-0.69369537,-0.6579306,-0.6203003,-0.5792055,-0.5191524,-0.461445,-0.39442715,-0.32525107,-0.24898703,-0.16156824,-0.06599389,0.050203215,0.18508062,0.34168702,0.49231386,0.6893959,1.0185465,1.5743306,2.2294939,2.8665814,3.1343563,3.2776525,3.4454439,3.6623213,3.8577976,4.1786137,4.531163,4.848957,5.4653196,6.0498123,6.736325,7.5634212,8.476931,27.997738,34.765293,42.80359,52.969334,64.71892,78.76271,93.247444,108.773285,122.79549,133.07018,141.9243,146.58682,143.23016,123.63957,88.37266,51.783398,23.382154,6.522808,-0.44158578,-2.995912,-3.530355,-3.1706676,-2.7287407,-2.225287,-1.7945924,-1.3085371,-0.6330317,0.03270014,-7.085762,-5.949304,-4.7094774,-3.4181268,-2.112822,-0.81753135,0.45657846,1.7071344,2.9254515,4.1003556,5.237472,6.33066,7.4210234,8.465412,9.485705,10.475776,11.451133,12.391999,13.300442,14.148423,15.008406,15.848628,16.67434,17.50771,18.415747,19.215792,20.066082,21.131926,22.036957,23.110794,23.827536,25.28331,25.89519,26.330347,26.773293,27.034624,27.806221,28.047554,28.963537,29.86939,30.613583,32.27929,34.532227,35.70753,37.55524,39.366947,39.57645,40.085365,40.33669,40.545887,41.355946,42.17809,42.7353,43.75669,43.573853,43.310326,43.58855,43.170177,42.77505,41.104897,40.37,39.738316,39.15651,40.46792,41.6894,0.79422736,1.5401138,47.001724,49.188892,51.114002,52.417133,53.307083,3.1955974,55.896667,3.827313,4.232524,5.0289497,5.475472,6.151875,6.78803,7.356293,7.668477,8.430443,9.569598,10.731605,78.142136,79.809235,83.16076,85.39019,88.14068,91.40989,94.57261,97.06093,96.746315,96.68523,97.778496,99.495964,101.90504,103.37274,104.17199,106.03175,108.98178,111.20541,113.5548,115.88492,118.57911,122.148224,125.83005,129.25847,133.86017,137.23674,141.24669,143.50916,144.72408,15.203127,16.784992,18.466452,19.119993,19.370495,19.319275,18.801737,18.38334,17.80162,17.283785,16.949947,15.803269,13.264789,11.227391,9.298281,7.224788,5.4026427,3.8213792,1.7722074,-0.5935284,-3.334028,-5.846203,-9.079635,-12.314571,-15.77478,-19.439665,-22.991085,-25.828081,-27.755463,-29.276974,-30.161003,-31.237844,-32.83817,-34.458496,-35.936676,-36.924286,-36.784245,-34.86358,-32.34869,-30.092524,-27.6181,-25.209414,-23.109804,-21.372375,-20.2806,-19.248846,-18.54375,-18.743769,-19.160053,-19.275675,-19.580717,-19.310635,-18.255928,-18.100666,-17.56414,-16.731066,-15.779514,-15.229228,-15.428355,-12.958982,-11.263434,-11.635421,-11.815689,-11.075885,-8.934644,-7.5351243,-7.781713,-11.502642,-15.899716,-18.996735,-21.26227,-23.315859,-25.008057,-26.053682,-27.217602,-28.057869,-28.857439,-29.172007,-29.248905,-29.41387,-29.40439,-29.435299,-29.36231,-29.128979,-28.837067,-28.62789,-28.275692,-27.907635,-27.552057,-27.232681,-26.792519,-26.34705,-25.77361,-25.316658,-24.759007,-24.317596,-23.804874,-23.25813,-22.744917,-22.158142,-21.616888,-21.141212,-20.611576,-20.089277,-19.460178,-18.911467,-18.368376,-17.83546,-17.336191,-16.874191,-16.472387,-16.029516,-15.658374,-15.235544,-14.789305,-14.403007,-13.998424,-13.5666895,-13.141531,-12.7903185,-12.473986,-12.165505,-11.761691,-11.367327,-11.038851,-10.715113,-10.432196,-10.112445,-9.854021,-9.589804,-9.333625,-9.078177,-8.818067,-8.57243,-8.34729,-8.143112,-7.9024944,-7.7321506,-7.521085,-7.340229,-7.171578,-7.0076394,-6.7782145,-6.5854464,-6.39079,-6.157656,-5.9836297,-5.822998,-5.6560802,-5.5162377,-5.3699284,-5.1727285,-5.022034,-4.876261,-4.7640066,-4.641358,-4.5372877,-4.3984656,-4.298189,-4.193842,-4.0854087,-3.9728146,-3.8831613,-3.7517126,-3.6361506,-3.5267062,-3.4219193,-3.3302288,-3.2509658,-3.188621,-3.1209276,-2.999001,-2.919348,-2.8531432,-2.7911458,-2.6993022,-2.63357,-2.5600207,-2.4832327,-2.4080744,-2.3572478,-2.2869332,-2.2200322,-2.1619694,-2.0811136,-1.9950374,-1.9254924,-1.8411214,-1.7553296,-1.6619844,-1.571398,-1.478921,-1.3712755,-1.2613544,-1.1247913,-0.98150444,-0.809286,-0.6256984,-0.43124646,-0.21437362,0.021780469,0.3124263,0.6494686,1.0483724,1.4287698,1.917437,2.7350588,4.1246734,5.751918,7.2929773,7.8490725,8.023013,8.264001,8.586661,8.787443,9.227011,9.729586,10.069658,10.953885,11.638405,12.33042,13.136194,13.958946,44.86162,50.663597,55.654125,60.42321,63.209248,64.571236,63.49205,59.930073,54.058376,46.945587,39.980732,33.777912,26.750639,18.833605,12.802481,10.171477,9.747779,9.715097,10.390425,10.550375,10.77136,11.334859,11.768398,12.038293,12.342052,12.56736,13.428485,14.018847,-4.54689,-3.8816314,-3.1603987,-2.4162183,-1.6675185,-0.9309546,-0.20909749,0.49627313,1.1840987,1.8535662,2.503015,3.1328073,3.7461224,4.3431063,4.9226046,5.473633,6.0105815,6.54136,7.060104,7.5676103,8.028102,8.509059,8.917268,9.321468,9.767331,10.219913,10.666809,11.188025,11.619546,12.094635,12.888511,13.700126,14.213695,14.964904,15.011926,14.861236,15.156014,14.7856455,15.300431,16.46582,17.086803,17.810087,19.227463,19.953255,21.121367,22.179445,22.527874,23.091873,22.459534,22.144985,21.757639,22.420141,22.231472,22.681763,22.553177,22.74861,23.190907,22.318329,21.475483,20.55501,20.100561,19.479853,19.278376,19.957825,20.854342,-0.6185187,-0.20271744,23.765509,25.11155,26.335709,27.31649,27.549986,0.84026253,28.57144,1.0839325,1.273948,1.7138048,2.0321436,2.3247063,2.7159288,3.0437968,3.2239263,3.6852071,4.3476934,5.0580316,41.20603,42.70155,44.911095,46.190384,48.091595,49.849644,51.02944,52.180473,51.85725,51.450375,51.442364,53.389023,53.700665,54.70914,55.519264,56.173283,57.46815,59.11796,60.64352,61.70564,62.743813,64.80622,67.113335,68.80734,71.251854,72.60145,75.007965,75.96054,76.91839,7.5149536,8.200988,9.426151,9.878099,10.191467,10.173351,9.992357,10.057178,9.691823,9.457441,9.214464,8.818447,7.304387,6.0455666,5.124963,4.061601,3.1291876,2.431823,1.2125926,-0.1651679,-1.7433176,-3.2229605,-5.040643,-6.863887,-8.874543,-10.947723,-12.935722,-14.510544,-15.600838,-16.447157,-16.92324,-17.529413,-18.417107,-19.286587,-20.100668,-20.53609,-20.534866,-19.470942,-18.089537,-16.693634,-15.300675,-13.850209,-12.564207,-11.506181,-10.829555,-10.201277,-9.799714,-9.921568,-10.175211,-10.268677,-10.419779,-10.257939,-9.619711,-9.505843,-9.186008,-8.670882,-8.064578,-7.6938314,-7.780727,-6.280516,-5.1622405,-5.281768,-5.376131,-4.8880744,-3.5442917,-2.5859177,-2.6696858,-4.971442,-7.757588,-9.756054,-11.243227,-12.593266,-13.682045,-14.366103,-15.0248165,-15.603032,-16.11974,-16.37872,-16.519192,-16.584415,-16.626543,-16.728897,-16.68017,-16.572025,-16.462046,-16.337585,-16.151184,-15.867698,-15.559221,-15.382491,-15.236286,-14.946351,-14.649465,-14.30299,-13.964721,-13.571845,-13.320721,-13.018925,-12.718622,-12.326407,-12.078817,-11.696076,-11.445528,-11.212192,-10.914975,-10.7040415,-10.466445,-10.20984,-9.908291,-9.596053,-9.36022,-9.105394,-8.854512,-8.642703,-8.421252,-8.219877,-8.008362,-7.7691064,-7.5005713,-7.3142433,-7.1233687,-6.9364605,-6.7800303,-6.623842,-6.4385133,-6.3317237,-6.1908393,-6.069731,-5.8646374,-5.7353873,-5.5931597,-5.4369645,-5.318335,-5.189287,-5.070026,-4.94798,-4.8067126,-4.67702,-4.5577803,-4.4293733,-4.320931,-4.145141,-4.026181,-3.8822281,-3.779238,-3.7001576,-3.592975,-3.5010042,-3.4153957,-3.3298967,-3.234167,-3.149127,-3.0835118,-3.0059717,-2.8848884,-2.7843833,-2.7009869,-2.629565,-2.5359123,-2.4877353,-2.4176552,-2.3563344,-2.2918112,-2.238836,-2.1983156,-2.1428924,-2.1038687,-2.0578132,-2.0247595,-1.9737642,-1.9186021,-1.8678305,-1.809289,-1.7694068,-1.726063,-1.6674162,-1.6162007,-1.5830914,-1.5289712,-1.5000702,-1.4747027,-1.4421575,-1.4135846,-1.3683,-1.33276,-1.2960001,-1.2603413,-1.2154359,-1.1674412,-1.1083052,-1.0482353,-0.99023336,-0.92886716,-0.86056024,-0.7703559,-0.6795512,-0.5723524,-0.46058756,-0.3408954,-0.20872416,-0.06449542,0.11292258,0.31748053,0.557341,0.7787168,1.0677142,1.5452338,2.3731568,3.3426762,4.2575226,4.5721164,4.6605034,4.7882924,4.9368715,5.062426,5.3333483,5.63286,5.8313665,6.353608,6.7427206,7.1915784,7.705567,8.241652,26.646185,30.15254,33.430206,36.796284,39.14297,40.660915,40.84216,39.639458,37.12105,34.02744,30.752382,28.102547,25.062826,20.519323,15.312773,11.778083,10.091821,9.277614,9.387067,9.500767,9.559603,10.254607,10.550842,10.91855,10.902144,11.364441,12.030785,12.615527,-3.1620502,-2.7113678,-2.2244925,-1.7231662,-1.2200502,-0.72330403,-0.23700711,0.24091637,0.70405143,1.1633826,1.5996541,2.0149913,2.4146037,2.8116071,3.1811411,3.5445745,3.9010403,4.246859,4.5924635,4.9330525,5.2667265,5.5916486,5.8952403,6.2136316,6.5181966,6.8985443,7.1963067,7.4320316,7.739676,8.056722,8.397513,9.002445,9.394169,9.875622,9.653669,9.978818,10.0381975,9.850521,10.281064,10.652702,11.522305,12.161752,13.102916,13.558326,14.253278,14.927622,15.346841,15.609192,14.950014,14.600585,14.49766,14.926278,14.744494,14.991857,14.901828,14.893145,15.252602,14.717575,14.305486,13.406416,12.994142,12.674485,12.570823,12.971614,13.44652,-0.6190043,-0.35567433,15.302683,16.228985,17.207304,17.874039,18.111588,0.35326567,18.695608,0.5177814,0.62200934,0.8863782,1.079303,1.3255454,1.5189415,1.761757,1.8157176,2.200622,2.6562295,3.1196845,26.990139,28.250702,29.897772,30.676489,31.759262,33.17569,34.008835,34.411205,33.936333,33.79884,33.853584,35.16784,36.01007,36.350433,36.75127,37.303356,38.19022,39.45385,40.12318,41.070908,41.71428,42.834915,44.35846,44.936935,46.73314,48.517952,50.12761,50.96155,51.384438,4.920333,5.636503,6.407664,6.535401,6.9524236,7.041267,6.873728,6.6721635,6.756248,6.5616345,6.4190116,6.1504345,5.114287,4.284339,3.7732468,3.0195765,2.3999002,1.8675407,0.9720354,0.033331897,-1.075402,-2.0023406,-3.312439,-4.5672364,-5.8907194,-7.330702,-8.726155,-9.825283,-10.537632,-11.149262,-11.470749,-11.893516,-12.490521,-13.076858,-13.612224,-13.926849,-13.952342,-13.224243,-12.289148,-11.370071,-10.414833,-9.438603,-8.543937,-7.7697973,-7.2742543,-6.842915,-6.5396276,-6.607583,-6.777803,-6.838163,-6.9775405,-6.8709073,-6.432816,-6.3254256,-6.1034718,-5.7281504,-5.3429027,-5.095127,-5.1303005,-4.1240273,-3.343478,-3.3911283,-3.4307933,-3.0911455,-2.1734176,-1.4826305,-1.5003436,-3.0817027,-5.020906,-6.4146614,-7.435834,-8.330694,-9.080339,-9.556395,-10.073199,-10.439714,-10.832247,-10.980435,-11.064745,-11.12236,-11.099472,-11.107585,-11.014084,-10.877406,-10.794379,-10.712393,-10.512227,-10.352633,-10.1775255,-10.0207615,-9.869182,-9.774966,-9.576257,-9.367695,-9.134161,-8.902584,-8.703804,-8.501266,-8.340847,-8.149414,-7.988023,-7.7716208,-7.584678,-7.4216113,-7.2788715,-7.1026125,-6.962062,-6.782838,-6.602212,-6.3920383,-6.238344,-6.0729556,-5.891142,-5.703878,-5.594276,-5.4440436,-5.2568765,-5.1142745,-4.96687,-4.805089,-4.67878,-4.5649986,-4.4179997,-4.281817,-4.133586,-4.0220013,-3.9044244,-3.8053799,-3.718263,-3.6393452,-3.5204015,-3.4353104,-3.3360698,-3.2711518,-3.218824,-3.1451101,-3.0515392,-2.9712715,-2.9056005,-2.8116088,-2.7519865,-2.702217,-2.6434743,-2.5410976,-2.4866295,-2.423259,-2.3617635,-2.3050807,-2.2464292,-2.2112446,-2.155503,-2.099434,-2.0471685,-2.0043373,-1.9574063,-1.9003818,-1.8626003,-1.818666,-1.7607961,-1.7335923,-1.6881694,-1.6532685,-1.5933882,-1.547218,-1.4976693,-1.4618329,-1.415875,-1.3764932,-1.3506551,-1.3150773,-1.286036,-1.2578741,-1.2357932,-1.1959915,-1.1648368,-1.1436869,-1.1100925,-1.0825063,-1.0531898,-1.0411304,-1.0221821,-1.0005994,-0.98230493,-0.9509989,-0.91634935,-0.8758645,-0.84266335,-0.80790895,-0.77112603,-0.7372405,-0.7015023,-0.6613639,-0.621242,-0.5826242,-0.5308142,-0.47561434,-0.40252665,-0.32862252,-0.24805559,-0.16429153,-0.07413485,0.036740154,0.16516054,0.31406128,0.45462802,0.6333455,0.9366884,1.4543972,2.0636108,2.6182508,2.807432,2.8687072,2.9255188,3.0112476,3.083502,3.2460501,3.4267032,3.5320444,3.8501067,4.078991,4.3146715,4.6104097,4.9411764,16.158754,18.332495,20.302683,22.459354,24.028067,25.300133,25.430809,24.944593,23.557861,21.83199,19.988668,18.443182,16.565998,13.99534,10.778866,8.265514,7.070605,6.4229484,6.312548,6.4040394,6.410468,6.937243,7.154689,7.438807,7.4995713,7.6257434,8.093123,8.369387,-2.169582,-1.8880821,-1.5958295,-1.2795943,-0.97932655,-0.68202174,-0.39034963,-0.10511209,0.17332917,0.4447469,0.70906276,0.96681076,1.2174914,1.4616476,1.698592,1.9296209,2.1561735,2.354955,2.5715528,2.7776299,2.9786897,3.176134,3.3701088,3.561554,3.7514951,3.9201627,4.097521,4.253577,4.4220276,4.593719,4.7286463,4.890817,5.3287663,5.458019,5.576434,5.702833,6.0410457,6.0233383,5.7941833,5.826982,5.9971457,6.1071277,6.334654,6.911132,7.0910163,7.362917,7.756454,8.079208,8.316648,8.575276,8.946579,9.155871,9.142167,8.979334,8.800789,8.831251,9.134567,9.2212305,9.224844,9.485626,9.832252,9.955047,10.166013,10.508241,10.780048,11.1429405,11.444699,11.851115,12.326951,12.663504,13.074135,13.610323,14.083193,14.330288,14.945226,15.608572,15.946277,16.2239,16.570969,17.082693,17.223461,17.41879,17.84992,18.329939,18.961998,19.65641,20.874386,21.567932,22.626732,23.312428,24.10586,24.760159,25.512558,26.280481,26.945898,27.54631,29.088194,30.01544,30.518555,31.758648,32.53165,33.87738,35.097626,35.982624,36.389896,37.751102,39.407726,41.084545,42.17774,43.90892,45.54645,47.88766,49.21009,50.330086,52.29992,53.994003,56.08457,58.252937,59.294357,61.3148,64.16729,66.31952,68.39697,69.730095,70.64684,72.74446,74.094894,75.93834,76.9165,78.9769,81.36716,83.68019,85.54166,87.364,89.39099,89.36008,90.18939,91.067345,91.5816,92.0253,91.92192,92.17887,92.60156,93.10527,93.3496,9.698444,9.93478,9.831112,9.244061,8.78953,8.725333,10.008921,11.580473,13.028413,14.1724615,15.525078,16.47664,17.367668,18.182718,18.722109,19.215654,18.7472,18.25141,17.994864,17.662497,18.090357,18.330702,18.352785,18.559292,18.807013,19.568651,19.722174,19.875174,21.398035,22.12468,22.134146,22.063738,135.29633,136.43552,138.70505,141.32317,141.85112,19.172468,18.307087,16.853544,15.064578,13.251036,11.612641,9.392605,7.231428,5.135415,3.7596474,2.4326513,0.9087393,-0.4146004,-2.2157319,-3.971656,-5.309906,-6.8611093,-8.509077,-9.85872,-10.702502,-11.472221,-13.605335,-15.770243,-17.07885,-17.956203,-18.875805,-19.985456,-20.866135,-21.438164,-21.434608,-21.01051,-21.08218,-21.324976,-21.645594,-21.891396,-22.393633,-22.423517,-22.362091,-22.32459,-22.351051,-22.463581,-22.753796,-22.648623,-22.399704,-22.178549,-21.99452,-21.286964,-20.459778,-20.403053,-20.736687,-20.849545,-20.901514,-20.612423,-20.375896,-20.200201,-20.050844,-19.860184,-19.660423,-19.44022,-19.343372,-19.442558,-19.361263,-19.165169,-18.939173,-18.691399,-18.389744,-18.106478,-17.87963,-17.63097,-17.4299,-17.26986,-16.94898,-16.952717,-17.049582,-17.070055,-17.053638,-17.175238,-17.309908,-17.017466,-16.545446,-16.172165,-15.783526,-15.459365,-15.2482605,-15.210786,-15.270578,-15.240216,-14.896923,-14.437953,-14.187813,-13.9499445,-13.687735,-13.449022,-13.126604,-12.697561,-12.35059,-12.111453,-11.881126,-11.63533,-11.362221,-11.044539,-10.720945,-10.298688,-9.78534,-9.364432,-8.975776,-8.660716,-8.476666,-8.339576,-8.326367,-8.252114,-7.93068,-7.1156054,-5.945436,-4.571211,-3.0230408,-1.575322,-0.68067145,-0.18834189,0.6323836,1.3861502,1.9759831,2.490131,2.9327486,3.2040844,3.4625192,3.879856,4.1541553,4.4213395,4.6866226,4.8867335,5.0683756,5.1400986,5.2608886,5.4324875,42.6355,42.673546,42.180195,41.55608,40.85996,39.68145,37.411133,35.160763,33.51203,32.387188,31.631802,30.90486,30.256504,29.54589,29.201157,28.988317,28.895374,28.65927,28.478888,28.311117,28.147514,28.288893,28.149467,27.975046,27.844799,27.823977,27.777979,28.165323,28.297756,28.526077,28.391834,28.852102,29.158682,29.397509,29.64043,30.29838,30.840456,31.264006,31.033634,31.127043,30.611162,30.143124,30.191586,30.123009,30.224266,30.394083,30.783424,31.240328,-5.216229,-4.4971304,-3.7165232,-2.9229672,-2.1249948,-1.3270509,-0.55240136,0.19617316,0.92588425,1.6368825,2.3277597,2.9945524,3.6383882,4.2613254,4.863706,5.4288607,5.999177,6.5344305,7.0205884,7.508571,7.9794273,8.437481,8.837101,9.25619,9.618635,9.9796505,10.644468,11.063105,11.432397,11.835012,12.389202,12.691303,13.158205,14.002669,14.463624,15.067557,15.086777,14.992749,14.9366665,15.031903,15.461778,16.185394,16.507738,16.964975,17.313955,17.78131,18.495718,19.081636,19.237558,20.031626,20.753208,21.452583,21.95232,22.634535,22.6873,22.850372,23.21401,23.160898,23.004313,23.076164,23.364326,23.632376,24.161608,24.819773,25.655125,26.829826,27.59759,28.35055,29.045408,29.913258,30.85053,32.059937,33.03608,34.655502,35.75241,36.94537,38.060886,39.15306,40.592754,41.611275,42.987415,43.775047,44.778015,47.129074,48.69425,50.933167,52.50854,54.33493,57.09956,58.545628,61.465855,63.405746,66.52366,68.718605,71.566536,74.79247,76.97367,79.817474,82.58433,84.85248,87.93449,90.9556,95.30104,98.56597,102.106064,106.68789,112.019615,116.347786,121.77235,127.135315,132.16699,137.55052,142.80435,147.42747,152.67213,158.30124,164.40364,170.6395,177.33827,183.45967,189.7027,196.83498,202.3616,207.14032,211.12201,216.19269,220.65184,224.48283,229.31868,233.54718,237.75153,242.89835,248.85217,252.50099,255.36714,256.9229,258.34793,259.39282,260.5648,260.47678,259.12735,259.31567,258.13696,257.65833,257.23978,30.386896,30.708517,29.53888,27.624971,25.662125,24.421175,26.372055,28.984556,31.995016,34.35212,37.10553,39.443718,41.40821,42.79446,43.831543,44.284946,42.906982,41.221573,39.762463,38.388943,37.91101,38.242737,37.962574,37.613846,38.158764,39.192066,39.15947,38.791172,41.30658,43.43542,42.72757,42.130108,300.90738,301.27103,303.10403,304.52835,299.3771,28.80802,25.434542,21.446045,17.123491,12.119622,8.25927,3.310874,-1.6822356,-6.311463,-9.922041,-13.047826,-16.018303,-19.06723,-22.547836,-25.960081,-28.699942,-31.782825,-35.014305,-37.782867,-39.524742,-41.188725,-45.228752,-49.163128,-51.44393,-53.104877,-54.662453,-56.581375,-58.07568,-59.01161,-58.899708,-58.21492,-58.3639,-58.79504,-59.32279,-59.759987,-60.468437,-60.31372,-59.914352,-59.529247,-59.17202,-58.769306,-58.74107,-58.03419,-57.199738,-56.520084,-55.847996,-54.31189,-52.465805,-52.15967,-52.666225,-52.608677,-52.255676,-51.603195,-50.853176,-50.216824,-49.76358,-49.158524,-48.554745,-48.06424,-47.702488,-47.665947,-47.264717,-46.709827,-46.17518,-45.494423,-44.75235,-44.003357,-43.33648,-42.674965,-42.15243,-41.67005,-40.978146,-40.793713,-40.711864,-40.59009,-40.36464,-40.39119,-40.413853,-39.743404,-38.736984,-37.941486,-37.256382,-36.41116,-35.843872,-35.642025,-35.536606,-35.300243,-34.647285,-33.570354,-33.036068,-32.52166,-31.971796,-31.395638,-30.739082,-29.91049,-29.227245,-28.769976,-28.245653,-27.788107,-27.157448,-26.469936,-25.86241,-25.041615,-24.142439,-23.37488,-22.646433,-22.098469,-21.698236,-21.409105,-21.267824,-21.061325,-20.498058,-19.092848,-17.192257,-14.942166,-12.504439,-10.295159,-8.974535,-8.295108,-7.118268,-6.0527782,-5.2454605,-4.5566797,-3.968997,-3.624357,-3.2630675,-2.6382432,-2.2151685,-1.7643977,-1.311028,-0.9000039,-0.48135865,-0.18036684,0.23968883,0.75592005,55.956486,56.246006,56.129917,55.861893,55.744587,54.53869,51.797005,48.267662,45.614895,43.833027,42.532932,41.174618,39.73974,38.595623,37.471622,37.042667,36.659134,36.284702,35.906403,35.197365,34.71201,34.161167,33.976498,33.6062,33.116226,32.673794,32.69658,32.748505,32.672707,32.539665,32.54933,32.903492,33.27792,33.235035,33.343575,33.94871,34.562546,34.318043,33.777706,33.318157,32.215168,31.220097,30.803362,30.08852,29.71531,29.412722,29.485582,29.521881,-10.478619,-9.045501,-7.4620066,-5.8425374,-4.206356,-2.5882409,-1.0000284,0.55687195,2.0689273,3.5246317,4.94254,6.2926326,7.617553,8.889866,10.075059,11.259421,12.40085,13.480389,14.538889,15.553247,16.512007,17.455973,18.363684,19.219826,20.108858,21.124977,22.154873,23.007036,23.8462,24.69118,25.961725,26.56618,28.247158,29.312895,30.334366,30.726994,31.108217,30.965979,31.079586,31.718113,32.419018,33.430927,34.22912,35.457973,36.40193,36.68506,38.357094,39.758057,40.680042,42.068222,43.674908,44.9274,45.62974,46.302616,46.651546,47.614876,48.313244,48.293144,48.484016,48.547363,49.378994,50.347157,51.35212,52.567886,53.733437,55.525944,57.237923,58.92082,60.706657,63.123165,65.20593,67.18564,68.711075,71.07012,73.984886,76.04534,78.300545,80.66642,82.5986,84.46447,87.042274,89.37297,91.38501,94.85392,99.028015,102.76955,106.62316,110.96695,115.70396,120.839386,125.07932,130.20796,134.70273,139.71385,145.61516,150.2371,154.25241,159.44463,164.64651,169.39986,175.7829,180.24994,187.28929,193.25497,200.5645,209.37321,217.98007,225.44417,234.25381,244.36517,252.82759,261.59375,271.55096,280.1933,288.8937,299.5485,309.69724,320.67807,331.26434,341.20374,351.53998,361.29013,371.2743,378.49695,382.9753,389.96448,394.3479,398.98923,404.4906,409.5358,417.38235,423.4175,429.529,433.71167,435.82126,434.22757,433.09177,433.8652,430.9905,428.79675,423.8283,420.15338,415.14508,412.55298,408.8554,39.718254,39.48012,36.89302,33.942013,30.647675,28.683155,31.584839,36.26477,40.532036,44.928043,48.81333,52.42429,55.249462,57.277996,58.636562,59.093998,56.666363,54.038498,51.424305,49.254063,48.518616,48.687904,47.83642,47.22866,48.038925,49.13831,49.115417,48.13151,51.31634,53.866108,52.862396,51.309628,432.7254,431.17346,432.52652,433.28613,422.13376,27.617777,22.561565,16.14473,9.2664995,2.37825,-3.5289087,-10.273884,-16.983337,-23.253954,-28.40701,-32.592823,-36.82733,-40.66764,-45.281773,-49.850468,-53.52326,-57.36571,-61.32761,-64.87312,-67.178894,-69.37889,-74.44413,-79.629364,-82.81219,-84.827095,-86.83501,-89.25976,-91.077286,-92.07856,-91.81087,-90.88201,-90.88499,-91.31463,-91.62268,-91.86705,-92.586685,-92.14671,-91.39426,-90.54944,-89.82942,-89.23181,-89.01593,-87.93863,-86.676254,-85.76986,-84.816315,-82.6174,-80.10095,-79.66712,-80.024284,-79.67218,-79.191025,-78.144,-77.06689,-76.12484,-75.390175,-74.461334,-73.437416,-72.505486,-71.91962,-71.63845,-70.96823,-70.13154,-69.18116,-68.23511,-67.148155,-66.10359,-65.22939,-64.33169,-63.614265,-62.87999,-61.819496,-61.469208,-61.31196,-60.925926,-60.57215,-60.483322,-60.46873,-59.424023,-57.969486,-56.800957,-55.789463,-54.716362,-53.86284,-53.4193,-53.21701,-52.747917,-51.70839,-50.32977,-49.53934,-48.815643,-47.99906,-47.17716,-46.1975,-44.933517,-43.935913,-43.24137,-42.438305,-41.758408,-40.86288,-39.936234,-38.964424,-37.84299,-36.618412,-35.520065,-34.573326,-33.72886,-33.149765,-32.727398,-32.457703,-32.141376,-31.346397,-29.552824,-27.112297,-24.33682,-21.30944,-18.554678,-16.95591,-16.129524,-14.710451,-13.42172,-12.441615,-11.560937,-10.81876,-10.348068,-9.839063,-8.979276,-8.373443,-7.717093,-7.0493364,-6.4188757,-5.7795963,-5.2951217,-4.6606784,-3.9352975,63.33275,63.57107,63.356525,63.063484,63.056293,61.69905,58.327362,53.860603,50.617363,48.387165,46.885098,45.1551,43.45661,42.04166,40.678127,40.065342,39.4866,39.03516,38.503704,37.678516,37.020554,36.306526,35.990936,35.439415,34.752426,34.197926,34.14264,34.17326,34.09503,33.957047,33.827904,34.159546,34.48293,34.256138,34.377724,34.868324,35.565456,35.26504,34.466362,33.850365,32.5009,31.347994,30.654682,29.911425,29.27642,28.898243,28.97304,29.069086,-14.39079,-12.443656,-10.271587,-8.024508,-5.7589784,-3.5131006,-1.312598,0.8486622,2.9542596,4.999276,6.9900374,8.913827,10.756236,12.536161,14.270207,15.949414,17.48729,19.02952,20.5188,21.986023,23.357502,24.69162,26.011864,27.247272,28.481464,29.765438,31.25979,32.474007,33.675434,35.53907,36.976795,38.083485,40.066353,41.72818,43.056602,43.613213,43.84626,44.362877,44.713936,44.586063,45.98518,47.141453,48.889698,50.369705,51.249874,52.77747,54.97882,56.990356,58.94166,61.250053,63.673977,65.85859,66.25887,66.67698,68.09793,68.56239,69.60428,70.197655,70.06512,70.65174,71.45049,72.67876,74.10071,76.152725,77.94132,79.73413,81.981026,84.6488,87.3042,89.56946,92.46515,94.76882,97.83785,100.699,104.908,108.92326,111.63019,113.834724,116.12309,118.848595,121.4186,124.12396,128.15852,132.41466,137.72672,142.24303,147.61804,153.31712,159.59317,165.81647,171.61037,178.19368,184.12024,190.19713,195.59415,201.06554,206.72668,212.99942,219.05908,225.2069,231.68251,239.8777,247.73344,257.05176,265.8616,275.55548,285.2346,295.4764,307.51923,318.9754,328.92508,339.5093,350.1199,359.163,369.69434,379.6791,393.20392,405.7188,416.0344,426.22784,436.5789,447.92563,459.65256,466.12662,472.4886,478.85187,483.16098,487.59573,491.84613,496.88776,503.19553,507.82346,510.10196,513.1374,514.9092,511.02542,508.2679,506.70404,501.91592,496.34042,488.50992,482.3744,474.90955,471.09888,465.09494,41.85064,42.060333,39.263615,35.78741,32.42617,29.972298,32.986446,38.368988,43.08512,48.140285,52.38348,56.19037,59.218624,61.41518,63.020733,63.375885,60.645004,57.370277,54.839836,52.493706,51.74217,51.75918,50.541676,49.962677,50.776814,51.921642,51.720356,50.305935,53.989532,56.93396,55.541904,53.58204,471.28384,470.69852,472.82938,471.44946,459.75906,27.811266,21.910427,14.888381,7.572584,0.07264392,-6.651012,-13.964544,-21.367365,-27.896008,-33.2593,-37.858997,-42.390614,-46.447052,-51.195103,-55.97511,-59.768158,-63.6833,-68.077805,-71.64903,-74.20713,-76.58231,-81.6806,-87.1719,-90.550064,-92.69621,-94.78537,-97.19807,-98.80676,-99.76601,-99.366516,-98.170235,-98.12562,-98.43471,-98.753136,-98.96237,-99.52183,-98.97781,-98.23824,-97.45385,-96.67308,-95.8917,-95.56578,-94.506836,-93.476845,-92.42166,-91.35966,-89.082985,-86.447945,-85.94307,-86.302055,-85.93231,-85.37379,-84.2469,-83.03535,-81.99816,-81.06063,-80.16062,-79.15781,-78.2585,-77.704895,-77.313934,-76.50211,-75.51495,-74.544525,-73.50845,-72.31306,-71.13195,-70.08722,-69.093575,-68.263855,-67.52565,-66.54086,-65.99186,-65.72891,-65.41082,-64.93939,-64.77807,-64.61529,-63.484947,-61.963684,-60.70522,-59.58436,-58.376728,-57.510654,-56.99634,-56.705715,-56.21339,-55.101604,-53.655476,-52.80361,-51.98453,-51.029465,-50.20752,-49.19218,-47.98494,-46.949116,-46.147842,-45.324646,-44.5323,-43.631794,-42.65259,-41.610794,-40.47086,-39.180733,-38.107033,-37.102318,-36.258537,-35.622917,-35.127743,-34.898827,-34.557365,-33.697502,-31.792004,-29.349041,-26.52808,-23.496214,-20.74916,-19.150475,-18.34362,-16.906757,-15.579622,-14.595111,-13.727136,-12.971289,-12.504418,-11.968709,-11.103642,-10.469505,-9.785998,-9.085354,-8.427848,-7.75961,-7.2440677,-6.582929,-5.8370667,61.038254,61.263836,61.097286,60.78411,60.80214,59.342293,55.965343,51.50257,48.395157,46.15794,44.66733,42.887753,41.21739,39.753685,38.411118,37.8018,37.24286,36.804005,36.269035,35.3205,34.62016,33.98574,33.66886,33.200855,32.55317,32.02334,31.960579,31.982584,31.747892,31.571325,31.484291,31.766905,32.05257,31.723791,31.807863,32.307014,33.017982,32.689285,31.884012,31.195892,29.811136,28.63917,27.971281,27.169016,26.593061,26.260937,26.338518,26.24001
Tax52,0.0,-1.0472925,-0.90861577,-0.74118763,-0.55476755,-0.3561502,-0.15000042,0.06043197,0.27282226,0.48564658,0.6974787,0.90748745,1.1141328,1.3173085,1.51646,1.7106428,1.8995274,2.0843043,2.284448,2.4917035,2.6292675,2.8036592,2.9723158,3.1389868,3.2866056,3.4956806,3.4944155,3.693963,3.8414671,3.976651,4.180009,4.3664675,4.5694723,4.823744,5.0022826,5.264548,5.533378,5.8404803,5.910503,5.9544277,6.014299,6.0533657,6.3093,6.7492385,6.828143,7.181677,7.450051,7.7142324,7.806818,7.9183674,7.9351544,7.8218207,8.130272,8.362844,8.560534,8.494403,8.484687,8.514953,8.392828,8.193006,7.851787,7.5858216,7.492446,7.312244,7.528719,7.7151546,0.53050137,0.6591148,8.6368265,8.9515,9.433325,9.846967,10.123547,1.0546728,10.611682,1.1079487,1.1284053,1.2584723,1.3154868,1.4004877,1.4418464,1.4614689,1.4933163,1.6682636,1.8110733,1.9271876,13.36274,13.537176,14.321415,14.688401,15.102749,15.701103,16.108627,16.63348,16.989246,17.028976,16.899973,17.3252,17.620846,17.883457,17.850164,17.957304,18.140335,18.245586,18.504974,18.746885,19.043093,19.411985,19.539492,19.839931,20.033829,20.378685,20.515896,20.426638,20.461903,0.76099235,0.8032097,0.84855175,0.76053363,0.69025797,0.51890653,0.33027416,0.20099308,-0.005988312,-0.21840242,-0.39435804,-0.6168241,-1.0009711,-1.3474042,-1.6776389,-1.9146225,-2.2152588,-2.432772,-2.7069182,-3.0325227,-3.349928,-3.6849234,-3.964595,-4.302819,-4.609437,-4.9402246,-5.288759,-5.5552034,-5.785945,-5.9512086,-6.0318995,-6.143052,-6.284883,-6.403067,-6.4859757,-6.516608,-6.4559407,-6.234178,-5.958805,-5.707541,-5.4687257,-5.2209835,-5.01463,-4.841822,-4.7557626,-4.65987,-4.583783,-4.5864773,-4.598198,-4.5869317,-4.5783763,-4.517913,-4.3731403,-4.3108683,-4.2301326,-4.1278014,-4.014105,-3.9276943,-3.930229,-3.716001,-3.5669758,-3.5846324,-3.5872014,-3.524693,-3.3459964,-3.2320042,-3.252484,-3.5185294,-3.8267508,-4.0158925,-4.1080155,-4.235174,-4.306925,-4.33704,-4.389419,-4.431297,-4.447845,-4.446447,-4.4215717,-4.3804903,-4.3547378,-4.3332853,-4.2826943,-4.2329326,-4.181075,-4.1145363,-4.0683765,-4.0170584,-3.972435,-3.9260745,-3.8631608,-3.805407,-3.7276194,-3.6658168,-3.575751,-3.4983988,-3.398617,-3.3121247,-3.219436,-3.1430936,-3.085593,-3.0022058,-2.9300392,-2.8545408,-2.7824001,-2.7085452,-2.646156,-2.5758257,-2.5135705,-2.4417841,-2.3982964,-2.3429015,-2.2553709,-2.1856313,-2.1207175,-2.0450795,-1.9892,-1.9512956,-1.8861995,-1.8299474,-1.7727871,-1.6916674,-1.6543113,-1.613023,-1.555003,-1.5196922,-1.481631,-1.4330486,-1.3723899,-1.339799,-1.3007666,-1.2747123,-1.2590747,-1.2263211,-1.2039686,-1.1642244,-1.1305501,-1.1098441,-1.0806911,-1.0525193,-1.0099165,-0.9678277,-0.94320744,-0.9313864,-0.9081042,-0.881267,-0.84141064,-0.8199989,-0.7960083,-0.774287,-0.74504405,-0.71753234,-0.693903,-0.6750602,-0.65663004,-0.6453447,-0.63401306,-0.620652,-0.59910613,-0.5862115,-0.5745965,-0.5643603,-0.54805356,-0.53714114,-0.5200007,-0.50934553,-0.49784842,-0.485247,-0.4768214,-0.4711321,-0.46250427,-0.44590533,-0.42994848,-0.41544998,-0.40349713,-0.39858508,-0.38989267,-0.37325683,-0.36582822,-0.36146444,-0.35202214,-0.33589706,-0.33138916,-0.32119152,-0.31553465,-0.3077034,-0.29386383,-0.28224865,-0.27509168,-0.2674174,-0.25925767,-0.25036725,-0.24115649,-0.23112626,-0.21848194,-0.20317493,-0.18526092,-0.1683755,-0.14792275,-0.12649587,-0.10350539,-0.077111125,-0.046539795,-0.010858045,0.022694053,0.06541446,0.1370421,0.2573711,0.39800248,0.52817714,0.5707074,0.5847347,0.5948172,0.6211254,0.64158666,0.6844095,0.7267992,0.7480056,0.8329563,0.8981284,0.9828039,1.0837799,1.1971344,4.1750903,4.863741,5.5404606,6.4548483,7.389421,8.465904,9.540927,10.536426,11.189363,11.6845045,11.917379,11.929527,11.306435,9.509389,6.61281,3.782457,1.4608166,0.1946283,-0.39698377,-0.59646714,-0.644844,-0.613174,-0.56963044,-0.56294626,-0.54603887,-0.4764226,-0.4161444,-0.3491133,-0.854687,-0.75567013,-0.646904,-0.533964,-0.42015564,-0.3074306,-0.19592212,-0.0894045,0.014002085,0.11408051,0.2107091,0.30373117,0.39330488,0.47939938,0.5623487,0.64227194,0.71898097,0.79308987,0.86463726,0.93371034,1.0001061,1.0638329,1.1245626,1.1805351,1.2093064,1.2587351,1.3202491,1.3942026,1.5094081,1.5684986,1.6278919,1.7801147,1.8635254,1.9409804,1.9820647,2.0640552,2.0955348,2.0784278,2.1139734,2.118125,2.1783743,2.26159,2.271729,2.2718759,2.3594418,2.460115,2.550423,2.5913284,2.6220534,2.6731582,2.6470203,2.719168,2.7134147,2.7508502,2.721761,2.6824791,2.6898692,2.6559203,2.4970455,2.3275592,2.2239044,2.0910647,2.0368452,2.1170914,2.1535418,-0.4409123,-0.39521158,2.4330077,2.5385103,2.663356,2.738409,2.7712052,-0.30812383,2.856255,-0.2934386,-0.26042497,-0.21756703,-0.20062359,-0.15951452,-0.11483126,-0.07702054,-0.042680737,-0.009676966,0.057966836,0.12912221,4.058948,4.047218,4.20808,4.300961,4.3163323,4.4932375,4.426856,4.5362506,4.647585,4.5066214,4.517968,4.513486,4.7679844,4.6491604,4.6863885,4.6359835,4.7789116,4.8365507,5.0293307,5.1761303,5.165282,5.2664814,5.285703,5.321504,5.54539,5.609726,5.676946,5.686127,5.915636,-0.1337831,-0.10943562,-0.05473266,-0.054625824,-0.07671535,-0.06371285,-0.088974655,-0.1460615,-0.14186375,-0.14079806,-0.16438761,-0.24036361,-0.3009692,-0.43519858,-0.47132096,-0.57844216,-0.65915036,-0.6693558,-0.77649325,-0.8765638,-0.97267234,-1.0798234,-1.2279983,-1.3546685,-1.4801462,-1.629408,-1.7712617,-1.8747134,-1.9507655,-2.0060816,-2.0299525,-2.072617,-2.1332994,-2.184288,-2.240365,-2.2546608,-2.2407994,-2.1452413,-2.0238717,-1.92357,-1.8310168,-1.7370528,-1.6470898,-1.546439,-1.5090942,-1.4714314,-1.4390824,-1.4462461,-1.4592197,-1.4560182,-1.4480757,-1.4008776,-1.359301,-1.3494785,-1.3222812,-1.2880731,-1.2501065,-1.2175354,-1.2219825,-1.1119721,-1.0422155,-1.0455593,-1.0415484,-1.012607,-0.9345623,-0.8802393,-0.881195,-1.0142314,-1.1720471,-1.2715967,-1.3331908,-1.393491,-1.4503826,-1.4842184,-1.5216637,-1.5298371,-1.5315189,-1.5363152,-1.5411223,-1.5467703,-1.536441,-1.5225917,-1.5224867,-1.5167952,-1.4872408,-1.473205,-1.4422204,-1.4314146,-1.4203893,-1.4020442,-1.3800526,-1.3588147,-1.314762,-1.2750957,-1.2422822,-1.201126,-1.1789136,-1.1488305,-1.1275043,-1.0975379,-1.0766842,-1.0634254,-1.0396755,-1.0266415,-0.99818724,-0.9554445,-0.9436476,-0.91529554,-0.8814655,-0.86381143,-0.84303015,-0.8326707,-0.8079234,-0.7926202,-0.77049017,-0.76148576,-0.74580306,-0.73015726,-0.7210123,-0.71208256,-0.6984926,-0.6829107,-0.6689727,-0.64450175,-0.62387216,-0.5899321,-0.57671005,-0.56354874,-0.5564216,-0.54954195,-0.53035784,-0.49655715,-0.4771725,-0.46604922,-0.46033886,-0.45474577,-0.4491784,-0.44365463,-0.4331692,-0.4230217,-0.41778544,-0.40780175,-0.40265477,-0.39382997,-0.37240052,-0.36762398,-0.36316335,-0.34957927,-0.34104025,-0.32945308,-0.3166334,-0.29995438,-0.29620326,-0.27775845,-0.26662856,-0.2633991,-0.23584707,-0.23297039,-0.22466971,-0.22194153,-0.2123623,-0.20604625,-0.20360202,-0.18801191,-0.18157037,-0.17472517,-0.16932568,-0.16730833,-0.15795045,-0.15275346,-0.15095823,-0.14549653,-0.13701098,-0.13258177,-0.13099776,-0.12940119,-0.12780909,-0.122851744,-0.118229434,-0.11336284,-0.10802839,-0.10317873,-0.09837231,-0.096794896,-0.09499532,-0.090583,-0.08879573,-0.08665079,-0.084242545,-0.07980596,-0.07709278,-0.074120864,-0.07103672,-0.062685736,-0.058706548,-0.054357834,-0.049179304,-0.043745436,-0.037826546,-0.031173091,-0.023984706,-0.015221695,-0.0050907205,0.006665183,0.017730374,0.03179966,0.055492368,0.09526349,0.14109045,0.18227607,0.19321299,0.19409695,0.19576174,0.19954655,0.20080142,0.20831607,0.21661368,0.22012569,0.23702055,0.24838693,0.26074016,0.2749186,0.28908712,1.005,1.091328,1.157846,1.2208353,1.2428844,1.2448503,1.2080413,1.1309198,1.0088136,0.8619817,0.7274116,0.5956933,0.46598384,0.29975894,0.17684343,0.12178717,0.11807353,0.11195473,0.11966604,0.11371852,0.12286468,0.14196795,0.14166646,0.1574301,0.15896109,0.14943995,0.15628669,0.17308705,-0.08426491,-0.07534389,-0.06569101,-0.05575085,-0.04578895,-0.035958085,-0.026355427,-0.017026877,-0.007996082,0.0007179417,0.009124162,0.017227553,0.025010575,0.032349482,0.039342184,0.045987632,0.05196381,0.057463974,0.06253342,0.06715648,0.071407005,0.07537684,0.07903231,0.08242838,0.08557103,0.08848274,0.10329895,0.105607875,0.107471116,0.11878715,0.120517135,0.13743913,0.13920394,0.15417236,0.15619169,0.14382339,0.14907251,0.14898098,0.15186197,0.15786344,0.16274115,0.17701782,0.17070884,0.17580014,0.18542346,0.20280625,0.20330869,0.21538743,0.2332258,0.21954978,0.24212988,0.25191084,0.2580976,0.2672684,0.24644208,0.25596744,0.23983802,0.23635738,0.21693178,0.2197573,0.21320255,0.20625116,0.18040705,0.20053197,0.21604063,-0.029339623,-0.022601675,0.24180584,0.23895857,0.25998887,0.25356907,0.24210846,-0.02632645,0.24495523,-0.03176004,-0.02313704,-0.022700727,-0.022453556,-0.014549857,-0.009974211,-0.008579353,-0.008447484,-0.0050464766,-0.010524227,0.013221929,0.3271337,0.32590362,0.34035861,0.3304863,0.35865512,0.39224258,0.39187077,0.3902195,0.37340975,0.32793397,0.3470812,0.3655279,0.3714633,0.394674,0.37952366,0.39267233,0.39535952,0.39844164,0.45724544,0.4849742,0.4149036,0.46737516,0.451137,0.4399658,0.46842745,0.44093865,0.42847297,0.49759293,0.45075628,-0.015699357,0.00017645746,0.005757478,0.0036647418,0.008686297,0.013290539,0.0030058203,0.0020629254,-0.00070029637,-0.0009876674,-0.0018808579,0.00506798,-0.01110949,-0.020359673,-0.023241367,-0.024710363,-0.034008436,-0.036775,-0.04826214,-0.055020545,-0.0586218,-0.069348484,-0.079404764,-0.09007459,-0.102774,-0.11707982,-0.12734552,-0.13623539,-0.136633,-0.14075473,-0.1432198,-0.14682601,-0.15155393,-0.15661366,-0.16115966,-0.16421385,-0.16436478,-0.1590571,-0.15166157,-0.13696599,-0.1297868,-0.1224723,-0.115960695,-0.1104673,-0.10721582,-0.09722389,-0.09509826,-0.09540038,-0.0966072,-0.09661222,-0.09737963,-0.096525,-0.093317345,-0.09254518,-0.09082491,-0.088111386,-0.08487653,-0.082822606,-0.08305059,-0.07555002,-0.06987192,-0.07023089,-0.0704492,-0.06794365,-0.061519835,-0.056007523,-0.056134485,-0.06752399,-0.081576385,-0.091622,-0.09915302,-0.10596894,-0.11147195,-0.1148973,-0.1184821,-0.121399246,-0.12386992,-0.12516616,-0.12575889,-0.12637794,-0.11916825,-0.119499356,-0.110342674,-0.10996543,-0.10949058,-0.10908228,-0.10848147,-0.10766813,-0.10683437,-0.10617955,-0.105422296,-0.104454085,-0.1033986,-0.08890194,-0.087927796,-0.08692075,-0.085894786,-0.084862076,-0.083838865,-0.08282379,-0.08181127,-0.08080226,-0.07980169,-0.07880106,-0.077820286,-0.07685085,-0.075901546,-0.07495473,-0.07401388,-0.073082544,-0.07217174,-0.07128485,-0.070398614,-0.061214905,-0.06047857,-0.05976967,-0.059036702,-0.058293663,-0.057564873,-0.05169294,-0.051059358,-0.050438285,-0.049821373,-0.04921001,-0.04860531,-0.04801152,-0.047425974,-0.046840295,-0.046249636,-0.04567864,-0.040649552,-0.04014997,-0.03965723,-0.03917168,-0.03869225,-0.03822237,-0.037754893,-0.032162514,-0.03177154,-0.031386733,-0.030998962,-0.030610036,-0.030225005,-0.029845526,-0.029466234,-0.029089931,-0.028737146,-0.028396484,-0.02805637,-0.027713597,-0.027382126,-0.027047915,-0.026710588,-0.02637527,-0.02604871,-0.025733372,-0.025427919,-0.025118109,-0.024812989,-0.021187572,-0.020930756,-0.020680636,-0.020435087,-0.020192904,-0.016617661,-0.016417306,-0.012436894,-0.012288632,-0.012141703,-0.011997078,-0.011855874,-0.01171645,-0.011578869,-0.011440443,-0.011303714,-0.01116611,-0.011028981,-0.010893025,-0.0107599655,-0.0106317345,-0.010505917,-0.010376949,-0.010236463,-0.0070789456,-0.006950557,-0.0068180077,-0.0066871275,-0.006531239,-0.0063569257,-0.006169324,-0.0059692636,-0.0057507074,-0.005524156,-0.005276979,-0.004963641,-0.004621644,-0.004215417,-0.0037895103,-0.0033261613,-0.0028061108,-0.0022449805,-0.0015623323,-0.0007743431,0.00013847812,0.0009968946,0.0020865183,0.003918755,0.00699054,0.010522718,0.013687059,0.014511134,0.014561467,0.014676962,0.014961425,0.015059136,0.01564684,0.016304674,0.016604178,0.01794491,0.018875875,0.01990156,0.021093816,0.022315485,0.078546524,0.08572112,0.09160946,0.09757305,0.1006871,0.102598146,0.10156497,0.09775567,0.09034116,0.08159371,0.07323395,0.066712335,0.059417553,0.047942244,0.033855297,0.023378681,0.02260221,0.020068914,0.016856067,0.020539513,0.020593451,0.022019118,0.022846501,0.023560937,0.023875857,0.02021285,0.026556088,0.028090231,0.0,0.0,0.0,0.0,0.0,0.0,0.0,0.0,0.0,0.0,0.0,0.0,0.0,0.0,0.0,0.0,0.0,0.0,0.0,0.0,0.0,0.0,0.0,0.0,0.0,0.0,0.0,0.0,0.0,0.0,0.0,0.0,0.0,0.0,0.0,0.0,0.0,0.0,0.0,0.0,0.0,0.0,0.0,0.0,0.0,0.0,0.0,0.0,0.0,0.0,0.0,0.0,0.0,0.0,0.0,0.0,0.0,0.0,0.0,0.0,0.0,0.0,0.0,0.0,0.0,0.0,0.0,0.0,0.0,0.0,0.0,0.0,0.0,0.0,0.0,0.0,0.0,0.0,0.0,0.0,0.0,0.0,0.0,0.0,0.0,0.0,0.0,0.0,0.0,0.0,0.0,0.0,0.0,0.0,0.0,0.0,0.0,0.0,0.0,0.0,0.0,0.0,0.0,0.0,0.0,0.0,0.0,0.0,0.0,0.0,0.0,0.0,0.0,0.0,0.0,0.0,0.0,0.0,0.0,0.0,0.0,0.0,0.0,0.0,0.0,0.0,0.0,0.0,0.0,0.0,0.0,0.0,0.0,0.0,0.0,0.0,0.0,0.0,0.0,0.0,0.0,0.0,0.0,0.0,0.0,0.0,0.0,0.0,0.0,0.0,0.0,0.0,0.0,0.0,0.0,0.0,0.0,0.0,0.0,0.0,0.0,0.0,0.0,0.0,0.0,0.0,0.0,0.0,0.0,0.0,0.0,0.0,0.0,0.0,0.0,0.0,0.0,0.0,0.0,0.0,0.0,0.0,0.0,0.0,0.0,0.0,0.0,0.0,0.0,0.0,0.0,0.0,0.0,0.0,0.0,0.0,0.0,0.0,0.0,0.0,0.0,0.0,0.0,0.0,0.0,0.0,0.0,0.0,0.0,0.0,0.0,0.0,0.0,0.0,0.0,0.0,0.0,0.0,0.0,0.0,0.0,0.0,0.0,0.0,0.0,0.0,0.0,0.0,0.0,0.0,0.0,0.0,0.0,0.0,0.0,0.0,0.0,0.0,0.0,0.0,0.0,0.0,0.0,0.0,0.0,0.0,0.0,0.0,0.0,0.0,0.0,0.0,0.0,0.0,0.0,0.0,0.0,0.0,0.0,0.0,0.0,0.0,0.0,0.0,0.0,0.0,0.0,0.0,0.0,0.0,0.0,0.0,0.0,0.0,0.0,0.0,0.0,0.0,0.0,0.0,0.0,0.0,0.0,0.0,0.0,0.0,0.0,0.0,0.0,0.0,0.0,0.0,0.0,0.0,0.0,0.0,0.0,0.0,0.0,0.0,0.0,0.0,0.0,0.0,0.0,0.0,0.0,0.0,0.0,0.0,0.0,0.0,0.0,0.0,0.0,0.0,0.0,0.0,0.0,0.0,0.0,0.0,0.0,0.0,0.0,0.0,0.0,0.0,0.0,0.0,0.0,0.0,0.0,0.0,0.0,0.0,0.0,0.0,0.0,0.0,0.0,0.0,0.0,0.0,0.0,0.0,0.0,0.0,0.0,0.0,0.0,0.0,0.0,0.0,0.0,0.0,0.0,0.0,0.0,0.0,0.0,0.0,0.0,0.0,0.0,0.0,0.0,0.0,0.0,0.0,0.0,0.0,0.0,0.0,0.0,0.0,0.0,0.0,0.0,0.0,0.0,0.0,0.0,0.0,0.0,0.0,0.0,0.0,0.0,0.0,0.0,0.0,0.0,0.0,0.0,0.0,0.0,0.0,0.0,0.0,0.0,0.0,0.0,0.0,0.0,0.0,0.0,0.0,0.0,0.0,0.0,0.0,0.0,0.0,0.0,0.0,0.0,0.0,0.0,0.0,0.0,0.0,0.0,0.0,0.0,0.0,0.0,0.0,0.0,0.0,0.0,0.0,0.0,0.0,0.0,0.0,0.0,0.0,0.0,0.0,0.0,0.0,0.0,0.0,0.0,0.0,0.0,0.0,0.0,0.0,0.0,0.0,0.0,0.0,0.0,0.0,0.0,0.0,0.0,0.0,0.0,0.0,0.0,0.0,0.0,0.0,0.0,0.0,0.0,0.0,0.0,0.0,0.0,0.0,0.0,0.0,0.0,0.0,0.0,0.0,0.0,0.0,0.0,0.0,0.0,0.0,0.0,0.0,0.0,0.0,0.0,0.0,0.0,0.0,0.0,0.0,0.0,0.0,0.0,0.0,0.0,0.0,0.0,0.0,0.0,0.0,0.0,0.0,0.0,0.0,0.0,0.0,0.0,0.0,0.0,0.0,0.0,0.0,0.0,0.0,0.0,0.0,0.0,0.0,0.0,0.0,0.0,0.0,0.0,0.0,0.0,0.0,0.0,0.0,0.0,0.0,0.0,0.0,0.0,0.0,0.0,0.0,0.0,0.0,0.0,0.0,0.0,0.0,0.0,0.0,0.0,0.0,0.0,0.0,0.0,0.0,0.0,0.0,0.0,0.0,0.0,0.0,0.0,0.0,0.0,0.0,0.0,0.0,0.0,0.0,0.0,0.0,0.0,0.0,0.0,0.0,0.0,0.0,0.0,0.0,0.0,0.0,0.0,0.0,0.0,0.0,0.0,0.0,0.0,0.0,0.0,0.0,0.0,0.0,0.0,0.0,0.0,0.0,0.0,0.0,0.0,0.0,0.0,0.0,0.0,0.0,0.0,0.0,0.0,0.0,0.0,0.0,0.0,0.0,0.0,0.0,0.0,0.0,0.0,0.0,0.0,0.0,0.0,0.0,0.0,0.0,0.0,0.0,0.0,0.0,0.0,0.0,0.0,0.0,0.0,0.0,0.0,0.0,0.0,0.0,0.0,0.0,0.0,0.0,0.0,0.0,0.0,0.0,0.0,0.0,0.0,0.0,0.0,0.0,0.0,0.0,0.0,0.0,0.0,0.0,0.0,0.0,0.0,0.0,0.0,0.0,0.0,0.0,0.0,0.0,0.0,0.0,0.0,0.0,0.0,0.0,0.0,0.0,0.0,0.0,0.0,0.0,0.0,0.0,0.0,0.0,0.0,0.0,0.0,0.0,0.0,0.0,0.0,0.0,0.0,0.0,0.0,0.0,0.0,0.0,0.0,0.0,0.0,0.0,0.0,0.0,0.0,0.0,0.0,0.0,0.0,0.0,0.0,0.0,0.0,0.0,0.0,0.0,0.0,0.0,0.0,0.0,0.0,0.0,0.0,0.0,0.0,0.0,0.0,0.0,0.0,0.0,0.0,0.0,0.0,0.0,0.0,0.0,0.0,0.0,0.0,0.0,0.0,0.0,0.0,0.0,0.0,0.0,0.0,0.0,0.0,0.0,0.0,0.0,0.0,0.0,0.0,0.0,0.0,0.0,0.0,0.0,0.0,0.0,0.0,0.0,0.0,0.0,0.0,0.0,0.0,0.0,0.0,0.0,0.0,0.0,0.0,0.0,0.0,0.0,0.0,0.0,0.0,0.0,0.0,0.0,0.0,0.0,0.0,0.0,0.0,0.0,0.0,0.0,0.0,0.0,0.0,0.0,0.0,0.0,0.0,0.0,0.0,0.0,0.0,0.0,0.0,0.0,0.0,0.0,0.0,0.0,0.0,0.0,0.0,0.0,0.0,0.0,0.0,0.0,0.0,0.0,0.0,0.0,0.0,0.0,0.0,0.0,0.0,0.0,0.0,0.0,0.0,0.0,0.0,0.0,0.0,0.0,0.0,0.0,0.0,0.0,0.0,0.0,0.0,0.0,0.0,0.0,0.0,0.0,0.0,0.0,0.0,0.0,0.0,0.0,0.0,0.0,0.0,0.0,0.0,0.0,0.0,0.0,0.0,0.0,0.0,0.0,0.0,0.0,0.0,0.0,0.0,0.0,0.0,0.0,0.0,0.0,0.0,0.0,0.0,0.0,0.0,0.0,0.0,0.0,0.0,0.0,0.0,0.0,0.0,0.0,0.0,0.0,0.0,0.0,0.0,0.0,0.0,0.0,0.0,0.0,0.0,0.0,0.0,0.0,0.0,0.0,0.0,0.0,0.0,0.0,0.0,0.0,0.0,0.0,0.0,0.0,0.0,0.0,0.0,0.0,0.0,0.0,0.0,0.0,0.0,0.0,0.0,0.0,0.0,0.0,0.0,0.0,0.0,0.0,0.0,0.0,0.0,0.0,0.0,0.0,0.0,0.0,0.0,0.0,0.0,0.0,0.0,0.0,0.0,0.0,0.0,0.0,0.0,0.0,0.0,0.0,0.0,0.0,0.0,0.0,0.0,0.0,0.0,0.0,0.0,0.0,0.0,0.0,0.0,0.0,0.0,0.0,0.0,0.0,0.0,0.0,0.0,0.0,0.0,0.0,0.0,0.0,0.0,0.0,0.0,0.0,0.0,0.0,0.0,0.0,0.0,0.0,0.0,0.0,0.0,0.0,0.0,0.0,0.0,0.0,0.0,0.0,0.0,0.0,0.0,0.0,0.0,0.0,0.0,0.0,0.0,0.0,0.0,0.0,0.0,0.0,0.0,0.0,0.0,0.0,0.0,0.0,0.0,0.0,0.0,0.0,0.0,0.0,0.0,0.0,0.0,0.0,0.0,0.0,0.0,0.0,0.0,0.0,0.0,0.0,0.0,0.0,0.0,0.0,0.0,0.0,0.0,0.0,0.0,0.0,0.0,0.0,0.0,0.0,0.0,0.0,0.0,0.0,0.0,0.0,0.0,0.0,0.0,0.0,0.0,0.0,0.0,0.0,0.0,0.0,0.0,0.0,0.0,0.0,0.0,0.0,0.0,0.0,0.0,0.0,0.0,0.0,0.0,0.0,0.0,0.0,0.0,0.0,0.0,0.0,0.0,0.0,0.0,0.0,0.0,0.0,0.0,0.0,0.0,0.0,0.0,0.0,0.0,0.0,0.0,0.0,0.0,0.0,0.0,0.0,0.0,0.0,0.0,0.0,0.0,0.0,0.0,0.0,0.0,0.0,0.0,0.0,0.0,0.0,0.0,0.0,0.0,0.0,0.0,0.0,0.0,0.0,0.0,0.0,0.0,0.0,0.0,0.0,0.0,0.0,0.0,0.0,0.0,0.0,0.0,0.0,0.0,0.0,0.0,0.0,0.0,0.0,0.0,0.0,0.0,0.0,0.0,0.0,0.0,0.0,0.0,0.0,0.0,0.0,0.0,0.0,0.0,0.0,0.0,0.0,0.0,0.0,0.0,0.0,0.0,0.0,0.0,0.0,0.0,0.0,0.0,0.0,0.0,0.0,0.0,0.0,0.0,0.0,0.0,0.0,0.0,0.0,0.0,0.0,0.0,0.0,0.0,0.0,0.0,0.0,0.0,0.0,0.0,0.0,0.0,0.0,0.0,0.0,0.0,0.0,0.0,0.0,0.0,0.0,0.0,0.0,0.0,0.0,0.0,0.0,0.0,0.0,0.0,0.0,0.0,0.0,0.0,0.0,0.0,0.0,0.0,0.0,0.0,0.0,0.0,0.0,0.0,0.0,0.0,0.0,0.0,0.0,0.0,0.0,0.0,0.0,0.0,0.0,0.0,0.0,0.0,0.0,0.0,0.0,0.0,0.0,0.0,0.0,0.0,0.0,0.0,0.0,0.0,0.0,0.0,0.0,0.0,0.0,0.0,0.0,0.0,0.0,0.0,0.0,0.0,0.0,0.0,0.0,0.0,0.0,0.0,0.0,0.0,0.0,0.0,0.0,0.0,0.0,0.0,0.0,0.0,0.0,0.0,0.0,0.0,0.0,0.0,0.0,0.0,0.0,0.0,0.0,0.0,0.0,0.0,0.0,0.0,0.0,0.0,0.0,0.0,0.0,0.0,0.0,0.0,0.0,0.0,0.0,0.0,0.0,0.0,0.0,0.0,0.0,0.0,0.0,0.0,0.0,0.0,0.0,0.0,0.0,0.0,0.0,0.0,0.0,0.0,0.0,0.0,0.0,0.0,0.0,0.0,0.0,0.0,0.0,0.0,0.0,0.0,0.0,0.0,0.0,0.0,0.0,0.0,0.0,0.0,0.0,0.0,0.0,0.0,0.0,0.0,0.0,0.0,0.0,0.0,0.0,0.0,0.0,0.0,0.0,0.0,0.0,0.0,0.0,0.0,0.0,0.0,0.0,0.0,0.0,0.0,0.0,0.0,0.0,0.0,0.0,0.0,0.0,0.0,0.0,0.0,0.0,0.0,0.0,0.0,0.0,0.0,0.0,0.0,0.0,0.0,0.0,0.0,0.0,0.0,0.0,0.0,0.0,0.0,0.0,0.0,0.0,0.0,0.0,0.0,0.0,0.0,0.0,0.0,0.0,0.0,0.0,0.0,0.0,0.0,0.0,0.0,0.0,0.0,0.0,0.0,0.0,0.0,0.0,0.0,0.0,0.0,0.0,0.0,0.0,0.0,0.0,0.0,0.0,0.0,0.0,0.0,0.0,0.0,0.0,0.0,0.0,0.0,0.0,0.0,0.0,0.0,0.0,0.0,0.0,0.0,0.0,0.0,0.0,0.0,0.0,0.0,0.0,0.0,0.0,0.0,0.0,0.0,0.0,0.0,0.0,0.0,0.0,0.0,0.0,0.0,0.0,0.0,0.0,0.0,0.0,0.0,0.0,0.0,0.0,0.0,0.0,0.0,0.0,0.0,0.0,0.0,0.0,0.0,0.0,0.0,0.0,0.0,0.0,0.0,0.0,0.0,0.0,0.0,0.0,0.0,0.0,0.0,0.0,0.0,0.0,0.0,0.0,0.0,0.0,0.0,0.0,0.0,0.0,0.0,0.0,0.0,0.0,0.0,0.0,0.0,0.0,0.0,0.0,0.0,0.0,0.0,0.0,0.0,0.0,0.0,0.0,0.0,0.0,0.0,0.0,0.0,0.0,0.0,0.0,0.0,0.0,0.0,0.0,0.0,0.0,0.0,0.0,0.0,0.0,0.0,0.0,0.0,0.0,0.0,0.0,0.0,0.0,0.0,0.0,0.0,0.0,0.0,0.0,0.0,0.0,0.0,0.0,0.0,0.0,0.0,0.0,0.0,0.0,0.0,0.0,0.0,0.0,0.0,0.0,0.0,0.0,0.0,0.0,0.0,0.0,0.0,0.0,0.0,0.0,0.0,0.0,0.0,0.0,0.0,0.0,0.0,0.0,0.0,0.0,0.0,0.0,0.0,0.0,0.0,0.0,0.0,0.0,0.0,0.0,0.0,0.0,0.0,0.0,0.0,0.0,0.0,0.0,0.0,0.0,0.0,0.0,0.0,0.0,0.0,0.0,0.0,0.0,0.0,0.0,0.0,0.0,0.0,0.0,0.0,0.0,0.0,0.0,0.0,0.0,0.0,0.0,0.0,0.0,0.0,0.0,0.0,0.0,0.0,0.0,0.0,0.0,0.0,0.0,0.0,0.0,0.0,0.0,0.0,0.0,0.0,0.0,0.0,0.0,0.0,0.0,0.0,0.0,0.0,0.0,0.0,0.0,0.0,0.0,0.0,0.0,0.0,0.0,0.0,0.0,0.0,0.0,0.0,0.0,0.0,0.0,0.0,0.0,0.0,0.0,0.0,0.0,0.0,0.0,0.0,0.0,0.0,0.0,0.0,0.0,0.0,0.0,0.0,0.0,0.0,0.0,0.0,0.0,0.0,0.0,0.0,0.0,0.0,0.0,0.0,0.0,0.0,0.0,0.0,0.0,0.0,0.0,0.0,0.0,0.0,0.0,0.0,0.0,0.0,0.0,0.0,0.0,0.0,0.0,0.0,0.0,0.0,0.0,0.0,0.0,0.0,0.0,0.0,0.0,0.0,0.0,0.0,0.0,0.0,0.0,0.0,0.0,0.0,0.0,0.0,0.0,0.0,0.0,0.0,0.0,0.0,0.0,0.0,0.0,0.0,0.0,0.0,0.0,0.0,0.0,0.0,0.0,0.0,0.0,0.0,0.0,0.0,0.0,0.0,0.0,0.0,0.0,0.0,0.0,0.0,0.0,0.0,0.0,0.0,0.0,0.0,0.0,0.0,0.0,0.0,0.0,0.0,0.0,0.0,0.0,0.0,0.0,0.0,0.0,0.0,0.0,0.0,0.0,0.0,0.0,0.0
Tax53,0.0,-1.8466108,-1.4827119,-1.095094,-0.6949104,-0.28853318,0.121009976,0.5336005,0.9442763,1.3574904,1.7743044,2.1954086,2.622224,3.0565526,3.4729,3.9176037,4.374286,4.765361,5.1572633,5.650491,6.064648,6.6482253,7.0896797,7.4574246,7.994312,8.219862,8.650005,8.989346,9.63882,10.081708,10.560303,11.013784,11.848023,12.594521,13.4769945,14.018198,14.205476,14.496618,14.807593,15.268078,15.933959,16.677267,17.849897,19.102682,20.201462,21.620863,22.646809,22.98458,24.074423,25.185417,25.62208,25.687584,26.479269,27.096973,27.56962,27.31937,27.9578,28.620726,28.27981,28.3398,27.142586,26.932436,26.639902,26.610773,27.368107,28.249819,15.834459,16.710703,32.160496,33.69803,35.079834,36.13505,37.20535,21.263586,39.56517,22.504978,23.220789,24.08862,24.956423,26.003855,26.864271,27.84418,28.495928,29.617535,31.555986,32.901794,59.194996,61.08798,63.720722,65.97767,68.32427,71.55369,73.781494,75.30584,75.96727,75.94385,76.67626,77.92932,79.66685,80.17114,81.97465,82.68841,84.1148,86.05475,87.509476,88.53545,89.69537,90.818344,92.98362,94.1303,95.5969,97.14305,98.32934,98.67996,97.004875,49.504265,50.06952,51.356678,50.898922,50.88685,50.213,49.045372,47.948788,46.89136,45.92059,44.640907,43.37836,40.269855,37.02965,34.848595,32.376015,29.893377,27.755611,25.321936,22.507494,19.441746,16.503437,13.291304,10.00311,6.634743,3.123612,-0.5937657,-3.4985325,-5.8712707,-7.819583,-9.035454,-10.405382,-12.397137,-14.18413,-15.921122,-16.88712,-16.496271,-13.487715,-10.103697,-7.3397107,-4.661181,-2.1497793,-0.2980484,0.93455744,1.3890681,1.7990497,1.9877728,1.2437449,0.4082637,0.06870046,-0.5194178,-0.37990126,0.4230648,0.28138712,0.46310538,1.0566676,1.6929151,1.8131297,1.3026037,3.2115967,4.138216,3.3452313,2.7426746,2.9891248,4.2628803,4.8220234,4.0725985,0.9849862,-2.4298093,-4.6662784,-6.2791324,-7.8107,-9.04998,-9.701337,-10.47541,-11.042269,-11.438054,-11.6054325,-11.489889,-11.512115,-11.241184,-11.099138,-11.078398,-10.905214,-10.709205,-10.471275,-10.168921,-9.644206,-9.422251,-9.136781,-8.680714,-8.45282,-7.962144,-7.6481843,-7.229797,-6.707782,-6.3140364,-5.7769814,-5.420628,-5.0977044,-4.713627,-4.4381447,-4.133018,-3.787112,-3.4913504,-3.1915517,-2.9564145,-2.7818737,-2.6313758,-2.2757165,-2.118365,-1.9722356,-1.7997729,-1.6953043,-1.5687156,-1.44093,-1.2776057,-1.2272911,-1.1300533,-1.016988,-0.91918033,-0.7963724,-0.70875037,-0.66777503,-0.5995048,-0.5131753,-0.44336253,-0.39249042,-0.3756708,-0.3472921,-0.32732156,-0.2846123,-0.26029858,-0.23568973,-0.23147969,-0.22725463,-0.1972384,-0.19376342,-0.19024828,-0.15170033,-0.13424987,-0.13202022,-0.09781334,-0.096179955,-0.0836458,-0.08230665,-0.08080066,-0.079241924,-0.07774329,-0.07633919,-0.061958477,-0.055250507,-0.049220886,-0.048397824,-0.047556214,-0.0466789,-0.04074745,-0.040005684,-0.030505266,-0.029945135,-0.029393442,-0.024306044,-0.023831151,-0.023361301,-0.022918245,-0.022486638,-0.016344167,-0.016023457,-0.01570948,-0.00978096,-0.00957385,-0.009367729,-0.009160144,-0.008968481,-0.008775547,0.0,0.0,0.0,0.0,0.0,0.0,0.0,0.0,0.0,0.0,0.0,0.0,0.0,0.0,0.0,0.0,0.0,0.0,0.0,0.0,0.0,0.0,0.0,0.0,0.0,0.0,0.0,0.0,0.0,0.0,0.0,0.0,0.0,0.0,0.0,0.0,0.0,0.0,0.0,0.0,0.0,0.0,0.0,0.0,0.0,0.0,0.0,0.0,0.0,0.0,0.0,0.0,0.0,0.0,0.0,0.0,0.0,0.0,0.0,0.0,0.0,0.0,0.0,0.0,0.0,0.0,0.0,0.0,0.0,0.0,0.0,0.0,0.0,0.0,0.0,0.0,0.0,0.0,0.0,0.0,0.0,0.0,0.0,0.0,0.0,0.0,0.0,0.0,0.0,0.0,0.0,0.0,0.0,0.0,0.0,0.0,0.0,0.0,0.0,0.0,0.0,0.0,0.0,0.0,0.0,0.0,0.0,0.0,0.0,0.0,0.0,0.0,0.0,0.0,0.0,0.0,0.0,0.0,0.0,0.0,0.0,0.0,0.0,0.0,0.0,0.0,0.0,0.0,0.0,0.0,0.0,0.0,0.0,0.0,0.0,0.0,0.0,0.0,0.0,0.0,0.0,0.0,0.0,0.0,0.0,0.0,0.0,0.0,0.0,0.0,0.0,0.0,0.0,0.0,0.0,0.0,0.0,0.0,0.0,0.0,0.0,0.0,0.0,0.0,0.0,0.0,0.0,0.0,0.0,0.0,0.0,0.0,0.0,0.0,0.0,0.0,0.0,0.0,0.0,0.0,0.0,0.0,0.0,0.0,0.0,0.0,0.0,0.0,0.0,0.0,0.0,0.0,0.0,0.0,0.0,0.0,0.0,0.0,0.0,0.0,0.0,0.0,0.0,0.0,0.0,0.0,0.0,0.0,0.0,0.0,0.0,0.0,0.0,0.0,0.0,0.0,0.0,0.0,0.0,0.0,0.0,0.0,0.0,0.0,0.0,0.0,0.0,0.0,0.0,0.0,0.0,0.0,0.0,0.0,0.0,0.0,0.0,0.0,0.0,0.0,0.0,0.0,0.0,0.0,0.0,0.0,0.0,0.0,0.0,0.0,0.0,0.0,0.0,0.0,0.0,0.0,0.0,0.0,0.0,0.0,0.0,0.0,0.0,0.0,0.0,0.0,0.0,0.0,0.0,0.0,0.0,0.0,0.0,0.0,0.0,0.0,0.0,0.0,0.0,0.0,0.0,0.0,0.0,0.0,0.0,0.0,0.0,0.0,0.0,0.0,0.0,0.0,0.0,0.0,0.0,0.0,0.0,0.0,0.0,0.0,0.0,0.0,0.0,0.0,0.0,0.0,0.0,0.0,0.0,0.0,0.0,0.0,0.0,0.0,0.0,0.0,0.0,0.0,0.0,0.0,0.0,0.0,0.0,0.0,0.0,0.0,0.0,0.0,0.0,0.0,0.0,0.0,0.0,0.0,0.0,0.0,0.0,0.0,0.0,0.0,0.0,0.0,0.0,0.0,0.0,0.0,0.0,0.0,0.0,0.0,0.0,0.0,0.0,0.0,0.0,0.0,0.0,0.0,0.0,0.0,0.0,0.0,0.0,0.0,0.0,0.0,0.0,0.0,0.0,0.0,0.0,0.0,0.0,0.0,0.0,0.0,0.0,0.0,0.0,0.0,0.0,0.0,0.0,0.0,0.0,0.0,0.0,0.0,0.0,0.0,0.0,0.0,0.0,0.0,0.0,0.0,0.0,0.0,0.0,0.0,0.0,0.0,0.0,0.0,0.0,0.0,0.0,0.0,0.0,0.0,0.0,0.0,0.0,0.0,0.0,0.0,0.0,0.0,0.0,0.0,0.0,0.0,0.0,0.0,0.0,0.0,0.0,0.0,0.0,0.0,0.0,0.0,0.0,0.0,0.0,0.0,0.0,0.0,0.0,0.0,0.0,0.0,0.0,0.0,0.0,0.0,0.0,0.0,0.0,0.0,0.0,0.0,0.0,0.0,0.0,0.0,0.0,0.0,0.0,0.0,0.0,0.0,0.0,0.0,0.0,0.0,0.0,0.0,0.0,0.0,0.0,0.0,0.0,0.0,0.0,0.0,0.0,0.0,0.0,0.0,0.0,0.0,0.0,0.0,0.0,0.0,0.0,0.0,0.0,0.0,0.0,0.0,0.0,0.0,0.0,0.0,0.0,0.0,0.0,0.0,0.0,0.0,0.0,0.0,0.0,0.0,0.0,0.0,0.0,0.0,0.0,0.0,0.0,0.0,0.0,0.0,0.0,0.0,0.0,0.0,0.0,0.0,0.0,0.0,0.0,0.0,0.0,0.0,0.0,0.0,0.0,0.0,0.0,0.0,0.0,0.0,0.0,0.0,0.0,0.0,0.0,0.0,0.0,0.0,0.0,0.0,0.0,0.0,0.0,0.0,0.0,0.0,0.0,0.0,0.0,0.0,0.0,0.0,0.0,0.0,0.0,0.0,0.0,0.0,0.0,0.0,0.0,0.0,0.0,0.0,0.0,0.0,0.0,0.0,0.0,0.0,0.0,0.0,0.0,0.0,0.0,0.0,0.0,0.0,0.0,0.0,0.0,0.0,0.0,0.0,0.0,0.0,0.0,0.0,0.0,0.0,0.0,0.0,0.0,0.0,0.0,0.0,0.0,0.0,0.0,0.0,0.0,0.0,0.0,0.0,0.0,0.0,0.0,0.0,0.0,0.0,0.0,0.0,0.0,0.0,0.0,0.0,0.0,0.0,0.0,0.0,0.0,0.0,0.0,0.0,0.0,0.0,0.0,0.0,0.0,0.0,0.0,0.0,0.0,0.0,0.0,0.0,0.0,0.0,0.0,0.0,0.0,0.0,0.0,0.0,0.0,0.0,0.0,0.0,0.0,0.0,0.0,0.0,0.0,0.0,0.0,0.0,0.0,0.0,0.0,0.0,0.0,0.0,0.0,0.0,0.0,0.0,0.0,0.0,0.0,0.0,0.0,0.0,0.0,0.0,0.0,0.0,0.0,0.0,0.0,0.0,0.0,0.0,0.0,0.0,0.0,0.0,0.0,0.0,0.0,0.0,0.0,0.0,0.0,0.0,0.0,0.0,0.0,0.0,0.0,0.0,0.0,0.0,0.0,0.0,0.0,0.0,0.0,0.0,0.0,0.0,0.0,0.0,0.0,0.0,0.0,0.0,0.0,0.0,0.0,0.0,0.0,0.0,0.0,0.0,0.0,0.0,0.0,0.0,0.0,0.0,0.0,0.0,0.0,0.0,0.0,0.0,0.0,0.0,0.0,0.0,0.0,0.0,0.0,0.0,0.0,0.0,0.0,0.0,0.0,0.0,0.0,0.0,0.0,0.0,0.0,0.0,0.0,0.0,0.0,0.0,0.0,0.0,0.0,0.0,0.0,0.0,0.0,0.0,0.0,0.0,0.0,0.0,0.0,0.0,0.0,0.0,0.0,0.0,0.0,0.0,0.0,0.0,0.0,0.0,0.0,0.0,0.0,0.0,0.0,0.0,0.0,0.0,0.0,0.0,0.0,0.0,0.0,0.0,0.0,0.0,0.0,0.0,0.0,0.0,0.0,0.0,0.0,0.0,0.0,0.0,0.0,0.0,0.0,0.0,0.0,0.0,0.0,0.0,0.0,0.0,0.0,0.0,0.0,0.0,0.0,0.0,0.0,0.0,0.0,0.0,0.0,0.0,0.0,0.0,0.0,0.0,0.0,0.0,0.0,0.0,0.0,0.0,0.0,0.0,0.0,0.0,0.0,0.0,0.0,0.0,0.0,0.0,0.0,0.0,0.0,0.0,0.0,0.0,0.0,0.0,0.0,0.0,0.0,0.0,0.0,0.0,0.0,0.0,0.0,0.0,0.0,0.0,0.0,0.0,0.0,0.0,0.0,0.0,0.0,0.0,0.0,0.0,0.0,0.0,0.0,0.0,0.0,0.0,0.0,0.0,0.0,0.0,0.0,0.0,0.0,0.0,0.0,0.0,0.0,0.0,0.0,0.0,0.0,0.0,0.0,0.0,0.0,0.0,0.0,0.0,0.0,0.0,0.0,0.0,0.0,0.0,0.0,0.0,0.0,0.0,0.0,0.0,0.0,0.0,0.0,0.0,0.0,0.0,0.0,0.0,0.0,0.0,0.0,0.0,0.0,0.0,0.0,0.0,0.0,0.0,0.0,0.0,0.0,0.0,0.0,0.0,0.0,0.0,0.0,0.0,0.0,0.0,0.0,0.0,0.0,0.0,0.0,0.0,0.0,0.0,0.0,0.0,0.0,0.0,0.0,0.0,0.0,0.0,0.0,0.0,0.0,0.0,0.0,0.0,0.0,0.0,0.0,0.0,0.0,0.0,0.0,0.0,0.0,0.0,0.0,0.0,0.0,0.0,0.0,0.0,0.0,0.0,0.0,0.0,0.0,0.0,0.0,0.0,0.0,0.0,0.0,0.0,0.0,0.0,0.0,0.0,0.0,0.0,0.0,0.0,0.0,0.0,0.0,0.0,0.0,0.0,0.0,0.0,0.0,0.0,0.0,0.0,0.0,0.0,0.0,0.0,0.0,0.0,0.0,0.0,0.0,0.0,0.0,0.0,0.0,0.0,0.0,0.0,0.0,0.0,0.0,0.0,0.0,0.0,0.0,0.0,0.0,0.0,0.0,0.0,0.0,0.0,0.0,0.0,0.0,0.0,0.0,0.0,0.0,0.0,0.0,0.0,0.0,0.0,0.0,0.0,0.0,0.0,0.0,0.0,0.0,0.0,0.0,0.0,0.0,0.0,0.0,0.0,0.0,0.0,0.0,0.0,0.0,0.0,0.0,0.0,0.0,0.0,0.0,0.0,0.0,0.0,0.0,0.0,0.0,0.0,0.0,0.0,0.0,0.0,0.0,0.0,0.0,0.0,0.0,0.0,0.0,0.0,0.0,0.0,0.0,0.0,0.0,0.0,0.0,0.0,0.0,0.0,0.0,0.0,0.0,0.0,0.0,0.0,0.0,0.0,0.0,0.0,0.0,0.0,0.0,0.0,0.0,0.0,0.0,0.0,0.0,0.0,0.0,0.0,0.0,0.0,0.0,0.0,0.0,0.0,0.0,0.0,0.0,0.0,0.0,0.0,0.0,0.0,0.0,0.0,0.0,0.0,0.0,0.0,0.0,0.0,0.0,0.0,0.0,0.0,0.0,0.0,0.0,0.0,0.0,0.0,0.0,0.0,0.0,0.0,0.0,0.0,0.0,0.0,0.0,0.0,0.0,0.0,0.0,0.0,0.0,0.0,0.0,0.0,0.0,0.0,0.0,0.0,0.0,0.0,0.0,0.0,0.0,0.0,0.0,0.0,0.0,0.0,0.0,0.0,0.0,0.0,0.0,0.0,0.0,0.0,0.0,0.0,0.0,0.0,0.0,0.0,0.0,0.0,0.0,0.0,0.0,0.0,0.0,0.0,0.0,0.0,0.0,0.0,0.0,0.0,0.0,0.0,0.0,0.0,0.0,0.0,0.0,0.0,0.0,0.0,0.0,0.0,0.0,0.0,0.0,0.0,0.0,0.0,0.0,0.0,0.0,0.0,0.0,0.0,0.0,0.0,0.0,0.0,0.0,0.0,0.0,0.0,0.0,0.0,0.0,0.0,0.0,0.0,0.0,0.0,0.0,0.0,0.0,0.0,0.0,0.0,0.0,0.0,0.0,0.0,0.0,0.0,0.0,0.0,0.0,0.0,0.0,0.0,0.0,0.0,0.0,0.0,0.0,0.0,0.0,0.0,0.0,0.0,0.0,0.0,0.0,0.0,0.0,0.0,0.0,0.0,0.0,0.0,0.0,0.0,0.0,0.0,0.0,0.0,0.0,0.0,0.0,0.0,0.0,0.0,0.0,0.0,0.0,0.0,0.0,0.0,0.0,0.0,0.0,0.0,0.0,0.0,0.0,0.0,0.0,0.0,0.0,0.0,0.0,0.0,0.0,0.0,0.0,0.0,0.0,0.0,0.0,0.0,0.0,0.0,0.0,0.0,0.0,0.0,0.0,0.0,0.0,0.0,0.0,0.0,0.0,0.0,0.0,0.0,0.0,0.0,0.0,0.0,0.0,0.0,0.0,0.0,0.0,0.0,0.0,0.0,0.0,0.0,0.0,0.0,0.0,0.0,0.0,0.0,0.0,0.0,0.0,0.0,0.0,0.0,0.0,0.0,0.0,0.0,0.0,0.0,0.0,0.0,0.0,0.0,0.0,0.0,0.0,0.0,0.0,0.0,0.0,0.0,0.0,0.0,0.0,0.0,0.0,0.0,0.0,0.0,0.0,0.0,0.0,0.0,0.0,0.0,0.0,0.0,0.0,0.0,0.0,0.0,0.0,0.0,0.0,0.0,0.0,0.0,0.0,0.0,0.0,0.0,0.0,0.0,0.0,0.0,0.0,0.0,0.0,0.0,0.0,0.0,0.0,0.0,0.0,0.0,0.0,0.0,0.0,0.0,0.0,0.0,0.0,0.0,0.0,0.0,0.0,0.0,0.0,0.0,0.0,0.0,0.0,0.0,0.0,0.0,0.0,0.0,0.0,0.0,0.0,0.0,0.0,0.0,0.0,0.0,0.0,0.0,0.0,0.0,0.0,0.0,0.0,0.0,0.0,0.0,0.0,0.0,0.0,0.0,0.0,0.0,0.0,0.0,0.0,0.0,0.0,0.0,0.0,0.0,0.0,0.0,0.0,0.0,0.0,0.0,0.0,0.0,0.0,0.0,0.0,0.0,0.0,0.0,0.0,0.0,0.0,0.0,0.0,0.0,0.0,0.0,0.0,0.0,0.0,0.0,0.0,0.0,0.0,0.0,0.0,0.0,0.0,0.0,0.0,0.0,0.0,0.0,0.0,0.0,0.0,0.0,0.0,0.0,0.0,0.0,0.0,0.0,0.0,0.0,0.0,0.0,0.0,0.0,0.0,0.0,0.0,0.0,0.0,0.0,0.0,0.0,0.0,0.0,0.0,0.0,0.0,0.0,0.0,0.0,0.0,0.0,0.0,0.0,0.0,0.0,0.0,0.0,0.0,0.0,0.0,0.0,0.0,0.0,0.0,0.0,0.0,0.0,0.0,0.0,0.0,0.0,0.0,0.0,0.0,0.0,0.0,0.0,0.0,0.0,0.0,0.0,0.0,0.0,0.0,0.0,0.0,0.0,0.0,0.0,0.0,0.0,0.0,0.0,0.0,0.0,0.0,0.0,0.0,0.0,0.0,0.0,0.0,0.0,0.0,0.0,0.0,0.0,0.0,0.0,0.0,0.0,0.0,0.0,0.0,0.0,0.0,0.0,0.0,0.0,0.0,0.0,0.0,0.0,0.0,0.0,0.0,0.0,0.0,0.0,0.0,0.0,0.0,0.0,0.0,0.0,0.0,0.0,0.0,0.0,0.0,0.0,0.0,0.0,0.0,0.0,0.0,0.0,0.0,0.0,0.0,0.0,0.0,0.0,0.0,0.0,0.0,0.0,0.0,0.0,0.0,0.0,0.0,0.0,0.0,0.0,0.0,0.0,0.0,0.0,0.0,0.0,0.0,0.0,0.0,0.0,0.0,0.0,0.0,0.0,0.0,0.0,0.0,0.0,0.0,0.0,0.0,0.0,0.0,0.0,0.0,0.0,0.0,0.0,0.0,0.0,0.0,0.0,0.0,0.0,0.0,0.0,0.0,0.0,0.0,0.0,0.0,0.0,0.0,0.0,0.0,0.0,0.0,0.0,0.0,0.0,0.0,0.0,0.0,0.0,0.0,0.0,0.0,0.0,0.0,0.0,0.0,0.0,0.0,0.0,0.0,0.0,0.0,0.0,0.0,0.0,0.0,0.0,0.0,0.0,0.0,0.0,0.0,0.0,0.0,0.0,0.0,0.0,0.0,0.0,0.0,0.0,0.0,0.0,0.0,0.0,0.0,0.0,0.0,0.0,0.0,0.0,0.0,0.0,0.0,0.0,0.0,0.0,0.0,0.0,0.0,0.0,0.0,0.0,0.0,0.0,0.0,0.0,0.0,0.0,0.0,0.0,0.0,0.0,0.0,0.0,0.0,0.0,0.0,0.0,0.0,0.0,0.0,0.0,0.0,0.0,0.0,0.0,0.0,0.0,0.0,0.0,0.0,0.0,0.0,0.0,0.0,0.0,0.0,0.0,0.0,0.0,0.0,0.0,0.0,0.0,0.0,0.0,0.0,0.0,0.0,0.0,0.0,0.0,0.0,0.0,0.0,0.0,0.0,0.0,0.0,0.0,0.0,0.0,0.0,0.0,0.0,0.0,0.0,0.0,0.0,0.0,0.0,0.0,0.0,0.0,0.0,0.0,0.0,0.0,0.0,0.0,0.0,0.0,0.0,0.0,0.0,0.0,0.0,0.0,0.0,0.0,0.0,0.0,0.0,0.0,0.0,0.0,0.0,0.0,0.0,0.0,0.0,0.0,0.0,0.0,0.0,0.0,0.0,0.0,0.0,0.0,0.0,0.0,0.0,0.0,0.0,0.0,0.0,0.0,0.0,0.0,0.0,0.0,0.0,0.0,0.0,0.0,0.0,0.0,0.0,0.0,0.0,0.0,0.0,0.0,0.0,0.0,0.0,0.0,0.0,0.0,0.0,0.0,0.0,0.0,0.0,0.0,0.0,0.0,0.0,0.0,0.0,0.0,0.0,0.0,0.0,0.0,0.0,0.0,0.0,0.0,0.0,0.0,0.0,0.0,0.0,0.0,0.0,0.0,0.0,0.0,0.0,0.0,0.0,0.0,0.0,0.0,0.0,0.0,0.0,0.0,0.0,0.0,0.0,0.0,0.0,0.0,0.0,0.0,0.0,0.0,0.0,0.0,0.0,0.0,0.0,0.0,0.0,0.0,0.0,0.0,0.0,0.0,0.0,0.0,0.0,0.0,0.0,0.0,0.0,0.0,0.0,0.0,0.0,0.0,0.0,0.0,0.0,0.0,0.0,0.0,0.0,0.0,0.0,0.0,0.0,0.0,0.0,0.0,0.0,0.0,0.0,0.0,0.0,0.0,0.0,0.0,0.0,0.0,0.0,0.0,0.0,0.0,0.0,0.0,0.0,0.0,0.0,0.0,0.0,0.0,0.0,0.0,0.0,0.0,0.0,0.0,0.0,0.0,0.0,0.0,0.0,0.0,0.0,0.0,0.0,0.0,0.0,0.0,0.0,0.0,0.0,0.0,0.0,0.0,0.0,0.0,0.0,0.0,0.0,0.0,0.0,0.0,0.0,0.0,0.0,0.0,0.0,0.0,0.0,0.0,0.0,0.0,0.0,0.0,0.0,0.0,0.0,0.0,0.0,0.0,0.0,0.0,0.0,0.0,0.0,0.0,0.0,0.0,0.0,0.0,0.0,0.0,0.0,0.0,0.0,0.0,0.0,0.0,0.0,0.0,0.0,0.0,0.0,0.0,0.0,0.0,0.0,0.0,0.0,0.0,0.0,0.0,0.0,0.0,0.0,0.0,0.0,0.0,0.0,0.0,0.0,0.0,0.0,0.0,0.0,0.0,0.0,0.0,0.0,0.0,0.0,0.0,0.0,0.0,0.0,0.0,0.0,0.0,0.0,0.0,0.0,0.0,0.0,0.0,0.0,0.0,0.0,0.0,0.0,0.0,0.0,0.0,0.0,0.0,0.0,0.0,0.0,0.0,0.0,0.0,0.0,0.0,0.0,0.0,0.0,0.0,0.0,0.0,0.0,0.0,0.0,0.0,0.0,0.0,0.0,0.0,0.0,0.0,0.0,0.0,0.0,0.0,0.0,0.0,0.0,0.0,0.0,0.0,0.0,0.0,0.0,0.0,0.0,0.0,0.0,0.0,0.0,0.0,0.0,0.0,0.0,0.0,0.0,0.0,0.0,0.0,0.0,0.0,0.0,0.0,0.0,0.0,0.0,0.0,0.0,0.0,0.0,0.0,0.0,0.0,0.0,0.0,0.0,0.0,0.0,0.0,0.0,0.0,0.0,0.0,0.0,0.0,0.0,0.0,0.0,0.0,0.0,0.0,0.0,0.0,0.0,0.0,0.0,0.0,0.0,0.0,0.0,0.0,0.0,0.0,0.0,0.0,0.0,0.0,0.0,0.0,0.0,0.0,0.0,0.0,0.0,0.0,0.0,0.0,0.0,0.0,0.0,0.0,0.0,0.0,0.0,0.0,0.0,0.0,0.0,0.0,0.0,0.0,0.0,0.0,0.0,0.0,0.0,0.0,0.0,0.0,0.0,0.0,0.0,0.0,0.0,0.0,0.0,0.0,0.0,0.0,0.0,0.0,0.0,0.0,0.0,0.0,0.0,0.0,0.0,0.0,0.0,0.0,0.0,0.0,0.0,0.0,0.0,0.0,0.0,0.0,0.0,0.0,0.0,0.0,0.0,0.0,0.0,0.0,0.0,0.0,0.0,0.0,0.0,0.0,0.0,0.0,0.0,0.0,0.0,0.0,0.0,0.0,0.0,0.0,0.0,0.0,0.0,0.0,0.0,0.0,0.0,0.0,0.0,0.0,0.0,0.0,0.0,0.0,0.0,0.0,0.0,0.0,0.0,0.0,0.0,0.0,0.0,0.0,0.0,0.0,0.0,0.0,0.0,0.0,0.0,0.0,0.0,0.0,0.0,0.0,0.0,0.0,0.0,0.0,0.0,0.0,0.0,0.0,0.0,0.0,0.0,0.0,0.0,0.0,0.0,0.0,0.0,0.0,0.0,0.0,0.0,0.0,0.0,0.0,0.0,0.0,0.0,0.0,0.0,0.0,0.0,0.0,0.0,0.0,0.0,0.0,0.0,0.0,0.0,0.0,0.0,0.0,0.0,0.0,0.0,0.0,0.0,0.0,0.0,0.0,0.0,0.0,0.0,0.0,0.0,0.0,0.0,0.0,0.0,0.0,0.0,0.0,0.0,0.0,0.0,0.0,0.0,0.0,0.0,0.0,0.0,0.0,0.0,0.0,0.0,0.0,0.0,0.0,0.0,0.0,0.0,0.0,0.0,0.0,0.0,0.0,0.0,0.0,0.0,0.0,0.0,0.0,0.0,0.0,0.0,0.0,0.0,0.0,0.0,0.0,0.0,0.0,0.0,0.0,0.0,0.0,0.0,0.0,0.0,0.0,0.0,0.0,0.0,0.0,0.0,0.0,0.0,0.0,0.0,0.0,0.0,0.0,0.0,0.0,0.0,0.0,0.0,0.0,0.0,0.0,0.0,0.0,0.0,0.0,0.0,0.0,0.0,0.0,0.0,0.0,0.0,0.0,0.0,0.0,0.0,0.0,0.0,0.0,0.0,0.0,0.0,0.0,0.0,0.0,0.0,0.0,0.0,0.0,0.0,0.0,0.0,0.0,0.0,0.0,0.0,0.0,0.0,0.0,0.0,0.0,0.0,0.0,0.0,0.0,0.0,0.0,0.0,0.0,0.0,0.0,0.0,0.0,0.0,0.0,0.0,0.0,0.0,0.0,0.0,0.0,0.0,0.0,0.0,0.0,0.0,0.0,0.0,0.0,0.0,0.0,0.0,0.0,0.0,0.0,0.0,0.0,0.0,0.0,0.0,0.0,0.0,0.0,0.0,0.0,0.0,0.0,0.0,0.0,0.0,0.0,0.0,0.0,0.0,0.0,0.0,0.0,0.0,0.0,0.0
Tax54,0.0,-0.8274727,-0.7074902,-0.55784047,-0.38812935,-0.2051615,-0.013768073,0.18253298,0.3811585,0.5802451,0.77806854,0.9642072,1.153119,1.3373997,1.5171455,1.6904228,1.8700968,2.038122,2.206323,2.3696718,2.5628808,2.7505803,2.8208537,2.9724596,3.1270187,3.2111228,3.4117746,3.5422096,3.673196,3.740146,3.8433025,3.9349809,4.128882,4.2948174,4.453902,4.6256223,4.851738,5.019399,5.062198,5.188958,5.325013,5.4207053,5.7298007,6.015176,6.1802816,6.495752,6.673626,6.7948794,6.770856,6.9485474,7.045636,7.031167,7.14248,7.286291,7.394409,7.3976884,7.3531027,7.4060264,7.048285,6.91564,6.5547776,6.4508896,6.300422,6.176644,6.435328,6.6135597,3.5049462,3.7241116,7.4403186,7.7882147,8.030192,8.288613,8.285861,4.473575,8.650315,4.6546416,4.780335,4.963274,5.1332273,5.251059,5.440941,5.585054,5.671461,5.9005527,6.1469164,6.479952,11.966414,12.194237,12.46339,12.542508,13.393831,13.604711,14.118076,14.209984,14.455686,14.188939,14.158557,14.475424,14.579337,14.486008,14.696598,14.761613,15.027506,15.064096,15.3154,15.421613,15.191683,15.511098,15.651648,15.801106,15.984315,16.081219,16.398273,16.216932,16.22587,8.194201,8.29607,8.511473,8.535553,8.496811,8.338354,8.259231,8.076866,7.8113627,7.657403,7.432414,7.2215276,6.756408,6.2985,5.9561276,5.6388702,5.304119,5.114623,4.672121,4.28651,3.832959,3.4414942,2.95857,2.4871206,1.9739432,1.4850899,1.0512803,0.64290035,0.3001526,0.016843095,-0.15316461,-0.38217336,-0.63979506,-0.89455205,-1.1242324,-1.2696776,-1.2251518,-0.9258994,-0.55500585,-0.25993642,0.030392332,0.3105161,0.51772654,0.64329547,0.6789593,0.7215507,0.7217986,0.6059242,0.49534315,0.43750998,0.35806194,0.3597525,0.4605643,0.44256833,0.46962297,0.55329245,0.6338581,0.6454962,0.59174746,0.83461106,0.9465209,0.84138405,0.7800478,0.8151282,0.9870917,1.0649568,0.9817409,0.5408692,0.07353776,-0.2429782,-0.4786588,-0.68558854,-0.86359584,-0.96470493,-1.0803192,-1.1430862,-1.2269149,-1.2676274,-1.2967677,-1.3143474,-1.3185763,-1.3043325,-1.3260714,-1.2907254,-1.2864068,-1.305901,-1.300943,-1.2538286,-1.2046108,-1.1599772,-1.1275166,-1.14549,-1.1390227,-1.1084852,-1.065395,-1.0347801,-1.0054575,-0.9379333,-0.91688126,-0.8629014,-0.82400477,-0.7789279,-0.69698125,-0.6653258,-0.6207797,-0.5844389,-0.5729499,-0.5566661,-0.5360035,-0.4912946,-0.43464732,-0.39777446,-0.37812927,-0.33793175,-0.31029147,-0.2998009,-0.27234453,-0.27081886,-0.24828483,-0.23758721,-0.21409065,-0.18774016,-0.17647967,-0.15309857,-0.13753796,-0.12656313,-0.118515566,-0.11765647,-0.103193656,-0.10242883,-0.09641898,-0.095671155,-0.085530095,-0.08484239,-0.084157944,-0.08344177,-0.082769215,-0.08212493,-0.075964816,-0.075308315,-0.06732911,-0.059600092,-0.053860288,-0.053498622,-0.05317282,-0.04438355,-0.044007547,-0.037113406,-0.036772072,-0.036469042,-0.036127426,-0.03582667,-0.03557313,-0.035334423,-0.029665586,-0.029408582,-0.029122751,-0.028877798,-0.028631492,-0.02838539,-0.023821611,-0.017590052,-0.017414559,-0.017236851,-0.017075485,-0.016917972,-0.016769713,-0.016599296,-0.016430648,-0.0162552,-0.01605909,-0.015857916,-0.008503889,-0.008402295,-0.008295625,-0.0082084,-0.008132845,-0.0037073172,-0.003675453,-0.0036217137,-0.0035394006,-0.0034273986,-0.0032724312,-0.0030758467,-0.0028556846,-0.0026521273,-0.0024731187,-0.0022293192,-0.0019548433,-0.0016634852,-0.001356568,-0.0010133394,-0.00065942004,-0.00026799878,0.00024823053,0.00080875796,0.0014842716,0.0021942898,0.002974055,0.0038609484,0.0048354417,0.006037746,0.0074476115,0.009113508,0.010751642,0.012849681,0.016278857,0.021922404,0.028683402,0.03539976,0.038786065,0.041133814,0.04379462,0.04701921,0.050119024,0.054534715,0.059534006,0.06417324,0.072036766,0.07980551,0.08887227,0.09961902,0.11197211,0.19659407,0.22789246,0.26188773,0.30346423,0.3458401,0.39170766,0.43809104,0.48040846,0.38079083,0.3925451,0.39535707,0.39060718,0.36553526,0.3055106,0.21172152,0.12621167,0.060268857,0.019355182,0.0028226185,-0.0035897344,-0.0053030225,-0.0041645863,-0.0029602633,-0.0017296458,-0.00086596794,0.00042990036,0.0026463135,0.004736409,-0.01671662,-0.014715078,-0.0124111045,-0.009951524,-0.00742474,-0.00488503,-0.0023657992,0.00011505117,0.002542357,0.0049074474,0.007205519,0.009432182,0.011590295,0.01367596,0.015693381,0.01764365,0.019525489,0.021344807,0.023108944,0.02482494,0.026494544,0.028124608,0.029709987,0.03125571,0.032749023,0.034235515,0.03572525,0.037029885,0.038301937,0.039442074,0.040559344,0.034313194,0.035366256,0.033517845,0.03508755,0.027611401,0.026658745,0.028834524,0.03124192,0.03362757,0.035826083,0.03862956,0.047418855,0.047055762,0.049280323,0.051453628,0.052668452,0.06498362,0.06578607,0.066393435,0.0667416,0.08179791,0.08135662,0.08129684,0.069153234,0.06931253,0.05766761,0.057235356,0.053427204,0.040990904,0.04666098,0.054550637,0.057781085,0.05958134,0.06482835,0.030718898,0.035168156,0.059897248,0.061993897,0.063527234,0.06307031,0.06431126,0.032892354,0.07146208,0.030805025,0.032941647,0.03974799,0.040471707,0.04747778,0.049255863,0.050853867,0.04917418,0.049803033,0.05251947,0.054945897,0.10966742,0.087225094,0.08273675,0.10526131,0.09955311,0.10238793,0.11338713,0.08685145,0.1083366,0.09191272,0.08013804,0.0894737,0.080221325,0.08070812,0.090873115,0.089029565,0.098822296,0.10519914,0.11266184,0.095647484,0.08301416,0.08601836,0.09895964,0.08617576,0.089198016,0.08743933,0.07587956,0.08917023,0.07917476,0.048276335,0.04752127,0.054950573,0.057682745,0.045920312,0.06002533,0.058772244,0.059093196,0.051186256,0.046665203,0.046921883,0.046627004,0.048851214,0.043982137,0.04646696,0.041991755,0.039744463,0.036635533,0.03995534,0.03540808,0.03573044,0.03332424,0.02897772,0.022707961,0.023422915,0.017888904,0.012045126,0.01011168,0.0043374356,0.0020520259,0.0021995632,0.00020250538,-0.0016593118,-0.003457365,-0.0059137605,-0.0076221563,-0.007813139,-0.0049026906,-0.0013339217,0.0017747739,0.0050041894,0.008249874,0.010915006,0.013202695,0.01421597,0.015300049,0.015966212,0.015431422,0.014758804,0.014359035,0.013494795,0.014329408,0.015878838,0.015851717,0.016317248,0.018073183,0.019420143,0.020362899,0.019609444,0.023553725,0.025907502,0.024694346,0.018349476,0.019065196,0.020296438,0.024482263,0.023550715,0.017931227,0.011272834,0.001975031,0.0019040834,0.0008495129,-0.0002689059,-0.0011202493,-0.002081024,-0.0029397646,-0.0037511906,-0.0043072924,-0.0047121877,-0.005166902,-0.005536691,-0.0059875757,-0.0063722464,-0.0066265035,-0.006869817,-0.007177294,-0.007423387,-0.007570426,-0.00772841,-0.008032002,-0.008324368,-0.008494877,-0.008613519,-0.008709422,-0.008813243,-0.008885238,-0.00892973,-0.008915973,-0.0088599175,-0.00882981,-0.008826532,-0.008819384,-0.008802405,-0.008793717,-0.00876049,-0.008722041,-0.008669909,-0.008627039,-0.008587576,-0.008547293,-0.0084970035,-0.008435101,-0.008381916,-0.008319927,-0.008244196,-0.0081501445,-0.0080881845,-0.008044393,-0.007994204,-0.007937577,-0.007875776,-0.0078098904,-0.0077473875,-0.0076869205,-0.007627665,0.0,0.0,0.0,0.0,0.0,0.0,0.0,0.0,0.0,0.0,0.0,0.0,0.0,0.0,0.0,0.0,0.0,0.0,0.0,0.0,0.0,0.0,0.0,0.0,0.0,0.0,0.0,0.0,0.0,0.0,0.0,0.0,0.0,0.0,0.0,0.0,0.0,0.0,0.0,0.0,0.0,0.0,0.0,0.0,0.0,0.0,0.0,0.0,0.0,0.0,0.0,0.0,0.0,0.0,0.0,0.0,0.0,0.0,0.0,0.0,0.0,0.0,0.0,0.0,0.0,0.0,0.0,0.0,0.0,0.0,0.0,0.0,0.0,0.0,0.0,0.0,0.0,0.0,0.0,0.0,0.0,0.0,0.0,0.0,0.0,0.0,0.0,0.0,0.0,0.0,0.0,0.0,0.0,0.0,0.0,0.0,0.0,0.0,0.0,0.0,0.0,0.0,0.0,0.0,0.0,0.0,0.0,0.0,0.0,0.0,0.0,0.0,0.0,0.0,0.0,0.0,0.0,0.0,0.0,0.0,0.0,0.0,0.0,0.0,0.0,0.0,0.0,0.0,0.0,0.0,0.0,0.0,0.0,0.0,0.0,0.0,0.0,0.0,0.0,0.0,0.0,0.0,0.0,0.0,0.0,0.0,0.0,0.0,0.0,0.0,0.0,0.0,0.0,0.0,0.0,0.0,0.0,0.0,0.0,0.0,0.0,0.0,0.0,0.0,0.0,0.0,0.0,0.0,0.0,0.0,0.0,0.0,0.0,0.0,0.0,0.0,0.0,0.0,0.0,0.0,0.0,0.0,0.0,0.0,0.0,0.0,0.0,0.0,0.0,0.0,0.0,0.0,0.0,0.0,0.0,0.0,0.0,0.0,0.0,0.0,0.0,0.0,0.0,0.0,0.0,0.0,0.0,0.0,0.0,0.0,0.0,0.0,0.0,0.0,0.0,0.0,0.0,0.0,0.0,0.0,0.0,0.0,0.0,0.0,0.0,0.0,0.0,0.0,0.0,0.0,0.0,0.0,0.0,0.0,0.0,0.0,0.0,0.0,0.0,0.0,0.0,0.0,0.0,0.0,0.0,0.0,0.0,0.0,0.0,0.0,0.0,0.0,0.0,0.0,0.0,0.0,0.0,0.0,0.0,0.0,0.0,0.0,0.0,0.0,0.0,0.0,0.0,0.0,0.0,0.0,0.0,0.0,0.0,0.0,0.0,0.0,0.0,0.0,0.0,0.0,0.0,0.0,0.0,0.0,0.0,0.0,0.0,0.0,0.0,0.0,0.0,0.0,0.0,0.0,0.0,0.0,0.0,0.0,0.0,0.0,0.0,0.0,0.0,0.0,0.0,0.0,0.0,0.0,0.0,0.0,0.0,0.0,0.0,0.0,0.0,0.0,0.0,0.0,0.0,0.0,0.0,0.0,0.0,0.0,0.0,0.0,0.0,0.0,0.0,0.0,0.0,0.0,0.0,0.0,0.0,0.0,0.0,0.0,0.0,0.0,0.0,0.0,0.0,0.0,0.0,0.0,0.0,0.0,0.0,0.0,0.0,0.0,0.0,0.0,0.0,0.0,0.0,0.0,0.0,0.0,0.0,0.0,0.0,0.0,0.0,0.0,0.0,0.0,0.0,0.0,0.0,0.0,0.0,0.0,0.0,0.0,0.0,0.0,0.0,0.0,0.0,0.0,0.0,0.0,0.0,0.0,0.0,0.0,0.0,0.0,0.0,0.0,0.0,0.0,0.0,0.0,0.0,0.0,0.0,0.0,0.0,0.0,0.0,0.0,0.0,0.0,0.0,0.0,0.0,0.0,0.0,0.0,0.0,0.0,0.0,0.0,0.0,0.0,0.0,0.0,0.0,0.0,0.0,0.0,0.0,0.0,0.0,0.0,0.0,0.0,0.0,0.0,0.0,0.0,0.0,0.0,0.0,0.0,0.0,0.0,0.0,0.0,0.0,0.0,0.0,0.0,0.0,0.0,0.0,0.0,0.0,0.0,0.0,0.0,0.0,0.0,0.0,0.0,0.0,0.0,0.0,0.0,0.0,0.0,0.0,0.0,0.0,0.0,0.0,0.0,0.0,0.0,0.0,0.0,0.0,0.0,0.0,0.0,0.0,0.0,0.0,0.0,0.0,0.0,0.0,0.0,0.0,0.0,0.0,0.0,0.0,0.0,0.0,0.0,0.0,0.0,0.0,0.0,0.0,0.0,0.0,0.0,0.0,0.0,0.0,0.0,0.0,0.0,0.0,0.0,0.0,0.0,0.0,0.0,0.0,0.0,0.0,0.0,0.0,0.0,0.0,0.0,0.0,0.0,0.0,0.0,0.0,0.0,0.0,0.0,0.0,0.0,0.0,0.0,0.0,0.0,0.0,0.0,0.0,0.0,0.0,0.0,0.0,0.0,0.0,0.0,0.0,0.0,0.0,0.0,0.0,0.0,0.0,0.0,0.0,0.0,0.0,0.0,0.0,0.0,0.0,0.0,0.0,0.0,0.0,0.0,0.0,0.0,0.0,0.0,0.0,0.0,0.0,0.0,0.0,0.0,0.0,0.0,0.0,0.0,0.0,0.0,0.0,0.0,0.0,0.0,0.0,0.0,0.0,0.0,0.0,0.0,0.0,0.0,0.0,0.0,0.0,0.0,0.0,0.0,0.0,0.0,0.0,0.0,0.0,0.0,0.0,0.0,0.0,0.0,0.0,0.0,0.0,0.0,0.0,0.0,0.0,0.0,0.0,0.0,0.0,0.0,0.0,0.0,0.0,0.0,0.0,0.0,0.0,0.0,0.0,0.0,0.0,0.0,0.0,0.0,0.0,0.0,0.0,0.0,0.0,0.0,0.0,0.0,0.0,0.0,0.0,0.0,0.0,0.0,0.0,0.0,0.0,0.0,0.0,0.0,0.0,0.0,0.0,0.0,0.0,0.0,0.0,0.0,0.0,0.0,0.0,0.0,0.0,0.0,0.0,0.0,0.0,0.0,0.0,0.0,0.0,0.0,0.0,0.0,0.0,0.0,0.0,0.0,0.0,0.0,0.0,0.0,0.0,0.0,0.0,0.0,0.0,0.0,0.0,0.0,0.0,0.0,0.0,0.0,0.0,0.0,0.0,0.0,0.0,0.0,0.0,0.0,0.0,0.0,0.0,0.0,0.0,0.0,0.0,0.0,0.0,0.0,0.0,0.0,0.0,0.0,0.0,0.0,0.0,0.0,0.0,0.0,0.0,0.0,0.0,0.0,0.0,0.0,0.0,0.0,0.0,0.0,0.0,0.0,0.0,0.0,0.0,0.0,0.0,0.0,0.0,0.0,0.0,0.0,0.0,0.0,0.0,0.0,0.0,0.0,0.0,0.0,0.0,0.0,0.0,0.0,0.0,0.0,0.0,0.0,0.0,0.0,0.0,0.0,0.0,0.0,0.0,0.0,0.0,0.0,0.0,0.0,0.0,0.0,0.0,0.0,0.0,0.0,0.0,0.0,0.0,0.0,0.0,0.0,0.0,0.0,0.0,0.0,0.0,0.0,0.0,0.0,0.0,0.0,0.0,0.0,0.0,0.0,0.0,0.0,0.0,0.0,0.0,0.0,0.0,0.0,0.0,0.0,0.0,0.0,0.0,0.0,0.0,0.0,0.0,0.0,0.0,0.0,0.0,0.0,0.0,0.0,0.0,0.0,0.0,0.0,0.0,0.0,0.0,0.0,0.0,0.0,0.0,0.0,0.0,0.0,0.0,0.0,0.0,0.0,0.0,0.0,0.0,0.0,0.0,0.0,0.0,0.0,0.0,0.0,0.0,0.0,0.0,0.0,0.0,0.0,0.0,0.0,0.0,0.0,0.0,0.0,0.0,0.0,0.0,0.0,0.0,0.0,0.0,0.0,0.0,0.0,0.0,0.0,0.0,0.0,0.0,0.0,0.0,0.0,0.0,0.0,0.0,0.0,0.0,0.0,0.0,0.0,0.0,0.0,0.0,0.0,0.0,0.0,0.0,0.0,0.0,0.0,0.0,0.0,0.0,0.0,0.0,0.0,0.0,0.0,0.0,0.0,0.0,0.0,0.0,0.0,0.0,0.0,0.0,0.0,0.0,0.0,0.0,0.0,0.0,0.0,0.0,0.0,0.0,0.0,0.0,0.0,0.0,0.0,0.0,0.0,0.0,0.0,0.0,0.0,0.0,0.0,0.0,0.0,0.0,0.0,0.0,0.0,0.0,0.0,0.0,0.0,0.0,0.0,0.0,0.0,0.0,0.0,0.0,0.0,0.0,0.0,0.0,0.0,0.0,0.0,0.0,0.0,0.0,0.0,0.0,0.0,0.0,0.0,0.0,0.0,0.0,0.0,0.0,0.0,0.0,0.0,0.0,0.0,0.0,0.0,0.0,0.0,0.0,0.0,0.0,0.0,0.0,0.0,0.0,0.0,0.0,0.0,0.0,0.0,0.0,0.0,0.0,0.0,0.0,0.0,0.0,0.0,0.0,0.0,0.0,0.0,0.0,0.0,0.0,0.0,0.0,0.0,0.0,0.0,0.0,0.0,0.0,0.0,0.0,0.0,0.0,0.0,0.0,0.0,0.0,0.0,0.0,0.0,0.0,0.0,0.0,0.0,0.0,0.0,0.0,0.0,0.0,0.0,0.0,0.0,0.0,0.0,0.0,0.0,0.0,0.0,0.0,0.0,0.0,0.0,0.0,0.0,0.0,0.0,0.0,0.0,0.0,0.0,0.0,0.0,0.0,0.0,0.0,0.0,0.0,0.0,0.0,0.0,0.0,0.0,0.0,0.0,0.0,0.0,0.0,0.0,0.0,0.0,0.0,0.0,0.0,0.0,0.0,0.0,0.0,0.0,0.0,0.0,0.0,0.0,0.0,0.0,0.0,0.0,0.0,0.0,0.0,0.0,0.0,0.0,0.0,0.0,0.0,0.0,0.0,0.0,0.0,0.0,0.0,0.0,0.0,0.0,0.0,0.0,0.0,0.0,0.0,0.0,0.0,0.0,0.0,0.0,0.0,0.0,0.0,0.0,0.0,0.0,0.0,0.0,0.0,0.0,0.0,0.0,0.0,0.0,0.0,0.0,0.0,0.0,0.0,0.0,0.0,0.0,0.0,0.0,0.0,0.0,0.0,0.0,0.0,0.0,0.0,0.0,0.0,0.0,0.0,0.0,0.0,0.0,0.0,0.0,0.0,0.0,0.0,0.0,0.0,0.0,0.0,0.0,0.0,0.0,0.0,0.0,0.0,0.0,0.0,0.0,0.0,0.0,0.0,0.0,0.0,0.0,0.0,0.0,0.0,0.0,0.0,0.0,0.0,0.0,0.0,0.0,0.0,0.0,0.0,0.0,0.0,0.0,0.0,0.0,0.0,0.0,0.0,0.0,0.0,0.0,0.0,0.0,0.0,0.0,0.0,0.0,0.0,0.0,0.0,0.0,0.0,0.0,0.0,0.0,0.0,0.0,0.0,0.0,0.0,0.0,0.0,0.0,0.0,0.0,0.0,0.0,0.0,0.0,0.0,0.0,0.0,0.0,0.0,0.0,0.0,0.0,0.0,0.0,0.0,0.0,0.0,0.0,0.0,0.0,0.0,0.0,0.0,0.0,0.0,0.0,0.0,0.0,0.0,0.0,0.0,0.0,0.0,0.0,0.0,0.0,0.0,0.0,0.0,0.0,0.0,0.0,0.0,0.0,0.0,0.0,0.0,0.0,0.0,0.0,0.0,0.0,0.0,0.0,0.0,0.0,0.0,0.0,0.0,0.0,0.0,0.0,0.0,0.0,0.0,0.0,0.0,0.0,0.0,0.0,0.0,0.0,0.0,0.0,0.0,0.0,0.0,0.0,0.0,0.0,0.0,0.0,0.0,0.0,0.0,0.0,0.0,0.0,0.0,0.0,0.0,0.0,0.0,0.0,0.0,0.0,0.0,0.0,0.0,0.0,0.0,0.0,0.0,0.0,0.0,0.0,0.0,0.0,0.0,0.0,0.0,0.0,0.0,0.0,0.0,0.0,0.0,0.0,0.0,0.0,0.0,0.0,0.0,0.0,0.0,0.0,0.0,0.0,0.0,0.0,0.0,0.0,0.0,0.0,0.0,0.0,0.0,0.0,0.0,0.0,0.0,0.0,0.0,0.0,0.0,0.0,0.0,0.0,0.0,0.0,0.0,0.0,0.0,0.0,0.0,0.0,0.0,0.0,0.0,0.0,0.0,0.0,0.0,0.0,0.0,0.0,0.0,0.0,0.0,0.0,0.0,0.0,0.0,0.0,0.0,0.0,0.0,0.0,0.0,0.0,0.0,0.0,0.0,0.0,0.0,0.0,0.0,0.0,0.0,0.0,0.0,0.0,0.0,0.0,0.0,0.0,0.0,0.0,0.0,0.0,0.0,0.0,0.0,0.0,0.0,0.0,0.0,0.0,0.0,0.0,0.0,0.0,0.0,0.0,0.0,0.0,0.0,0.0,0.0,0.0,0.0,0.0,0.0,0.0,0.0,0.0,0.0,0.0,0.0,0.0,0.0,0.0,0.0,0.0,0.0,0.0,0.0,0.0,0.0,0.0,0.0,0.0,0.0,0.0,0.0,0.0,0.0,0.0,0.0,0.0,0.0,0.0,0.0,0.0,0.0,0.0,0.0,0.0,0.0,0.0,0.0,0.0,0.0,0.0,0.0,0.0,0.0,0.0,0.0,0.0,0.0,0.0,0.0,0.0,0.0,0.0,0.0,0.0,0.0,0.0,0.0,0.0,0.0,0.0,0.0,0.0,0.0,0.0,0.0,0.0,0.0,0.0,0.0,0.0,0.0,0.0,0.0,0.0,0.0,0.0,0.0,0.0,0.0,0.0,0.0,0.0,0.0,0.0,0.0,0.0,0.0,0.0,0.0,0.0,0.0,0.0,0.0,0.0,0.0,0.0,0.0,0.0,0.0,0.0,0.0,0.0,0.0,0.0,0.0,0.0,0.0,0.0,0.0,0.0,0.0,0.0,0.0,0.0,0.0,0.0,0.0,0.0,0.0,0.0,0.0,0.0,0.0,0.0,0.0,0.0,0.0,0.0,0.0,0.0,0.0,0.0,0.0,0.0,0.0,0.0,0.0,0.0,0.0,0.0,0.0,0.0,0.0,0.0,0.0,0.0,0.0,0.0,0.0,0.0,0.0,0.0,0.0,0.0,0.0,0.0,0.0,0.0,0.0,0.0,0.0,0.0,0.0,0.0,0.0,0.0,0.0,0.0,0.0,0.0,0.0,0.0,0.0,0.0,0.0,0.0,0.0,0.0,0.0,0.0,0.0,0.0,0.0,0.0,0.0,0.0,0.0,0.0,0.0,0.0,0.0,0.0,0.0,0.0,0.0,0.0,0.0,0.0,0.0,0.0,0.0,0.0,0.0,0.0,0.0,0.0,0.0,0.0,0.0,0.0,0.0,0.0,0.0,0.0,0.0,0.0,0.0,0.0,0.0,0.0,0.0,0.0,0.0,0.0,0.0,0.0,0.0,0.0,0.0,0.0,0.0,0.0,0.0,0.0,0.0,0.0,0.0,0.0,0.0,0.0,0.0,0.0,0.0,0.0,0.0,0.0,0.0,0.0,0.0,0.0,0.0,0.0,0.0,0.0,0.0,0.0,0.0,0.0,0.0,0.0,0.0,0.0,0.0,0.0,0.0,0.0,0.0,0.0,0.0,0.0,0.0,0.0,0.0,0.0,0.0,0.0,0.0,0.0,0.0,0.0,0.0,0.0,0.0,0.0,0.0,0.0,0.0,0.0,0.0,0.0,0.0,0.0,0.0,0.0,0.0,0.0,0.0,0.0,0.0,0.0,0.0,0.0,0.0,0.0,0.0,0.0,0.0,0.0,0.0,0.0,0.0,0.0,0.0,0.0,0.0,0.0,0.0,0.0,0.0,0.0,0.0,0.0,0.0,0.0,0.0,0.0,0.0,0.0,0.0,0.0,0.0,0.0,0.0,0.0,0.0,0.0,0.0,0.0,0.0,0.0,0.0,0.0,0.0,0.0,0.0,0.0,0.0,0.0,0.0,0.0,0.0,0.0,0.0,0.0,0.0,0.0,0.0,0.0,0.0,0.0,0.0,0.0,0.0,0.0,0.0,0.0,0.0,0.0,0.0,0.0,0.0,0.0,0.0,0.0,0.0,0.0,0.0,0.0,0.0,0.0,0.0,0.0,0.0,0.0,0.0,0.0,0.0,0.0,0.0,0.0,0.0,0.0,0.0,0.0,0.0,0.0,0.0,0.0,0.0,0.0,0.0,0.0,0.0,0.0,0.0,0.0,0.0,0.0,0.0,0.0,0.0,0.0,0.0,0.0,0.0,0.0,0.0,0.0,0.0,0.0,0.0,0.0,0.0,0.0,0.0,0.0,0.0,0.0,0.0,0.0,0.0,0.0,0.0,0.0,0.0,0.0,0.0,0.0,0.0,0.0,0.0,0.0,0.0,0.0,0.0,0.0,0.0,0.0,0.0,0.0,0.0,0.0,0.0,0.0,0.0,0.0,0.0,0.0,0.0,0.0,0.0,0.0,0.0,0.0,0.0,0.0,0.0,0.0,0.0,0.0,0.0,0.0,0.0,0.0,0.0,0.0,0.0,0.0,0.0,0.0,0.0,0.0,0.0,0.0,0.0,0.0,0.0,0.0,0.0,0.0,0.0,0.0,0.0,0.0,0.0,0.0,0.0,0.0,0.0,0.0,0.0,0.0,0.0,0.0,0.0,0.0,0.0,0.0,0.0,0.0,0.0,0.0,0.0,0.0,0.0,0.0,0.0,0.0,0.0,0.0,0.0,0.0,0.0,0.0,0.0,0.0,0.0,0.0,0.0,0.0,0.0,0.0,0.0,0.0,0.0,0.0,0.0,0.0,0.0,0.0,0.0,0.0,0.0,0.0,0.0,0.0,0.0,0.0,0.0,0.0,0.0,0.0,0.0,0.0,0.0,0.0,0.0,0.0,0.0,0.0,0.0,0.0,0.0,0.0,0.0,0.0,0.0,0.0,0.0,0.0,0.0,0.0,0.0,0.0,0.0,0.0,0.0,0.0,0.0,0.0,0.0,0.0,0.0,0.0,0.0,0.0,0.0,0.0,0.0,0.0,0.0,0.0,0.0,0.0,0.0,0.0,0.0,0.0,0.0,0.0,0.0,0.0,0.0,0.0,0.0,0.0,0.0,0.0,0.0,0.0,0.0,0.0,0.0,0.0,0.0,0.0,0.0,0.0,0.0,0.0,0.0,0.0,0.0,0.0,0.0,0.0,0.0,0.0,0.0,0.0,0.0,0.0,0.0,0.0,0.0,0.0,0.0,0.0,0.0,0.0,0.0,0.0,0.0,0.0,0.0,0.0,0.0,0.0,0.0,0.0,0.0,0.0,0.0,0.0,0.0,0.0,0.0,0.0,0.0,0.0,0.0,0.0,0.0,0.0,0.0,0.0,0.0,0.0,0.0,0.0,0.0,0.0,0.0,0.0,0.0,0.0,0.0,0.0,0.0,0.0,0.0,0.0,0.0,0.0,0.0,0.0,0.0,0.0,0.0,0.0,0.0,0.0,0.0,0.0,0.0,0.0,0.0,0.0,0.0,0.0,0.0,0.0,0.0,0.0,0.0,0.0,0.0,0.0,0.0,0.0,0.0,0.0,0.0,0.0,0.0,0.0,0.0,0.0,0.0,0.0,0.0,0.0,0.0,0.0,0.0,0.0,0.0,0.0,0.0,0.0,0.0,0.0,0.0,0.0,0.0,0.0,0.0,0.0,0.0,0.0,0.0,0.0,0.0,0.0,0.0,0.0,0.0,0.0,0.0,0.0,0.0,0.0,0.0,0.0,0.0,0.0,0.0,0.0,0.0,0.0,0.0,0.0,0.0,0.0,0.0,0.0,0.0,0.0,0.0,0.0,0.0,0.0,0.0,0.0,0.0,0.0,0.0,0.0,0.0,0.0,0.0,0.0,0.0,0.0,0.0,0.0,0.0,0.0,0.0,0.0,0.0,0.0,0.0,0.0,0.0,0.0,0.0,0.0,0.0,0.0,0.0,0.0,0.0,0.0,0.0,0.0,0.0,0.0,0.0,0.0,0.0,0.0,0.0,0.0,0.0,0.0,0.0,0.0,0.0,0.0,0.0,0.0,0.0,0.0,0.0,0.0,0.0,0.0,0.0,0.0,0.0,0.0,0.0,0.0,0.0,0.0,0.0,0.0,0.0,0.0,0.0,0.0,0.0,0.0,0.0,0.0,0.0,0.0,0.0,0.0,0.0,0.0
Tax55,0.0,-2.972575,-2.197796,-1.4304106,-0.6765974,0.07201792,0.8065117,1.5471971,2.3041062,3.0880363,3.908902,4.777688,5.7046657,6.6408806,7.697984,8.834088,10.041192,11.305346,12.418308,13.805542,15.135072,16.313213,16.798872,18.486046,20.288385,21.753698,23.757055,25.661068,27.438744,29.453068,31.309738,32.361797,35.499245,36.183884,38.823025,40.888103,43.49152,46.794033,48.64564,51.20351,53.672306,55.975475,59.91452,62.986954,65.63187,69.89021,74.72852,77.288155,80.98881,84.73895,88.29339,90.21247,94.87449,97.56806,101.20124,103.96574,105.32127,108.81579,108.196,109.24864,106.721535,105.62801,105.29083,106.28211,109.70883,114.334404,16.548931,18.913383,132.20665,140.99168,148.18134,154.33238,158.84213,25.337229,170.20624,27.762535,29.840302,32.7739,34.323875,36.631187,38.76078,40.140263,41.188416,44.044846,47.764015,51.638294,247.22922,256.06186,267.0937,277.43356,289.79715,302.153,314.37878,325.49673,327.03433,326.86484,327.31107,332.07443,335.74286,339.0264,341.41068,345.05112,350.87173,356.34814,361.60727,364.7726,369.3488,375.07742,382.27563,387.5236,390.729,393.80423,397.6985,394.27908,387.10913,12.491316,14.94197,17.821981,17.3842,15.612948,13.333765,9.423802,5.7724795,2.2841792,-1.7757534,-5.5107594,-9.854751,-18.698172,-26.605015,-32.83187,-39.095814,-44.728973,-49.33044,-55.152107,-61.58791,-68.265854,-74.224144,-81.22998,-87.68809,-94.90381,-101.74359,-108.1105,-113.054085,-116.31353,-118.319534,-118.77439,-119.677795,-121.041794,-122.356026,-123.06332,-122.13922,-119.27571,-112.25322,-104.39738,-97.578636,-91.313644,-85.23409,-80.24499,-76.28288,-73.66336,-71.14358,-69.248184,-68.712135,-68.14964,-66.99426,-66.0523,-64.25617,-61.458252,-60.02433,-58.28839,-55.96238,-53.518883,-51.83059,-51.05674,-47.222263,-44.60583,-44.38587,-43.847813,-42.290676,-39.439503,-37.609,-37.386475,-40.390842,-43.581753,-45.113083,-45.97604,-46.498882,-46.736683,-46.193455,-45.84621,-45.3727,-44.70289,-43.498833,-42.224224,-40.912563,-39.585735,-38.474854,-37.197002,-35.799717,-34.40551,-33.14249,-31.851484,-30.434654,-29.16474,-27.94608,-26.892702,-25.620161,-24.369387,-23.104883,-21.985338,-20.81744,-19.667427,-18.580563,-17.644224,-16.654081,-15.809175,-14.871495,-14.00484,-13.224802,-12.5214,-11.873397,-11.14579,-10.520109,-9.948122,-9.34087,-8.754763,-8.217487,-7.659985,-7.1932235,-6.7042775,-6.301454,-5.95927,-5.6028185,-5.2696347,-4.909532,-4.611417,-4.3174396,-3.9978898,-3.7329323,-3.423378,-3.1397297,-2.8609116,-2.6055763,-2.3268585,-2.0407746,-1.7349321,-1.485168,-1.2888108,-1.0611043,-0.88698894,-0.75236297,-0.6110664,-0.50271547,-0.43332022,-0.3264166,-0.23212749,-0.18498127,-0.12814043,-0.086981356,-0.05964908,-0.035686344,-0.025872782,-0.017105276,-0.0139335,-0.0055030407,-0.0027031598,0.0,0.0,0.0,0.0,0.0,0.0,0.0,0.0,0.0,0.0,0.0,0.0,0.0,0.0,0.0,0.0,0.0,0.0,0.0,0.0,0.0,0.0,0.0,0.0,0.0,0.0,0.0,0.0,0.0,0.0,0.0,0.0,0.0,0.0,0.0,0.0,0.0,0.0,0.0,0.0,0.0,0.0,0.0,0.0,0.0,0.0,0.0,0.0,0.0,0.0,0.0,0.0,0.0,0.0,0.0,0.0,0.0,0.0,0.0,0.0,0.0,0.0,0.0,0.0,0.0,0.0,0.0,0.0,0.0,0.0,0.0,0.0,0.0,0.0,0.0,0.0,0.0,0.0,0.0,0.0,0.0,0.0,0.0,0.0,0.0,0.0,0.0,0.0,0.0,0.0,0.0,0.0,0.0,0.0,0.0,0.0,0.0,0.0,0.0,0.0,0.0,0.0,0.0,0.0,0.0,0.0,0.0,0.0,0.0,0.0,0.0,0.0,0.0,0.0,0.0,0.0,0.0,0.0,0.0,0.0,0.0,0.0,0.0,0.0,0.0,0.0,0.0,0.0,0.0,0.0,0.0,0.0,0.0,0.0,0.0,0.0,0.0,0.0,0.0,0.0,0.0,0.0,0.0,0.0,0.0,0.0,0.0,0.0,0.0,0.0,0.0,0.0,0.0,0.0,0.0,0.0,0.0,0.0,0.0,0.0,0.0,0.0,0.0,0.0,0.0,0.0,0.0,0.0,0.0,0.0,0.0,0.0,0.0,0.0,0.0,0.0,0.0,0.0,0.0,0.0,0.0,0.0,0.0,0.0,0.0,0.0,0.0,0.0,0.0,0.0,0.0,0.0,0.0,0.0,0.0,0.0,0.0,0.0,0.0,0.0,0.0,0.0,0.0,0.0,0.0,0.0,0.0,0.0,0.0,0.0,0.0,0.0,0.0,0.0,0.0,0.0,0.0,0.0,0.0,0.0,0.0,0.0,0.0,0.0,0.0,0.0,0.0,0.0,0.0,0.0,0.0,0.0,0.0,0.0,0.0,0.0,0.0,0.0,0.0,0.0,0.0,0.0,0.0,0.0,0.0,0.0,0.0,0.0,0.0,0.0,0.0,0.0,0.0,0.0,0.0,0.0,0.0,0.0,0.0,0.0,0.0,0.0,0.0,0.0,0.0,0.0,0.0,0.0,0.0,0.0,0.0,0.0,0.0,0.0,0.0,0.0,0.0,0.0,0.0,0.0,0.0,0.0,0.0,0.0,0.0,0.0,0.0,0.0,0.0,0.0,0.0,0.0,0.0,0.0,0.0,0.0,0.0,0.0,0.0,0.0,0.0,0.0,0.0,0.0,0.0,0.0,0.0,0.0,0.0,0.0,0.0,0.0,0.0,0.0,0.0,0.0,0.0,0.0,0.0,0.0,0.0,0.0,0.0,0.0,0.0,0.0,0.0,0.0,0.0,0.0,0.0,0.0,0.0,0.0,0.0,0.0,0.0,0.0,0.0,0.0,0.0,0.0,0.0,0.0,0.0,0.0,0.0,0.0,0.0,0.0,0.0,0.0,0.0,0.0,0.0,0.0,0.0,0.0,0.0,0.0,0.0,0.0,0.0,0.0,0.0,0.0,0.0,0.0,0.0,0.0,0.0,0.0,0.0,0.0,0.0,0.0,0.0,0.0,0.0,0.0,0.0,0.0,0.0,0.0,0.0,0.0,0.0,0.0,0.0,0.0,0.0,0.0,0.0,0.0,0.0,0.0,0.0,0.0,0.0,0.0,0.0,0.0,0.0,0.0,0.0,0.0,0.0,0.0,0.0,0.0,0.0,0.0,0.0,0.0,0.0,0.0,0.0,0.0,0.0,0.0,0.0,0.0,0.0,0.0,0.0,0.0,0.0,0.0,0.0,0.0,0.0,0.0,0.0,0.0,0.0,0.0,0.0,0.0,0.0,0.0,0.0,0.0,0.0,0.0,0.0,0.0,0.0,0.0,0.0,0.0,0.0,0.0,0.0,0.0,0.0,0.0,0.0,0.0,0.0,0.0,0.0,0.0,0.0,0.0,0.0,0.0,0.0,0.0,0.0,0.0,0.0,0.0,0.0,0.0,0.0,0.0,0.0,0.0,0.0,0.0,0.0,0.0,0.0,0.0,0.0,0.0,0.0,0.0,0.0,0.0,0.0,0.0,0.0,0.0,0.0,0.0,0.0,0.0,0.0,0.0,0.0,0.0,0.0,0.0,0.0,0.0,0.0,0.0,0.0,0.0,0.0,0.0,0.0,0.0,0.0,0.0,0.0,0.0,0.0,0.0,0.0,0.0,0.0,0.0,0.0,0.0,0.0,0.0,0.0,0.0,0.0,0.0,0.0,0.0,0.0,0.0,0.0,0.0,0.0,0.0,0.0,0.0,0.0,0.0,0.0,0.0,0.0,0.0,0.0,0.0,0.0,0.0,0.0,0.0,0.0,0.0,0.0,0.0,0.0,0.0,0.0,0.0,0.0,0.0,0.0,0.0,0.0,0.0,0.0,0.0,0.0,0.0,0.0,0.0,0.0,0.0,0.0,0.0,0.0,0.0,0.0,0.0,0.0,0.0,0.0,0.0,0.0,0.0,0.0,0.0,0.0,0.0,0.0,0.0,0.0,0.0,0.0,0.0,0.0,0.0,0.0,0.0,0.0,0.0,0.0,0.0,0.0,0.0,0.0,0.0,0.0,0.0,0.0,0.0,0.0,0.0,0.0,0.0,0.0,0.0,0.0,0.0,0.0,0.0,0.0,0.0,0.0,0.0,0.0,0.0,0.0,0.0,0.0,0.0,0.0,0.0,0.0,0.0,0.0,0.0,0.0,0.0,0.0,0.0,0.0,0.0,0.0,0.0,0.0,0.0,0.0,0.0,0.0,0.0,0.0,0.0,0.0,0.0,0.0,0.0,0.0,0.0,0.0,0.0,0.0,0.0,0.0,0.0,0.0,0.0,0.0,0.0,0.0,0.0,0.0,0.0,0.0,0.0,0.0,0.0,0.0,0.0,0.0,0.0,0.0,0.0,0.0,0.0,0.0,0.0,0.0,0.0,0.0,0.0,0.0,0.0,0.0,0.0,0.0,0.0,0.0,0.0,0.0,0.0,0.0,0.0,0.0,0.0,0.0,0.0,0.0,0.0,0.0,0.0,0.0,0.0,0.0,0.0,0.0,0.0,0.0,0.0,0.0,0.0,0.0,0.0,0.0,0.0,0.0,0.0,0.0,0.0,0.0,0.0,0.0,0.0,0.0,0.0,0.0,0.0,0.0,0.0,0.0,0.0,0.0,0.0,0.0,0.0,0.0,0.0,0.0,0.0,0.0,0.0,0.0,0.0,0.0,0.0,0.0,0.0,0.0,0.0,0.0,0.0,0.0,0.0,0.0,0.0,0.0,0.0,0.0,0.0,0.0,0.0,0.0,0.0,0.0,0.0,0.0,0.0,0.0,0.0,0.0,0.0,0.0,0.0,0.0,0.0,0.0,0.0,0.0,0.0,0.0,0.0,0.0,0.0,0.0,0.0,0.0,0.0,0.0,0.0,0.0,0.0,0.0,0.0,0.0,0.0,0.0,0.0,0.0,0.0,0.0,0.0,0.0,0.0,0.0,0.0,0.0,0.0,0.0,0.0,0.0,0.0,0.0,0.0,0.0,0.0,0.0,0.0,0.0,0.0,0.0,0.0,0.0,0.0,0.0,0.0,0.0,0.0,0.0,0.0,0.0,0.0,0.0,0.0,0.0,0.0,0.0,0.0,0.0,0.0,0.0,0.0,0.0,0.0,0.0,0.0,0.0,0.0,0.0,0.0,0.0,0.0,0.0,0.0,0.0,0.0,0.0,0.0,0.0,0.0,0.0,0.0,0.0,0.0,0.0,0.0,0.0,0.0,0.0,0.0,0.0,0.0,0.0,0.0,0.0,0.0,0.0,0.0,0.0,0.0,0.0,0.0,0.0,0.0,0.0,0.0,0.0,0.0,0.0,0.0,0.0,0.0,0.0,0.0,0.0,0.0,0.0,0.0,0.0,0.0,0.0,0.0,0.0,0.0,0.0,0.0,0.0,0.0,0.0,0.0,0.0,0.0,0.0,0.0,0.0,0.0,0.0,0.0,0.0,0.0,0.0,0.0,0.0,0.0,0.0,0.0,0.0,0.0,0.0,0.0,0.0,0.0,0.0,0.0,0.0,0.0,0.0,0.0,0.0,0.0,0.0,0.0,0.0,0.0,0.0,0.0,0.0,0.0,0.0,0.0,0.0,0.0,0.0,0.0,0.0,0.0,0.0,0.0,0.0,0.0,0.0,0.0,0.0,0.0,0.0,0.0,0.0,0.0,0.0,0.0,0.0,0.0,0.0,0.0,0.0,0.0,0.0,0.0,0.0,0.0,0.0,0.0,0.0,0.0,0.0,0.0,0.0,0.0,0.0,0.0,0.0,0.0,0.0,0.0,0.0,0.0,0.0,0.0,0.0,0.0,0.0,0.0,0.0,0.0,0.0,0.0,0.0,0.0,0.0,0.0,0.0,0.0,0.0,0.0,0.0,0.0,0.0,0.0,0.0,0.0,0.0,0.0,0.0,0.0,0.0,0.0,0.0,0.0,0.0,0.0,0.0,0.0,0.0,0.0,0.0,0.0,0.0,0.0,0.0,0.0,0.0,0.0,0.0,0.0,0.0,0.0,0.0,0.0,0.0,0.0,0.0,0.0,0.0,0.0,0.0,0.0,0.0,0.0,0.0,0.0,0.0,0.0,0.0,0.0,0.0,0.0,0.0,0.0,0.0,0.0,0.0,0.0,0.0,0.0,0.0,0.0,0.0,0.0,0.0,0.0,0.0,0.0,0.0,0.0,0.0,0.0,0.0,0.0,0.0,0.0,0.0,0.0,0.0,0.0,0.0,0.0,0.0,0.0,0.0,0.0,0.0,0.0,0.0,0.0,0.0,0.0,0.0,0.0,0.0,0.0,0.0,0.0,0.0,0.0,0.0,0.0,0.0,0.0,0.0,0.0,0.0,0.0,0.0,0.0,0.0,0.0,0.0,0.0,0.0,0.0,0.0,0.0,0.0,0.0,0.0,0.0,0.0,0.0,0.0,0.0,0.0,0.0,0.0,0.0,0.0,0.0,0.0,0.0,0.0,0.0,0.0,0.0,0.0,0.0,0.0,0.0,0.0,0.0,0.0,0.0,0.0,0.0,0.0,0.0,0.0,0.0,0.0,0.0,0.0,0.0,0.0,0.0,0.0,0.0,0.0,0.0,0.0,0.0,0.0,0.0,0.0,0.0,0.0,0.0,0.0,0.0,0.0,0.0,0.0,0.0,0.0,0.0,0.0,0.0,0.0,0.0,0.0,0.0,0.0,0.0,0.0,0.0,0.0,0.0,0.0,0.0,0.0,0.0,0.0,0.0,0.0,0.0,0.0,0.0,0.0,0.0,0.0,0.0,0.0,0.0,0.0,0.0,0.0,0.0,0.0,0.0,0.0,0.0,0.0,0.0,0.0,0.0,0.0,0.0,0.0,0.0,0.0,0.0,0.0,0.0,0.0,0.0,0.0,0.0,0.0,0.0,0.0,0.0,0.0,0.0,0.0,0.0,0.0,0.0,0.0,0.0,0.0,0.0,0.0,0.0,0.0,0.0,0.0,0.0,0.0,0.0,0.0,0.0,0.0,0.0,0.0,0.0,0.0,0.0,0.0,0.0,0.0,0.0,0.0,0.0,0.0,0.0,0.0,0.0,0.0,0.0,0.0,0.0,0.0,0.0,0.0,0.0,0.0,0.0,0.0,0.0,0.0,0.0,0.0,0.0,0.0,0.0,0.0,0.0,0.0,0.0,0.0,0.0,0.0,0.0,0.0,0.0,0.0,0.0,0.0,0.0,0.0,0.0,0.0,0.0,0.0,0.0,0.0,0.0,0.0,0.0,0.0,0.0,0.0,0.0,0.0,0.0,0.0,0.0,0.0,0.0,0.0,0.0,0.0,0.0,0.0,0.0,0.0,0.0,0.0,0.0,0.0,0.0,0.0,0.0,0.0,0.0,0.0,0.0,0.0,0.0,0.0,0.0,0.0,0.0,0.0,0.0,0.0,0.0,0.0,0.0,0.0,0.0,0.0,0.0,0.0,0.0,0.0,0.0,0.0,0.0,0.0,0.0,0.0,0.0,0.0,0.0,0.0,0.0,0.0,0.0,0.0,0.0,0.0,0.0,0.0,0.0,0.0,0.0,0.0,0.0,0.0,0.0,0.0,0.0,0.0,0.0,0.0,0.0,0.0,0.0,0.0,0.0,0.0,0.0,0.0,0.0,0.0,0.0,0.0,0.0,0.0,0.0,0.0,0.0,0.0,0.0,0.0,0.0,0.0,0.0,0.0,0.0,0.0,0.0,0.0,0.0,0.0,0.0,0.0,0.0,0.0,0.0,0.0,0.0,0.0,0.0,0.0,0.0,0.0,0.0,0.0,0.0,0.0,0.0,0.0,0.0,0.0,0.0,0.0,0.0,0.0,0.0,0.0,0.0,0.0,0.0,0.0,0.0,0.0,0.0,0.0,0.0,0.0,0.0,0.0,0.0,0.0,0.0,0.0,0.0,0.0,0.0,0.0,0.0,0.0,0.0,0.0,0.0,0.0,0.0,0.0,0.0,0.0,0.0,0.0,0.0,0.0,0.0,0.0,0.0,0.0,0.0,0.0,0.0,0.0,0.0,0.0,0.0,0.0,0.0,0.0,0.0,0.0,0.0,0.0,0.0,0.0,0.0,0.0,0.0,0.0,0.0,0.0,0.0,0.0,0.0,0.0,0.0,0.0,0.0,0.0,0.0,0.0,0.0,0.0,0.0,0.0,0.0,0.0,0.0,0.0,0.0,0.0,0.0,0.0,0.0,0.0,0.0,0.0,0.0,0.0,0.0,0.0,0.0,0.0,0.0,0.0,0.0,0.0,0.0,0.0,0.0,0.0,0.0,0.0,0.0,0.0,0.0,0.0,0.0,0.0,0.0,0.0,0.0,0.0,0.0,0.0,0.0,0.0,0.0,0.0,0.0,0.0,0.0,0.0,0.0,0.0,0.0,0.0,0.0,0.0,0.0,0.0,0.0,0.0,0.0,0.0,0.0,0.0,0.0,0.0,0.0,0.0,0.0,0.0,0.0,0.0,0.0,0.0,0.0,0.0,0.0,0.0,0.0,0.0,0.0,0.0,0.0,0.0,0.0,0.0,0.0,0.0,0.0,0.0,0.0,0.0,0.0,0.0,0.0,0.0,0.0,0.0,0.0,0.0,0.0,0.0,0.0,0.0,0.0,0.0,0.0,0.0,0.0,0.0,0.0,0.0,0.0,0.0,0.0,0.0,0.0,0.0,0.0,0.0,0.0,0.0,0.0,0.0,0.0,0.0,0.0,0.0,0.0,0.0,0.0,0.0,0.0,0.0,0.0,0.0,0.0,0.0,0.0,0.0,0.0,0.0,0.0,0.0,0.0,0.0,0.0,0.0,0.0,0.0,0.0,0.0,0.0,0.0,0.0,0.0,0.0,0.0,0.0,0.0,0.0,0.0,0.0,0.0,0.0,0.0,0.0,0.0,0.0,0.0,0.0,0.0,0.0,0.0,0.0,0.0,0.0,0.0,0.0,0.0,0.0,0.0,0.0,0.0,0.0,0.0,0.0,0.0,0.0,0.0,0.0,0.0,0.0,0.0,0.0,0.0,0.0,0.0,0.0,0.0,0.0,0.0,0.0,0.0,0.0,0.0,0.0,0.0,0.0,0.0,0.0,0.0,0.0,0.0,0.0,0.0,0.0,0.0,0.0,0.0,0.0,0.0,0.0,0.0,0.0,0.0,0.0,0.0,0.0,0.0,0.0,0.0,0.0,0.0,0.0,0.0,0.0,0.0,0.0,0.0,0.0,0.0,0.0,0.0,0.0,0.0,0.0,0.0,0.0,0.0,0.0,0.0,0.0,0.0,0.0,0.0,0.0,0.0,0.0,0.0,0.0,0.0,0.0,0.0,0.0,0.0,0.0,0.0,0.0,0.0,0.0,0.0,0.0,0.0,0.0,0.0,0.0,0.0,0.0,0.0,0.0,0.0,0.0,0.0,0.0,0.0,0.0,0.0,0.0,0.0,0.0,0.0,0.0,0.0,0.0,0.0,0.0,0.0,0.0,0.0,0.0,0.0,0.0,0.0,0.0,0.0,0.0,0.0,0.0,0.0,0.0,0.0,0.0,0.0,0.0,0.0,0.0,0.0,0.0,0.0,0.0,0.0,0.0,0.0,0.0,0.0,0.0,0.0,0.0,0.0,0.0,0.0,0.0,0.0,0.0,0.0,0.0,0.0,0.0,0.0,0.0,0.0,0.0,0.0,0.0,0.0,0.0,0.0,0.0,0.0,0.0,0.0,0.0,0.0,0.0,0.0,0.0,0.0,0.0,0.0,0.0,0.0,0.0,0.0,0.0,0.0,0.0,0.0,0.0,0.0,0.0,0.0,0.0,0.0,0.0,0.0,0.0,0.0,0.0,0.0,0.0,0.0,0.0,0.0,0.0,0.0,0.0,0.0,0.0,0.0,0.0,0.0,0.0,0.0,0.0,0.0,0.0,0.0,0.0,0.0,0.0,0.0,0.0,0.0,0.0,0.0,0.0,0.0,0.0,0.0,0.0,0.0,0.0,0.0,0.0,0.0,0.0,0.0,0.0,0.0,0.0,0.0,0.0,0.0,0.0,0.0,0.0,0.0,0.0,0.0,0.0,0.0,0.0,0.0,0.0,0.0,0.0,0.0,0.0,0.0,0.0,0.0,0.0,0.0,0.0,0.0,0.0,0.0,0.0,0.0,0.0,0.0,0.0,0.0,0.0,0.0,0.0,0.0,0.0,0.0,0.0,0.0,0.0,0.0,0.0,0.0,0.0,0.0,0.0,0.0,0.0,0.0,0.0,0.0,0.0,0.0,0.0,0.0,0.0,0.0,0.0,0.0,0.0,0.0,0.0,0.0,0.0,0.0,0.0,0.0,0.0,0.0,0.0,0.0,0.0,0.0,0.0,0.0,0.0,0.0,0.0,0.0,0.0,0.0,0.0,0.0,0.0,0.0,0.0,0.0,0.0,0.0,0.0,0.0,0.0,0.0,0.0,0.0,0.0,0.0,0.0,0.0,0.0,0.0,0.0,0.0,0.0,0.0,0.0,0.0,0.0,0.0,0.0,0.0,0.0,0.0,0.0,0.0,0.0,0.0,0.0,0.0,0.0,0.0,0.0,0.0,0.0,0.0,0.0,0.0,0.0,0.0,0.0,0.0,0.0,0.0,0.0,0.0,0.0,0.0,0.0,0.0,0.0,0.0,0.0,0.0,0.0,0.0,0.0,0.0,0.0,0.0,0.0,0.0,0.0,0.0,0.0,0.0,0.0,0.0,0.0,0.0,0.0,0.0,0.0,0.0,0.0,0.0,0.0,0.0,0.0,0.0,0.0,0.0,0.0,0.0,0.0,0.0,0.0,0.0,0.0,0.0,0.0,0.0,0.0,0.0,0.0,0.0,0.0,0.0,0.0,0.0,0.0,0.0,0.0,0.0,0.0,0.0,0.0,0.0,0.0,0.0,0.0,0.0,0.0,0.0,0.0,0.0,0.0,0.0,0.0,0.0,0.0,0.0,0.0,0.0,0.0,0.0,0.0,0.0,0.0,0.0,0.0,0.0,0.0,0.0,0.0,0.0,0.0,0.0,0.0,0.0,0.0,0.0,0.0,0.0,0.0,0.0,0.0,0.0,0.0,0.0,0.0,0.0,0.0,0.0,0.0,0.0,0.0,0.0,0.0,0.0,0.0,0.0,0.0,0.0,0.0,0.0,0.0,0.0,0.0,0.0,0.0,0.0,0.0,0.0,0.0,0.0,0.0,0.0,0.0,0.0,0.0,0.0,0.0,0.0,0.0,0.0,0.0,0.0,0.0,0.0,0.0,0.0,0.0,0.0,0.0,0.0,0.0,0.0,0.0,0.0,0.0,0.0,0.0,0.0,0.0,0.0,0.0,0.0,0.0,0.0,0.0,0.0,0.0,0.0,0.0,0.0,0.0,0.0,0.0,0.0,0.0,0.0,0.0,0.0,0.0,0.0,0.0,0.0,0.0,0.0,0.0,0.0,0.0,0.0,0.0,0.0,0.0,0.0,0.0,0.0,0.0,0.0,0.0,0.0,0.0,0.0,0.0,0.0,0.0,0.0,0.0,0.0,0.0,0.0,0.0,0.0,0.0,0.0,0.0,0.0,0.0,0.0,0.0,0.0,0.0,0.0,0.0,0.0,0.0,0.0,0.0,0.0,0.0,0.0,0.0,0.0,0.0,0.0,0.0,0.0,0.0,0.0,0.0,0.0,0.0,0.0,0.0,0.0,0.0,0.0,0.0,0.0,0.0,0.0,0.0,0.0,0.0,0.0,0.0,0.0,0.0,0.0,0.0,0.0,0.0,0.0,0.0,0.0,0.0,0.0,0.0,0.0,0.0,0.0,0.0,0.0,0.0,0.0,0.0,0.0,0.0,0.0,0.0,0.0,0.0,0.0,0.0,0.0,0.0,0.0,0.0,0.0,0.0,0.0,0.0,0.0,0.0,0.0,0.0,0.0,0.0,0.0,0.0,0.0,0.0,0.0,0.0,0.0,0.0,0.0,0.0,0.0,0.0,0.0,0.0,0.0,0.0,0.0,0.0,0.0,0.0,0.0,0.0,0.0,0.0,0.0,0.0,0.0,0.0,0.0,0.0,0.0,0.0,0.0,0.0,0.0,0.0,0.0,0.0,0.0,0.0,0.0,0.0,0.0,0.0,0.0,0.0,0.0,0.0,0.0,0.0,0.0,0.0,0.0,0.0,0.0,0.0,0.0,0.0,0.0,0.0,0.0,0.0,0.0,0.0,0.0,0.0,0.0,0.0,0.0,0.0,0.0,0.0,0.0,0.0,0.0,0.0,0.0,0.0,0.0,0.0,0.0,0.0,0.0,0.0,0.0,0.0,0.0,0.0,0.0,0.0,0.0,0.0,0.0,0.0,0.0,0.0,0.0,0.0,0.0,0.0,0.0,0.0,0.0,0.0,0.0,0.0,0.0,0.0,0.0,0.0,0.0,0.0,0.0,0.0,0.0,0.0,0.0,0.0,0.0,0.0,0.0,0.0,0.0,0.0,0.0,0.0,0.0,0.0,0.0,0.0,0.0,0.0,0.0,0.0,0.0,0.0,0.0,0.0,0.0,0.0,0.0,0.0,0.0,0.0,0.0,0.0,0.0,0.0,0.0,0.0,0.0,0.0,0.0,0.0,0.0,0.0,0.0,0.0,0.0,0.0,0.0,0.0,0.0,0.0,0.0,0.0,0.0,0.0,0.0,0.0,0.0,0.0,0.0,0.0,0.0,0.0,0.0,0.0,0.0,0.0,0.0,0.0,0.0,0.0,0.0,0.0,0.0,0.0,0.0,0.0,0.0,0.0,0.0,0.0,0.0,0.0,0.0,0.0,0.0,0.0,0.0,0.0,0.0,0.0,0.0,0.0,0.0,0.0,0.0,0.0,0.0,0.0,0.0,0.0,0.0,0.0,0.0,0.0,0.0,0.0,0.0,0.0,0.0,0.0,0.0,0.0,0.0,0.0,0.0,0.0,0.0,0.0,0.0,0.0,0.0,0.0,0.0,0.0,0.0,0.0,0.0,0.0,0.0,0.0,0.0,0.0,0.0,0.0,0.0,0.0,0.0,0.0,0.0,0.0,0.0,0.0,0.0,0.0,0.0
Tax56,0.0,-1.3253361,-1.1288874,-0.89680636,-0.6750591,-0.44896388,-0.22113742,0.006484157,0.23174953,0.45028284,0.66480005,0.8747686,1.0791932,1.2774029,1.4686944,1.678801,1.8687236,2.0575843,2.2499936,2.4282305,2.60133,2.7956827,2.9636698,3.1871774,3.3776894,3.6053505,3.7634773,3.9421196,4.093014,4.1934233,4.3739862,4.5291586,4.8037944,4.8794045,5.057163,5.291165,5.3344054,5.508209,5.381122,5.4848847,5.68025,5.9803505,6.207004,6.533871,6.5328236,6.8625336,7.1514177,7.1933923,7.4010983,7.3524303,7.1989703,7.2184424,7.511456,7.519089,7.650743,7.442385,7.4215627,7.404992,7.1746955,6.9076285,6.502125,6.362832,6.1595464,5.978055,6.0803204,6.1640844,1.0305609,1.1143143,6.7139053,6.900486,7.153451,7.2448797,7.3471456,1.4149264,7.613463,1.4889333,1.5103712,1.6333569,1.7170333,1.8053299,1.8414127,1.9373953,1.8907399,2.0029619,2.138405,2.2438133,9.638903,9.911555,10.225322,10.110992,10.500334,10.902763,11.186726,11.442905,11.213421,10.815249,10.804478,10.72198,10.783135,10.735681,10.3599615,10.291303,10.235181,10.375199,10.303553,10.170913,10.063374,10.013863,10.029915,10.042312,9.935304,10.101592,10.071177,9.743291,9.580501,0.37451026,0.44560447,0.41652164,0.4076226,0.2675977,0.08505953,-0.018006805,-0.18092452,-0.3191275,-0.49327093,-0.6368094,-0.8204101,-1.094781,-1.365017,-1.5526822,-1.7918143,-1.9817628,-2.152709,-2.3024938,-2.5140033,-2.7215881,-2.9148674,-3.059001,-3.2684057,-3.4751883,-3.6710439,-3.9019885,-4.062674,-4.1390414,-4.235137,-4.1928105,-4.2405,-4.289024,-4.336018,-4.4097495,-4.401006,-4.307517,-4.1074986,-3.823486,-3.627513,-3.3951972,-3.1814423,-3.0217774,-2.9106407,-2.8309953,-2.7683895,-2.724231,-2.7333462,-2.750905,-2.736013,-2.7265923,-2.6942766,-2.5949578,-2.5568373,-2.5070736,-2.4290419,-2.3525894,-2.304114,-2.282604,-2.1272893,-2.0270224,-2.035756,-2.0142663,-1.9708163,-1.8610286,-1.7830311,-1.7935513,-1.9524978,-2.1139328,-2.191142,-2.2602952,-2.3222318,-2.3730967,-2.36553,-2.3701746,-2.3647006,-2.327612,-2.3209715,-2.2704408,-2.2124486,-2.1437504,-2.1476796,-2.109789,-2.0581849,-1.9739143,-1.936658,-1.889269,-1.8415726,-1.8198934,-1.7859175,-1.7341615,-1.628191,-1.6073767,-1.5396571,-1.5123292,-1.4420068,-1.4050837,-1.3475074,-1.3138871,-1.2773695,-1.1795863,-1.1495178,-1.1104532,-1.0569888,-0.99402314,-0.94244295,-0.9308893,-0.8386478,-0.80168253,-0.753765,-0.7156856,-0.689946,-0.6424988,-0.6344266,-0.58471394,-0.5385258,-0.4960484,-0.46920982,-0.4518517,-0.43012482,-0.40314516,-0.39800823,-0.37169456,-0.35437673,-0.3394046,-0.32357502,-0.3140868,-0.29985228,-0.28960136,-0.27018017,-0.25550702,-0.24665518,-0.23000522,-0.2231346,-0.22029825,-0.21748205,-0.20279609,-0.19190186,-0.18480203,-0.182436,-0.17063053,-0.1583161,-0.14375883,-0.13720554,-0.13550338,-0.1287842,-0.12174053,-0.1139472,-0.10557015,-0.09794005,-0.093082726,-0.08811623,-0.0870096,-0.08226391,-0.07752673,-0.07159808,-0.064715736,-0.05603543,-0.055318438,-0.054610025,-0.05390996,-0.050225332,-0.04071952,-0.04018654,-0.039666448,-0.039153922,-0.038651366,-0.038145177,-0.037645247,-0.03393667,-0.029955376,-0.029548297,-0.029141566,-0.028748082,-0.028355042,-0.027979981,-0.025123326,-0.024806386,-0.024489427,-0.02414427,-0.02375893,-0.023327775,-0.01944233,-0.016912369,-0.016433774,-0.012372326,-0.009804154,-0.009478964,-0.009124626,-0.008754664,-0.004659557,-0.0044282386,-0.0041932054,-0.0039400943,-0.0036208974,-0.0032801158,-0.002880075,-0.0024671722,-0.0020231116,-0.0015289634,-0.0009987741,-0.0003570622,0.00037983764,0.00123157,0.0020355373,0.003053488,0.004741195,0.0075320024,0.010757577,0.013737244,0.014773933,0.015184878,0.01568877,0.0163891,0.016956016,0.018033452,0.019248974,0.0073303203,0.008096119,0.008767729,0.009540012,0.010450204,0.011463319,0.028151581,0.031787995,0.03552211,0.039997607,0.044181477,0.048713844,0.05265953,0.05566487,0.04768136,0.03937546,0.028290307,0.034962434,0.022635588,0.015704306,0.012673905,0.004197512,-0.0012765867,-0.0025191633,-0.0058087474,-0.0066204835,-0.0059967325,-0.005846791,-0.005695043,-0.0055459403,-0.0054190084,-0.005277807,-0.0051043527,-0.004954973,0.0,0.0,0.0,0.0,0.0,0.0,0.0,0.0,0.0,0.0,0.0,0.0,0.0,0.0,0.0,0.0,0.0,0.0,0.0,0.0,0.0,0.0,0.0,0.0,0.0,0.0,0.0,0.0,0.0,0.0,0.0,0.0,0.0,0.0,0.0,0.0,0.0,0.0,0.0,0.0,0.0,0.0,0.0,0.0,0.0,0.0,0.0,0.0,0.0,0.0,0.0,0.0,0.0,0.0,0.0,0.0,0.0,0.0,0.0,0.0,0.0,0.0,0.0,0.0,0.0,0.0,0.0,0.0,0.0,0.0,0.0,0.0,0.0,0.0,0.0,0.0,0.0,0.0,0.0,0.0,0.0,0.0,0.0,0.0,0.0,0.0,0.0,0.0,0.0,0.0,0.0,0.0,0.0,0.0,0.0,0.0,0.0,0.0,0.0,0.0,0.0,0.0,0.0,0.0,0.0,0.0,0.0,0.0,0.0,0.0,0.0,0.0,0.0,0.0,0.0,0.0,0.0,0.0,0.0,0.0,0.0,0.0,0.0,0.0,0.0,0.0,0.0,0.0,0.0,0.0,0.0,0.0,0.0,0.0,0.0,0.0,0.0,0.0,0.0,0.0,0.0,0.0,0.0,0.0,0.0,0.0,0.0,0.0,0.0,0.0,0.0,0.0,0.0,0.0,0.0,0.0,0.0,0.0,0.0,0.0,0.0,0.0,0.0,0.0,0.0,0.0,0.0,0.0,0.0,0.0,0.0,0.0,0.0,0.0,0.0,0.0,0.0,0.0,0.0,0.0,0.0,0.0,0.0,0.0,0.0,0.0,0.0,0.0,0.0,0.0,0.0,0.0,0.0,0.0,0.0,0.0,0.0,0.0,0.0,0.0,0.0,0.0,0.0,0.0,0.0,0.0,0.0,0.0,0.0,0.0,0.0,0.0,0.0,0.0,0.0,0.0,0.0,0.0,0.0,0.0,0.0,0.0,0.0,0.0,0.0,0.0,0.0,0.0,0.0,0.0,0.0,0.0,0.0,0.0,0.0,0.0,0.0,0.0,0.0,0.0,0.0,0.0,0.0,0.0,0.0,0.0,0.0,0.0,0.0,0.0,0.0,0.0,0.0,0.0,0.0,0.0,0.0,0.0,0.0,0.0,0.0,0.0,0.0,0.0,0.0,0.0,0.0,0.0,0.0,0.0,0.0,0.0,0.0,0.0,0.0,0.0,0.0,0.0,0.0,0.0,0.0,0.0,0.0,0.0,0.0,0.0,0.0,0.0,0.0,0.0,0.0,0.0,0.0,0.0,0.0,0.0,0.0,0.0,0.0,0.0,0.0,0.0,0.0,0.0,0.0,0.0,0.0,0.0,0.0,0.0,0.0,0.0,0.0,0.0,0.0,0.0,0.0,0.0,0.0,0.0,0.0,0.0,0.0,0.0,0.0,0.0,0.0,0.0,0.0,0.0,0.0,0.0,0.0,0.0,0.0,0.0,0.0,0.0,0.0,0.0,0.0,0.0,0.0,0.0,0.0,0.0,0.0,0.0,0.0,0.0,0.0,0.0,0.0,0.0,0.0,0.0,0.0,0.0,0.0,0.0,0.0,0.0,0.0,0.0,0.0,0.0,0.0,0.0,0.0,0.0,0.0,0.0,0.0,0.0,0.0,0.0,0.0,0.0,0.0,0.0,0.0,0.0,0.0,0.0,0.0,0.0,0.0,0.0,0.0,0.0,0.0,0.0,0.0,0.0,0.0,0.0,0.0,0.0,0.0,0.0,0.0,0.0,0.0,0.0,0.0,0.0,0.0,0.0,0.0,0.0,0.0,0.0,0.0,0.0,0.0,0.0,0.0,0.0,0.0,0.0,0.0,0.0,0.0,0.0,0.0,0.0,0.0,0.0,0.0,0.0,0.0,0.0,0.0,0.0,0.0,0.0,0.0,0.0,0.0,0.0,0.0,0.0,0.0,0.0,0.0,0.0,0.0,0.0,0.0,0.0,0.0,0.0,0.0,0.0,0.0,0.0,0.0,0.0,0.0,0.0,0.0,0.0,0.0,0.0,0.0,0.0,0.0,0.0,0.0,0.0,0.0,0.0,0.0,0.0,0.0,0.0,0.0,0.0,0.0,0.0,0.0,0.0,0.0,0.0,0.0,0.0,0.0,0.0,0.0,0.0,0.0,0.0,0.0,0.0,0.0,0.0,0.0,0.0,0.0,0.0,0.0,0.0,0.0,0.0,0.0,0.0,0.0,0.0,0.0,0.0,0.0,0.0,0.0,0.0,0.0,0.0,0.0,0.0,0.0,0.0,0.0,0.0,0.0,0.0,0.0,0.0,0.0,0.0,0.0,0.0,0.0,0.0,0.0,0.0,0.0,0.0,0.0,0.0,0.0,0.0,0.0,0.0,0.0,0.0,0.0,0.0,0.0,0.0,0.0,0.0,0.0,0.0,0.0,0.0,0.0,0.0,0.0,0.0,0.0,0.0,0.0,0.0,0.0,0.0,0.0,0.0,0.0,0.0,0.0,0.0,0.0,0.0,0.0,0.0,0.0,0.0,0.0,0.0,0.0,0.0,0.0,0.0,0.0,0.0,0.0,0.0,0.0,0.0,0.0,0.0,0.0,0.0,0.0,0.0,0.0,0.0,0.0,0.0,0.0,0.0,0.0,0.0,0.0,0.0,0.0,0.0,0.0,0.0,0.0,0.0,0.0,0.0,0.0,0.0,0.0,0.0,0.0,0.0,0.0,0.0,0.0,0.0,0.0,0.0,0.0,0.0,0.0,0.0,0.0,0.0,0.0,0.0,0.0,0.0,0.0,0.0,0.0,0.0,0.0,0.0,0.0,0.0,0.0,0.0,0.0,0.0,0.0,0.0,0.0,0.0,0.0,0.0,0.0,0.0,0.0,0.0,0.0,0.0,0.0,0.0,0.0,0.0,0.0,0.0,0.0,0.0,0.0,0.0,0.0,0.0,0.0,0.0,0.0,0.0,0.0,0.0,0.0,0.0,0.0,0.0,0.0,0.0,0.0,0.0,0.0,0.0,0.0,0.0,0.0,0.0,0.0,0.0,0.0,0.0,0.0,0.0,0.0,0.0,0.0,0.0,0.0,0.0,0.0,0.0,0.0,0.0,0.0,0.0,0.0,0.0,0.0,0.0,0.0,0.0,0.0,0.0,0.0,0.0,0.0,0.0,0.0,0.0,0.0,0.0,0.0,0.0,0.0,0.0,0.0,0.0,0.0,0.0,0.0,0.0,0.0,0.0,0.0,0.0,0.0,0.0,0.0,0.0,0.0,0.0,0.0,0.0,0.0,0.0,0.0,0.0,0.0,0.0,0.0,0.0,0.0,0.0,0.0,0.0,0.0,0.0,0.0,0.0,0.0,0.0,0.0,0.0,0.0,0.0,0.0,0.0,0.0,0.0,0.0,0.0,0.0,0.0,0.0,0.0,0.0,0.0,0.0,0.0,0.0,0.0,0.0,0.0,0.0,0.0,0.0,0.0,0.0,0.0,0.0,0.0,0.0,0.0,0.0,0.0,0.0,0.0,0.0,0.0,0.0,0.0,0.0,0.0,0.0,0.0,0.0,0.0,0.0,0.0,0.0,0.0,0.0,0.0,0.0,0.0,0.0,0.0,0.0,0.0,0.0,0.0,0.0,0.0,0.0,0.0,0.0,0.0,0.0,0.0,0.0,0.0,0.0,0.0,0.0,0.0,0.0,0.0,0.0,0.0,0.0,0.0,0.0,0.0,0.0,0.0,0.0,0.0,0.0,0.0,0.0,0.0,0.0,0.0,0.0,0.0,0.0,0.0,0.0,0.0,0.0,0.0,0.0,0.0,0.0,0.0,0.0,0.0,0.0,0.0,0.0,0.0,0.0,0.0,0.0,0.0,0.0,0.0,0.0,0.0,0.0,0.0,0.0,0.0,0.0,0.0,0.0,0.0,0.0,0.0,0.0,0.0,0.0,0.0,0.0,0.0,0.0,0.0,0.0,0.0,0.0,0.0,0.0,0.0,0.0,0.0,0.0,0.0,0.0,0.0,0.0,0.0,0.0,0.0,0.0,0.0,0.0,0.0,0.0,0.0,0.0,0.0,0.0,0.0,0.0,0.0,0.0,0.0,0.0,0.0,0.0,0.0,0.0,0.0,0.0,0.0,0.0,0.0,0.0,0.0,0.0,0.0,0.0,0.0,0.0,0.0,0.0,0.0,0.0,0.0,0.0,0.0,0.0,0.0,0.0,0.0,0.0,0.0,0.0,0.0,0.0,0.0,0.0,0.0,0.0,0.0,0.0,0.0,0.0,0.0,0.0,0.0,0.0,0.0,0.0,0.0,0.0,0.0,0.0,0.0,0.0,0.0,0.0,0.0,0.0,0.0,0.0,0.0,0.0,0.0,0.0,0.0,0.0,0.0,0.0,0.0,0.0,0.0,0.0,0.0,0.0,0.0,0.0,0.0,0.0,0.0,0.0,0.0,0.0,0.0,0.0,0.0,0.0,0.0,0.0,0.0,0.0,0.0,0.0,0.0,0.0,0.0,0.0,0.0,0.0,0.0,0.0,0.0,0.0,0.0,0.0,0.0,0.0,0.0,0.0,0.0,0.0,0.0,0.0,0.0,0.0,0.0,0.0,0.0,0.0,0.0,0.0,0.0,0.0,0.0,0.0,0.0,0.0,0.0,0.0,0.0,0.0,0.0,0.0,0.0,0.0,0.0,0.0,0.0,0.0,0.0,0.0,0.0,0.0,0.0,0.0,0.0,0.0,0.0,0.0,0.0,0.0,0.0,0.0,0.0,0.0,0.0,0.0,0.0,0.0,0.0,0.0,0.0,0.0,0.0,0.0,0.0,0.0,0.0,0.0,0.0,0.0,0.0,0.0,0.0,0.0,0.0,0.0,0.0,0.0,0.0,0.0,0.0,0.0,0.0,0.0,0.0,0.0,0.0,0.0,0.0,0.0,0.0,0.0,0.0,0.0,0.0,0.0,0.0,0.0,0.0,0.0,0.0,0.0,0.0,0.0,0.0,0.0,0.0,0.0,0.0,0.0,0.0,0.0,0.0,0.0,0.0,0.0,0.0,0.0,0.0,0.0,0.0,0.0,0.0,0.0,0.0,0.0,0.0,0.0,0.0,0.0,0.0,0.0,0.0,0.0,0.0,0.0,0.0,0.0,0.0,0.0,0.0,0.0,0.0,0.0,0.0,0.0,0.0,0.0,0.0,0.0,0.0,0.0,0.0,0.0,0.0,0.0,0.0,0.0,0.0,0.0,0.0,0.0,0.0,0.0,0.0,0.0,0.0,0.0,0.0,0.0,0.0,0.0,0.0,0.0,0.0,0.0,0.0,0.0,0.0,0.0,0.0,0.0,0.0,0.0,0.0,0.0,0.0,0.0,0.0,0.0,0.0,0.0,0.0,0.0,0.0,0.0,0.0,0.0,0.0,0.0,0.0,0.0,0.0,0.0,0.0,0.0,0.0,0.0,0.0,0.0,0.0,0.0,0.0,0.0,0.0,0.0,0.0,0.0,0.0,0.0,0.0,0.0,0.0,0.0,0.0,0.0,0.0,0.0,0.0,0.0,0.0,0.0,0.0,0.0,0.0,0.0,0.0,0.0,0.0,0.0,0.0,0.0,0.0,0.0,0.0,0.0,0.0,0.0,0.0,0.0,0.0,0.0,0.0,0.0,0.0,0.0,0.0,0.0,0.0,0.0,0.0,0.0,0.0,0.0,0.0,0.0,0.0,0.0,0.0,0.0,0.0,0.0,0.0,0.0,0.0,0.0,0.0,0.0,0.0,0.0,0.0,0.0,0.0,0.0,0.0,0.0,0.0,0.0,0.0,0.0,0.0,0.0,0.0,0.0,0.0,0.0,0.0,0.0,0.0,0.0,0.0,0.0,0.0,0.0,0.0,0.0,0.0,0.0,0.0,0.0,0.0,0.0,0.0,0.0,0.0,0.0,0.0,0.0,0.0,0.0,0.0,0.0,0.0,0.0,0.0,0.0,0.0,0.0,0.0,0.0,0.0,0.0,0.0,0.0,0.0,0.0,0.0,0.0,0.0,0.0,0.0,0.0,0.0,0.0,0.0,0.0,0.0,0.0,0.0,0.0,0.0,0.0,0.0,0.0,0.0,0.0,0.0,0.0,0.0,0.0,0.0,0.0,0.0,0.0,0.0,0.0,0.0,0.0,0.0,0.0,0.0,0.0,0.0,0.0,0.0,0.0,0.0,0.0,0.0,0.0,0.0,0.0,0.0,0.0,0.0,0.0,0.0,0.0,0.0,0.0,0.0,0.0,0.0,0.0,0.0,0.0,0.0,0.0,0.0,0.0,0.0,0.0,0.0,0.0,0.0,0.0,0.0,0.0,0.0,0.0,0.0,0.0,0.0,0.0,0.0,0.0,0.0,0.0,0.0,0.0,0.0,0.0,0.0,0.0,0.0,0.0,0.0,0.0,0.0,0.0,0.0,0.0,0.0,0.0,0.0,0.0,0.0,0.0,0.0,0.0,0.0,0.0,0.0,0.0,0.0,0.0,0.0,0.0,0.0,0.0,0.0,0.0,0.0,0.0,0.0,0.0,0.0,0.0,0.0,0.0,0.0,0.0,0.0,0.0,0.0,0.0,0.0,0.0,0.0,0.0,0.0,0.0,0.0,0.0,0.0,0.0,0.0,0.0,0.0,0.0,0.0,0.0,0.0,0.0,0.0,0.0,0.0,0.0,0.0,0.0,0.0,0.0,0.0,0.0,0.0,0.0,0.0,0.0,0.0,0.0,0.0,0.0,0.0,0.0,0.0,0.0,0.0,0.0,0.0,0.0,0.0,0.0,0.0,0.0,0.0,0.0,0.0,0.0,0.0,0.0,0.0,0.0,0.0,0.0,0.0,0.0,0.0,0.0,0.0,0.0,0.0,0.0,0.0,0.0,0.0,0.0,0.0,0.0,0.0,0.0,0.0,0.0,0.0,0.0,0.0,0.0,0.0,0.0,0.0,0.0,0.0,0.0,0.0,0.0,0.0,0.0,0.0,0.0,0.0,0.0,0.0,0.0,0.0,0.0,0.0,0.0,0.0,0.0,0.0,0.0,0.0,0.0,0.0,0.0,0.0,0.0,0.0,0.0,0.0,0.0,0.0,0.0,0.0,0.0,0.0,0.0,0.0,0.0,0.0,0.0,0.0,0.0,0.0,0.0,0.0,0.0,0.0,0.0,0.0,0.0,0.0,0.0,0.0,0.0,0.0,0.0,0.0,0.0,0.0,0.0,0.0,0.0,0.0,0.0,0.0,0.0,0.0,0.0,0.0,0.0,0.0,0.0,0.0,0.0,0.0,0.0,0.0,0.0,0.0,0.0,0.0,0.0,0.0,0.0,0.0,0.0,0.0,0.0,0.0,0.0,0.0,0.0,0.0,0.0,0.0,0.0,0.0,0.0,0.0,0.0,0.0,0.0,0.0,0.0,0.0,0.0,0.0,0.0,0.0,0.0,0.0,0.0,0.0,0.0,0.0,0.0,0.0,0.0,0.0,0.0,0.0,0.0,0.0,0.0,0.0,0.0,0.0,0.0,0.0,0.0,0.0,0.0,0.0,0.0,0.0,0.0,0.0,0.0,0.0,0.0,0.0,0.0,0.0,0.0,0.0,0.0,0.0,0.0,0.0,0.0,0.0,0.0,0.0,0.0,0.0,0.0,0.0,0.0,0.0,0.0,0.0,0.0,0.0,0.0,0.0,0.0,0.0,0.0,0.0,0.0,0.0,0.0,0.0,0.0,0.0,0.0,0.0,0.0,0.0,0.0,0.0,0.0,0.0,0.0,0.0,0.0,0.0,0.0,0.0,0.0,0.0,0.0,0.0,0.0,0.0,0.0,0.0,0.0,0.0,0.0,0.0,0.0,0.0,0.0,0.0,0.0,0.0,0.0,0.0,0.0,0.0,0.0,0.0,0.0,0.0,0.0,0.0,0.0,0.0,0.0,0.0,0.0,0.0,0.0,0.0,0.0,0.0,0.0,0.0,0.0,0.0,0.0,0.0,0.0,0.0,0.0,0.0,0.0,0.0,0.0,0.0,0.0,0.0,0.0,0.0,0.0,0.0,0.0,0.0,0.0,0.0,0.0,0.0,0.0,0.0,0.0,0.0,0.0,0.0,0.0,0.0,0.0,0.0,0.0,0.0,0.0,0.0,0.0,0.0,0.0,0.0,0.0,0.0,0.0,0.0,0.0,0.0,0.0,0.0,0.0,0.0,0.0,0.0,0.0,0.0,0.0,0.0,0.0,0.0,0.0,0.0,0.0,0.0,0.0,0.0,0.0,0.0,0.0,0.0,0.0,0.0,0.0,0.0,0.0,0.0,0.0,0.0,0.0,0.0,0.0,0.0,0.0,0.0,0.0,0.0,0.0,0.0,0.0,0.0,0.0,0.0,0.0,0.0,0.0,0.0,0.0,0.0,0.0,0.0,0.0,0.0,0.0,0.0,0.0,0.0,0.0,0.0,0.0,0.0,0.0,0.0,0.0,0.0,0.0,0.0,0.0,0.0,0.0,0.0,0.0,0.0,0.0,0.0,0.0,0.0,0.0,0.0,0.0,0.0,0.0,0.0,0.0,0.0,0.0,0.0,0.0,0.0,0.0,0.0,0.0,0.0,0.0,0.0,0.0,0.0,0.0,0.0,0.0,0.0,0.0,0.0,0.0,0.0,0.0,0.0,0.0,0.0,0.0,0.0,0.0,0.0,0.0,0.0,0.0,0.0,0.0,0.0,0.0,0.0,0.0,0.0,0.0,0.0,0.0,0.0,0.0,0.0,0.0,0.0,0.0,0.0,0.0,0.0,0.0,0.0,0.0,0.0,0.0,0.0,0.0,0.0,0.0,0.0,0.0,0.0,0.0,0.0,0.0,0.0,0.0,0.0,0.0,0.0,0.0,0.0,0.0,0.0,0.0,0.0,0.0,0.0,0.0,0.0,0.0,0.0,0.0,0.0,0.0,0.0,0.0,0.0,0.0,0.0,0.0,0.0,0.0,0.0,0.0,0.0,0.0,0.0,0.0,0.0,0.0,0.0,0.0,0.0,0.0,0.0,0.0,0.0,0.0,0.0,0.0,0.0,0.0,0.0,0.0,0.0,0.0,0.0,0.0,0.0,0.0,0.0,0.0,0.0,0.0,0.0,0.0,0.0,0.0,0.0,0.0,0.0,0.0,0.0,0.0,0.0,0.0,0.0,0.0,0.0,0.0,0.0,0.0,0.0,0.0,0.0,0.0,0.0,0.0,0.0,0.0,0.0,0.0,0.0,0.0,0.0,0.0,0.0,0.0,0.0,0.0,0.0,0.0,0.0,0.0,0.0,0.0,0.0,0.0,0.0,0.0,0.0,0.0,0.0,0.0,0.0,0.0,0.0,0.0,0.0,0.0,0.0,0.0,0.0,0.0,0.0,0.0,0.0,0.0,0.0,0.0,0.0,0.0,0.0,0.0,0.0,0.0,0.0,0.0,0.0,0.0,0.0,0.0,0.0,0.0,0.0,0.0,0.0,0.0,0.0,0.0,0.0,0.0,0.0,0.0,0.0,0.0,0.0,0.0,0.0,0.0,0.0,0.0,0.0,0.0,0.0,0.0,0.0,0.0,0.0,0.0,0.0,0.0,0.0,0.0,0.0,0.0,0.0,0.0,0.0,0.0,0.0,0.0,0.0,0.0,0.0,0.0,0.0,0.0,0.0,0.0,0.0,0.0,0.0,0.0,0.0,0.0,0.0,0.0,0.0,0.0,0.0,0.0,0.0,0.0,0.0,0.0,0.0,0.0,0.0,0.0,0.0,0.0,0.0,0.0,0.0,0.0,0.0,0.0,0.0,0.0,0.0,0.0,0.0,0.0,0.0,0.0,0.0,0.0,0.0,0.0,0.0,0.0,0.0,0.0,0.0,0.0,0.0,0.0,0.0,0.0,0.0,0.0,0.0,0.0,0.0,0.0,0.0,0.0,0.0,0.0,0.0,0.0,0.0,0.0,0.0,0.0,0.0,0.0,0.0,0.0,0.0,0.0,0.0,0.0,0.0,0.0,0.0,0.0,0.0,0.0,0.0,0.0,0.0,0.0,0.0,0.0,0.0,0.0,0.0,0.0,0.0,0.0,0.0,0.0,0.0,0.0,0.0,0.0,0.0,0.0,0.0,0.0,0.0,0.0,0.0,0.0,0.0,0.0,0.0,0.0,0.0,0.0,0.0,0.0,0.0,0.0,0.0,0.0,0.0,0.0,0.0,0.0,0.0,0.0,0.0,0.0,0.0,0.0,0.0,0.0,0.0,0.0,0.0,0.0,0.0,0.0,0.0,0.0,0.0,0.0,0.0,0.0,0.0,0.0,0.0,0.0,0.0,0.0,0.0,0.0,0.0,0.0,0.0,0.0,0.0,0.0,0.0,0.0,0.0,0.0,0.0,0.0,0.0,0.0,0.0,0.0,0.0,0.0,0.0,0.0,0.0,0.0,0.0,0.0,0.0,0.0,0.0,0.0,0.0,0.0,0.0,0.0,0.0,0.0,0.0,0.0,0.0,0.0,0.0,0.0,0.0,0.0,0.0,0.0,0.0,0.0,0.0,0.0,0.0,0.0,0.0,0.0,0.0,0.0,0.0,0.0,0.0,0.0,0.0,0.0,0.0,0.0,0.0,0.0,0.0,0.0,0.0,0.0,0.0,0.0,0.0,0.0,0.0,0.0,0.0,0.0,0.0,0.0,0.0,0.0,0.0,0.0,0.0,0.0,0.0,0.0,0.0,0.0,0.0,0.0,0.0,0.0,0.0,0.0,0.0,0.0,0.0,0.0,0.0,0.0,0.0,0.0,0.0,0.0,0.0,0.0,0.0,0.0,0.0,0.0,0.0,0.0,0.0,0.0,0.0,0.0,0.0,0.0,0.0,0.0,0.0,0.0,0.0,0.0,0.0,0.0,0.0,0.0,0.0,0.0,0.0,0.0,0.0,0.0,0.0,0.0,0.0,0.0,0.0,0.0,0.0,0.0,0.0,0.0,0.0,0.0,0.0,0.0,0.0,0.0,0.0,0.0,0.0,0.0,0.0,0.0,0.0,0.0,0.0,0.0,0.0,0.0,0.0,0.0,0.0,0.0,0.0,0.0,0.0,0.0,0.0,0.0,0.0,0.0,0.0,0.0,0.0,0.0,0.0,0.0,0.0,0.0,0.0,0.0,0.0,0.0,0.0,0.0,0.0,0.0,0.0,0.0,0.0,0.0,0.0,0.0,0.0,0.0,0.0,0.0,0.0,0.0,0.0,0.0,0.0,0.0,0.0,0.0,0.0,0.0,0.0,0.0
Tax57,0.0,-1.2549318,-0.98915684,-0.677095,-0.33599454,0.03116661,0.40489244,0.7896419,1.1834648,1.5855865,1.9956588,2.4141207,2.8406549,3.2764292,3.723576,4.1804466,4.585289,5.0168524,5.456851,5.8859572,6.281864,6.697844,7.0771165,7.5982213,8.019916,8.387881,8.961763,9.555355,9.966258,10.578768,11.132708,11.735728,12.714554,13.112006,13.555834,14.239081,15.089343,15.76054,16.149626,16.559698,17.344398,18.0537,19.107548,20.165077,20.419811,21.327543,22.350973,22.607687,23.3321,24.192474,24.718513,25.265266,26.502728,27.097712,28.044893,28.167637,28.108803,28.657158,28.298477,28.246065,27.781004,27.78826,27.779137,27.638426,28.590897,29.778711,15.765594,16.704391,34.15254,35.521675,37.133144,38.36622,39.06579,20.653074,41.695698,22.339466,23.344715,24.360567,25.315645,26.421343,27.44175,28.61375,29.314768,30.763489,32.117607,33.834015,65.651405,68.10007,71.67152,74.82668,78.2636,82.447586,85.10241,87.960686,88.965416,89.2548,90.452965,93.800415,95.53983,97.61021,100.29521,101.04363,103.92982,106.65523,109.467064,111.83912,113.57427,116.31948,119.043816,121.223595,124.49013,127.65946,129.73016,130.81015,130.91553,65.997154,67.08747,68.88902,69.76403,69.575966,69.52158,68.9516,68.182884,67.060104,66.43855,65.83925,64.1916,60.89511,58.344612,55.966312,53.489162,51.103413,48.871037,46.787766,43.623013,40.103374,36.96884,33.301235,29.365028,25.430254,20.974201,16.568228,12.63964,9.613673,7.0461044,5.3793163,3.426946,0.73133653,-1.8507265,-4.168471,-5.785006,-5.79932,-2.9735754,0.46607268,3.226589,5.9935284,8.569233,10.494125,11.844643,12.226776,12.6404915,12.582831,11.478341,10.430949,9.938115,9.233546,9.284679,10.305353,10.061204,10.278161,11.035563,11.818437,11.990916,11.38815,13.774835,15.116545,14.055543,13.24515,13.571285,15.295057,15.831981,14.703622,10.195257,5.2256923,1.8605267,-0.67137927,-3.1341758,-5.191117,-6.46709,-7.8896484,-9.059229,-10.120094,-10.711427,-11.019018,-11.353187,-11.54426,-11.819601,-12.044439,-11.957295,-11.888166,-11.882975,-11.704721,-11.381664,-11.09993,-10.991953,-10.925501,-10.803028,-10.499821,-10.229075,-9.786992,-9.314327,-8.784665,-8.279613,-7.794875,-7.426851,-7.0720925,-6.684534,-6.351718,-5.982714,-5.6294255,-5.336889,-4.942927,-4.6309376,-4.4181786,-4.1396065,-3.832584,-3.605014,-3.340804,-3.1597152,-2.8794882,-2.5782855,-2.3769236,-2.254041,-1.9971759,-1.919699,-1.761778,-1.698261,-1.6136243,-1.5489872,-1.4357316,-1.326361,-1.2602861,-1.1821629,-1.0756426,-1.0234805,-0.9462024,-0.8749441,-0.81517667,-0.72837853,-0.6645457,-0.59495103,-0.5539215,-0.5137951,-0.4652558,-0.4388817,-0.4067885,-0.35591936,-0.32828513,-0.29290164,-0.26818278,-0.25678518,-0.2454512,-0.22272547,-0.18264201,-0.16291903,-0.15131903,-0.13405001,-0.12540755,-0.096574284,-0.08713023,-0.085938804,-0.076464266,-0.07543929,-0.074419074,-0.066740856,-0.0658287,-0.064868346,-0.058150265,-0.045187976,-0.04453927,-0.037982736,-0.037461594,-0.036892977,-0.0363333,-0.03576266,-0.031140579,-0.030591786,-0.025914472,-0.02547444,-0.025022045,-0.024635773,-0.024289917,-0.023987345,-0.023666676,-0.02319874,-0.022539625,-0.021683445,-0.020540643,-0.019121924,-0.017552447,-0.016108422,-0.014842821,-0.01314308,-0.01124281,-0.009235591,-0.0071284315,-0.0047778273,-0.0023552082,0.00032803137,0.002727635,0.005455967,0.008770111,0.012294903,0.016220843,0.007284505,0.009069985,0.011312667,0.01400613,0.017275762,0.020643119,0.025060251,0.03233803,0.04458911,0.060270455,0.07753697,0.08920527,0.09949116,0.11138174,0.12574537,0.14101495,0.16144072,0.18563722,0.21104053,0.24996082,0.29183584,0.3441269,0.40926236,0.48917568,0.9526006,1.2085311,1.5153862,1.8955112,2.3601239,2.8669918,3.4748435,3.9521728,4.5550528,5.1230493,5.232057,5.4679,5.33944,4.4122977,2.777565,1.4284219,0.59817827,0.14480393,-0.0628251,-0.12630524,-0.1302515,-0.12241851,-0.096354716,-0.08612443,-0.06808882,-0.040986992,-0.019414833,-0.0019419752,-0.2833717,-0.23355852,-0.17924377,-0.122906625,-0.06605343,-0.009394852,0.046705194,0.10214458,0.15686177,0.21088253,0.26427323,0.3169401,0.36911133,0.4208605,0.47238138,0.52354634,0.5740789,0.6234614,0.670998,0.7173281,0.76170766,0.80519927,0.84756356,0.8828311,0.94060034,1.004646,1.0359027,1.0367053,1.1509286,1.2176929,1.2237918,1.2794836,1.2968358,1.3693124,1.4369905,1.5199583,1.4503846,1.4900453,1.599155,1.6833903,1.7216197,1.7700659,1.9110594,1.9913868,2.056468,2.1597354,2.2207572,2.2426934,2.2491453,2.3601296,2.3637207,2.4464476,2.5003235,2.6198785,2.7307036,2.676892,2.6607342,2.6540253,2.5485103,2.492823,2.51261,2.4708915,2.4361708,2.5402675,2.6879325,1.205782,1.3358786,3.120722,3.2643514,3.4384644,3.53255,3.5759933,1.6805354,3.8324888,1.8385503,1.9084183,2.0780244,2.0798564,2.2106457,2.3584185,2.4865274,2.5157528,2.684007,2.8638816,3.0254881,6.300178,6.5549927,6.7284026,7.072491,7.407136,7.61692,7.9419956,8.095791,8.163871,8.164814,8.362428,8.778506,8.879318,8.995584,9.217588,9.424235,9.71593,9.954849,10.341659,10.573291,10.895285,11.2460375,11.827606,12.311754,12.738787,13.492161,13.491091,13.940068,14.283425,6.979228,7.189398,7.540064,7.849937,8.0180025,8.108394,8.350513,8.398183,8.553457,8.499719,8.6172,8.732537,8.460185,8.12916,8.001854,7.6786094,7.4719744,7.286148,7.096927,6.772739,6.3287296,5.8826556,5.364244,4.886555,4.203583,3.5377991,2.817743,2.2278461,1.8561058,1.5369271,1.3113351,1.0644141,0.66578126,0.27319896,-0.11063788,-0.3766917,-0.40588313,0.025558047,0.58158535,1.0528016,1.5270404,1.9643888,2.3611968,2.640125,2.7660139,2.9135313,2.9608026,2.8324006,2.6520545,2.5636473,2.427626,2.4531677,2.6098125,2.5532036,2.5920734,2.6978714,2.8608782,2.8931894,2.7757423,3.188702,3.4968576,3.3629506,3.2700431,3.374111,3.706897,3.9147928,3.8421693,3.0501406,2.1154919,1.4323051,0.9129289,0.378724,-0.061937116,-0.35782254,-0.6910342,-0.9778379,-1.2152882,-1.3974543,-1.5173246,-1.5724677,-1.6276729,-1.6920053,-1.7041827,-1.7014189,-1.6794333,-1.674352,-1.6935129,-1.6541605,-1.6345325,-1.6806632,-1.6937093,-1.6593324,-1.6196051,-1.5449234,-1.526479,-1.4450974,-1.3958443,-1.3074616,-1.2138195,-1.1817245,-1.1323738,-1.0755275,-1.0226636,-0.9532972,-0.9453456,-0.90167284,-0.82270014,-0.78672326,-0.737454,-0.6765903,-0.5962669,-0.5625679,-0.5472703,-0.5099305,-0.46325663,-0.42699164,-0.38417602,-0.34573734,-0.3313018,-0.3056984,-0.28088593,-0.24131311,-0.22791281,-0.225016,-0.19675443,-0.19419527,-0.18431537,-0.18209456,-0.17115551,-0.15839393,-0.15631163,-0.15433335,-0.15235764,-0.13803634,-0.13624005,-0.12776381,-0.10937149,-0.107984744,-0.10654363,-0.10508955,-0.08601154,-0.08503129,-0.07559725,-0.07472787,-0.06584109,-0.06514438,-0.05745764,-0.056608535,-0.045587253,-0.044983976,-0.044331327,-0.029098544,-0.028752388,-0.022329757,-0.022054315,-0.021751903,-0.021427542,-0.02113999,-0.020853605,-0.020569578,-0.020287666,-0.015020506,-0.01479232,-0.0068225935,-0.006723884,-0.00662769,-0.006536452,-0.006435902,0.0,0.0,0.0,0.0,0.0,0.0,0.0,0.0,0.0,0.0,0.0,0.0,0.0,0.0,0.0,0.0,0.0,0.0,0.0,0.0,0.0,0.0,0.0,0.0,0.0,0.0,0.0,0.0,0.0,0.0,0.0,0.0,0.0,0.0,0.0,0.0,0.0,0.0,0.0,0.0,0.0,0.0,0.0,0.0,0.0,0.0,0.0,0.0,0.0,0.0,0.0,0.0,0.0,0.0,0.0,0.0,0.0,0.0,0.0,0.0,0.0,0.0,0.0,0.0,0.0,0.0,0.0,0.0,0.0,0.0,0.0,0.0,0.0,0.0,0.0,0.0,0.0,0.0,0.0,0.0,0.0,0.0,0.0,0.0,0.0,0.0,0.0,0.0,0.0,0.0,0.0,0.0,0.0,0.0,0.0,0.0,0.0,0.0,0.0,0.0,0.0,0.0,0.0,0.0,0.0,0.0,0.0,0.0,0.0,0.0,0.0,0.0,0.0,0.0,0.0,0.0,0.0,0.0,0.0,0.0,0.0,0.0,0.0,0.0,0.0,0.0,0.0,0.0,0.0,0.0,0.0,0.0,0.0,0.0,0.0,0.0,0.0,0.0,0.0,0.0,0.0,0.0,0.0,0.0,0.0,0.0,0.0,0.0,0.0,0.0,0.0,0.0,0.0,0.0,0.0,0.0,0.0,0.0,0.0,0.0,0.0,0.0,0.0,0.0,0.0,0.0,0.0,0.0,0.0,0.0,0.0,0.0,0.0,0.0,0.0,0.0,0.0,0.0,0.0,0.0,0.0,0.0,0.0,0.0,0.0,0.0,0.0,0.0,0.0,0.0,0.0,0.0,0.0,0.0,0.0,0.0,0.0,0.0,0.0,0.0,0.0,0.0,0.0,0.0,0.0,0.0,0.0,0.0,0.0,0.0,0.0,0.0,0.0,0.0,0.0,0.0,0.0,0.0,0.0,0.0,0.0,0.0,0.0,0.0,0.0,0.0,0.0,0.0,0.0,0.0,0.0,0.0,0.0,0.0,0.0,0.0,0.0,0.0,0.0,0.0,0.0,0.0,0.0,0.0,0.0,0.0,0.0,0.0,0.0,0.0,0.0,0.0,0.0,0.0,0.0,0.0,0.0,0.0,0.0,0.0,0.0,0.0,0.0,0.0,0.0,0.0,0.0,0.0,0.0,0.0,0.0,0.0,0.0,0.0,0.0,0.0,0.0,0.0,0.0,0.0,0.0,0.0,0.0,0.0,0.0,0.0,0.0,0.0,0.0,0.0,0.0,0.0,0.0,0.0,0.0,0.0,0.0,0.0,0.0,0.0,0.0,0.0,0.0,0.0,0.0,0.0,0.0,0.0,0.0,0.0,0.0,0.0,0.0,0.0,0.0,0.0,0.0,0.0,0.0,0.0,0.0,0.0,0.0,0.0,0.0,0.0,0.0,0.0,0.0,0.0,0.0,0.0,0.0,0.0,0.0,0.0,0.0,0.0,0.0,0.0,0.0,0.0,0.0,0.0,0.0,0.0,0.0,0.0,0.0,0.0,0.0,0.0,0.0,0.0,0.0,0.0,0.0,0.0,0.0,0.0,0.0,0.0,0.0,0.0,0.0,0.0,0.0,0.0,0.0,0.0,0.0,0.0,0.0,0.0,0.0,0.0,0.0,0.0,0.0,0.0,0.0,0.0,0.0,0.0,0.0,0.0,0.0,0.0,0.0,0.0,0.0,0.0,0.0,0.0,0.0,0.0,0.0,0.0,0.0,0.0,0.0,0.0,0.0,0.0,0.0,0.0,0.0,0.0,0.0,0.0,0.0,0.0,0.0,0.0,0.0,0.0,0.0,0.0,0.0,0.0,0.0,0.0,0.0,0.0,0.0,0.0,0.0,0.0,0.0,0.0,0.0,0.0,0.0,0.0,0.0,0.0,0.0,0.0,0.0,0.0,0.0,0.0,0.0,0.0,0.0,0.0,0.0,0.0,0.0,0.0,0.0,0.0,0.0,0.0,0.0,0.0,0.0,0.0,0.0,0.0,0.0,0.0,0.0,0.0,0.0,0.0,0.0,0.0,0.0,0.0,0.0,0.0,0.0,0.0,0.0,0.0,0.0,0.0,0.0,0.0,0.0,0.0,0.0,0.0,0.0,0.0,0.0,0.0,0.0,0.0,0.0,0.0,0.0,0.0,0.0,0.0,0.0,0.0,0.0,0.0,0.0,0.0,0.0,0.0,0.0,0.0,0.0,0.0,0.0,0.0,0.0,0.0,0.0,0.0,0.0,0.0,0.0,0.0,0.0,0.0,0.0,0.0,0.0,0.0,0.0,0.0,0.0,0.0,0.0,0.0,0.0,0.0,0.0,0.0,0.0,0.0,0.0,0.0,0.0,0.0,0.0,0.0,0.0,0.0,0.0,0.0,0.0,0.0,0.0,0.0,0.0,0.0,0.0,0.0,0.0,0.0,0.0,0.0,0.0,0.0,0.0,0.0,0.0,0.0,0.0,0.0,0.0,0.0,0.0,0.0,0.0,0.0,0.0,0.0,0.0,0.0,0.0,0.0,0.0,0.0,0.0,0.0,0.0,0.0,0.0,0.0,0.0,0.0,0.0,0.0,0.0,0.0,0.0,0.0,0.0,0.0,0.0,0.0,0.0,0.0,0.0,0.0,0.0,0.0,0.0,0.0,0.0,0.0,0.0,0.0,0.0,0.0,0.0,0.0,0.0,0.0,0.0,0.0,0.0,0.0,0.0,0.0,0.0,0.0,0.0,0.0,0.0,0.0,0.0,0.0,0.0,0.0,0.0,0.0,0.0,0.0,0.0,0.0,0.0,0.0,0.0,0.0,0.0,0.0,0.0,0.0,0.0,0.0,0.0,0.0,0.0,0.0,0.0,0.0,0.0,0.0,0.0,0.0,0.0,0.0,0.0,0.0,0.0,0.0,0.0,0.0,0.0,0.0,0.0,0.0,0.0,0.0,0.0,0.0,0.0,0.0,0.0,0.0,0.0,0.0,0.0,0.0,0.0,0.0,0.0,0.0,0.0,0.0,0.0,0.0,0.0,0.0,0.0,0.0,0.0,0.0,0.0,0.0,0.0,0.0,0.0,0.0,0.0,0.0,0.0,0.0,0.0,0.0,0.0,0.0,0.0,0.0,0.0,0.0,0.0,0.0,0.0,0.0,0.0,0.0,0.0,0.0,0.0,0.0,0.0,0.0,0.0,0.0,0.0,0.0,0.0,0.0,0.0,0.0,0.0,0.0,0.0,0.0,0.0,0.0,0.0,0.0,0.0,0.0,0.0,0.0,0.0,0.0,0.0,0.0,0.0,0.0,0.0,0.0,0.0,0.0,0.0,0.0,0.0,0.0,0.0,0.0,0.0,0.0,0.0,0.0,0.0,0.0,0.0,0.0,0.0,0.0,0.0,0.0,0.0,0.0,0.0,0.0,0.0,0.0,0.0,0.0,0.0,0.0,0.0,0.0,0.0,0.0,0.0,0.0,0.0,0.0,0.0,0.0,0.0,0.0,0.0,0.0,0.0,0.0,0.0,0.0,0.0,0.0,0.0,0.0,0.0,0.0,0.0,0.0,0.0,0.0,0.0,0.0,0.0,0.0,0.0,0.0,0.0,0.0,0.0,0.0,0.0,0.0,0.0,0.0,0.0,0.0,0.0,0.0,0.0,0.0,0.0,0.0,0.0,0.0,0.0,0.0,0.0,0.0,0.0,0.0,0.0,0.0,0.0,0.0,0.0,0.0,0.0,0.0,0.0,0.0,0.0,0.0,0.0,0.0,0.0,0.0,0.0,0.0,0.0,0.0,0.0,0.0,0.0,0.0,0.0,0.0,0.0,0.0,0.0,0.0,0.0,0.0,0.0,0.0,0.0,0.0,0.0,0.0,0.0,0.0,0.0,0.0,0.0,0.0,0.0,0.0,0.0,0.0,0.0,0.0,0.0,0.0,0.0,0.0,0.0,0.0,0.0,0.0,0.0,0.0,0.0,0.0,0.0,0.0,0.0,0.0,0.0,0.0,0.0,0.0,0.0,0.0,0.0,0.0,0.0,0.0,0.0,0.0,0.0,0.0,0.0,0.0,0.0,0.0,0.0,0.0,0.0,0.0,0.0,0.0,0.0,0.0,0.0,0.0,0.0,0.0,0.0,0.0,0.0,0.0,0.0,0.0,0.0,0.0,0.0,0.0,0.0,0.0,0.0,0.0,0.0,0.0,0.0,0.0,0.0,0.0,0.0,0.0,0.0,0.0,0.0,0.0,0.0,0.0,0.0,0.0,0.0,0.0,0.0,0.0,0.0,0.0,0.0,0.0,0.0,0.0,0.0,0.0,0.0,0.0,0.0,0.0,0.0,0.0,0.0,0.0,0.0,0.0,0.0,0.0,0.0,0.0,0.0,0.0,0.0,0.0,0.0,0.0,0.0,0.0,0.0,0.0,0.0,0.0,0.0,0.0,0.0,0.0,0.0,0.0,0.0,0.0,0.0,0.0,0.0,0.0,0.0,0.0,0.0,0.0,0.0,0.0,0.0,0.0,0.0,0.0,0.0,0.0,0.0,0.0,0.0,0.0,0.0,0.0,0.0,0.0,0.0,0.0,0.0,0.0,0.0,0.0,0.0,0.0,0.0,0.0,0.0,0.0,0.0,0.0,0.0,0.0,0.0,0.0,0.0,0.0,0.0,0.0,0.0,0.0,0.0,0.0,0.0,0.0,0.0,0.0,0.0,0.0,0.0,0.0,0.0,0.0,0.0,0.0,0.0,0.0,0.0,0.0,0.0,0.0,0.0,0.0,0.0,0.0,0.0,0.0,0.0,0.0,0.0,0.0,0.0,0.0,0.0,0.0,0.0,0.0,0.0,0.0,0.0,0.0,0.0,0.0,0.0,0.0,0.0,0.0,0.0,0.0,0.0,0.0,0.0,0.0,0.0,0.0,0.0,0.0,0.0,0.0,0.0,0.0,0.0,0.0,0.0,0.0,0.0,0.0,0.0,0.0,0.0,0.0,0.0,0.0,0.0,0.0,0.0,0.0,0.0,0.0,0.0,0.0,0.0,0.0,0.0,0.0,0.0,0.0,0.0,0.0,0.0,0.0,0.0,0.0,0.0,0.0,0.0,0.0,0.0,0.0,0.0,0.0,0.0,0.0,0.0,0.0,0.0,0.0,0.0,0.0,0.0,0.0,0.0,0.0,0.0,0.0,0.0,0.0,0.0,0.0,0.0,0.0,0.0,0.0,0.0,0.0,0.0,0.0,0.0,0.0,0.0,0.0,0.0,0.0,0.0,0.0,0.0,0.0,0.0,0.0,0.0,0.0,0.0,0.0,0.0,0.0,0.0,0.0,0.0,0.0,0.0,0.0,0.0,0.0,0.0,0.0,0.0,0.0,0.0,0.0,0.0,0.0,0.0,0.0,0.0,0.0,0.0,0.0,0.0,0.0,0.0,0.0,0.0,0.0,0.0,0.0,0.0,0.0,0.0,0.0,0.0,0.0,0.0,0.0,0.0,0.0,0.0,0.0,0.0,0.0,0.0,0.0,0.0,0.0,0.0,0.0,0.0,0.0,0.0,0.0,0.0,0.0,0.0,0.0,0.0,0.0,0.0,0.0,0.0,0.0,0.0,0.0,0.0,0.0,0.0,0.0,0.0,0.0,0.0,0.0,0.0,0.0,0.0,0.0,0.0,0.0,0.0,0.0,0.0,0.0,0.0,0.0,0.0,0.0,0.0,0.0,0.0,0.0,0.0,0.0,0.0,0.0,0.0,0.0,0.0,0.0,0.0,0.0,0.0,0.0,0.0,0.0,0.0,0.0,0.0,0.0,0.0,0.0,0.0,0.0,0.0,0.0,0.0,0.0,0.0,0.0,0.0,0.0,0.0,0.0,0.0,0.0,0.0,0.0,0.0,0.0,0.0,0.0,0.0,0.0,0.0,0.0,0.0,0.0,0.0,0.0,0.0,0.0,0.0,0.0,0.0,0.0,0.0,0.0,0.0,0.0,0.0,0.0,0.0,0.0,0.0,0.0,0.0,0.0,0.0,0.0,0.0,0.0,0.0,0.0,0.0,0.0,0.0,0.0,0.0,0.0,0.0,0.0,0.0,0.0,0.0,0.0,0.0,0.0,0.0,0.0,0.0,0.0,0.0,0.0,0.0,0.0,0.0,0.0,0.0,0.0,0.0,0.0,0.0,0.0,0.0,0.0,0.0,0.0,0.0,0.0,0.0,0.0,0.0,0.0,0.0,0.0,0.0,0.0,0.0,0.0,0.0,0.0,0.0,0.0,0.0,0.0,0.0,0.0,0.0,0.0,0.0,0.0,0.0,0.0,0.0,0.0,0.0,0.0,0.0,0.0,0.0,0.0,0.0,0.0,0.0,0.0,0.0,0.0,0.0,0.0,0.0,0.0,0.0,0.0,0.0,0.0,0.0,0.0,0.0,0.0,0.0,0.0,0.0,0.0,0.0,0.0,0.0,0.0,0.0,0.0,0.0,0.0,0.0,0.0,0.0,0.0,0.0,0.0,0.0,0.0,0.0,0.0,0.0,0.0,0.0,0.0,0.0,0.0,0.0,0.0,0.0,0.0,0.0,0.0,0.0,0.0,0.0,0.0,0.0,0.0,0.0,0.0,0.0,0.0,0.0,0.0,0.0,0.0,0.0,0.0,0.0,0.0,0.0,0.0,0.0,0.0,0.0,0.0,0.0,0.0,0.0,0.0,0.0,0.0,0.0,0.0,0.0,0.0,0.0,0.0,0.0,0.0,0.0,0.0,0.0,0.0,0.0,0.0,0.0,0.0,0.0,0.0,0.0,0.0,0.0,0.0,0.0,0.0,0.0,0.0,0.0,0.0,0.0,0.0,0.0,0.0,0.0,0.0,0.0,0.0,0.0,0.0,0.0,0.0,0.0,0.0,0.0,0.0,0.0,0.0,0.0,0.0,0.0,0.0,0.0,0.0,0.0,0.0,0.0,0.0,0.0,0.0,0.0,0.0,0.0,0.0,0.0,0.0,0.0,0.0,0.0,0.0,0.0,0.0,0.0,0.0,0.0,0.0,0.0,0.0,0.0,0.0,0.0,0.0,0.0,0.0,0.0,0.0,0.0,0.0,0.0,0.0,0.0,0.0,0.0,0.0,0.0,0.0,0.0,0.0,0.0,0.0,0.0,0.0,0.0,0.0,0.0,0.0,0.0,0.0,0.0,0.0,0.0,0.0,0.0,0.0,0.0,0.0,0.0,0.0,0.0,0.0,0.0,0.0,0.0,0.0,0.0,0.0,0.0,0.0,0.0,0.0,0.0,0.0,0.0,0.0,0.0,0.0,0.0,0.0,0.0,0.0,0.0,0.0,0.0,0.0,0.0,0.0,0.0,0.0,0.0,0.0,0.0,0.0,0.0,0.0,0.0,0.0,0.0,0.0,0.0,0.0,0.0,0.0,0.0,0.0,0.0,0.0,0.0,0.0,0.0,0.0,0.0,0.0,0.0,0.0,0.0,0.0,0.0,0.0,0.0,0.0,0.0,0.0,0.0,0.0,0.0,0.0,0.0,0.0,0.0,0.0,0.0,0.0,0.0,0.0,0.0,0.0,0.0,0.0,0.0,0.0,0.0,0.0,0.0,0.0,0.0,0.0,0.0,0.0,0.0,0.0,0.0,0.0,0.0,0.0,0.0,0.0,0.0,0.0,0.0,0.0,0.0,0.0,0.0,0.0,0.0,0.0,0.0,0.0,0.0,0.0,0.0,0.0,0.0,0.0,0.0,0.0,0.0,0.0,0.0,0.0,0.0,0.0,0.0,0.0,0.0,0.0,0.0,0.0,0.0,0.0,0.0,0.0,0.0,0.0,0.0,0.0,0.0,0.0,0.0,0.0,0.0,0.0,0.0,0.0,0.0,0.0,0.0,0.0,0.0,0.0,0.0,0.0,0.0,0.0,0.0,0.0,0.0,0.0,0.0,0.0,0.0,0.0,0.0,0.0,0.0,0.0,0.0,0.0,0.0,0.0,0.0,0.0,0.0,0.0,0.0,0.0,0.0,0.0,0.0,0.0,0.0,0.0,0.0,0.0,0.0,0.0,0.0,0.0,0.0,0.0,0.0,0.0,0.0,0.0,0.0,0.0,0.0,0.0,0.0,0.0,0.0,0.0,0.0,0.0,0.0,0.0,0.0,0.0,0.0,0.0,0.0,0.0,0.0,0.0,0.0,0.0,0.0,0.0,0.0,0.0,0.0,0.0,0.0,0.0,0.0,0.0,0.0,0.0,0.0,0.0,0.0,0.0,0.0,0.0,0.0,0.0,0.0,0.0,0.0,0.0,0.0,0.0,0.0,0.0,0.0,0.0,0.0,0.0,0.0,0.0,0.0,0.0,0.0,0.0,0.0,0.0,0.0,0.0,0.0,0.0,0.0,0.0,0.0,0.0,0.0,0.0,0.0,0.0,0.0,0.0,0.0,0.0,0.0,0.0,0.0,0.0,0.0,0.0,0.0,0.0,0.0,0.0,0.0,0.0,0.0,0.0,0.0,0.0,0.0,0.0,0.0,0.0,0.0,0.0,0.0,0.0,0.0,0.0,0.0,0.0,0.0,0.0,0.0,0.0,0.0,0.0,0.0,0.0,0.0,0.0,0.0,0.0,0.0,0.0,0.0,0.0,0.0,0.0,0.0,0.0,0.0,0.0,0.0,0.0,0.0,0.0,0.0,0.0,0.0,0.0,0.0,0.0,0.0,0.0,0.0,0.0,0.0,0.0,0.0,0.0,0.0,0.0,0.0,0.0,0.0,0.0,0.0,0.0,0.0,0.0,0.0,0.0,0.0,0.0,0.0,0.0,0.0,0.0,0.0,0.0,0.0,0.0,0.0,0.0,0.0,0.0,0.0,0.0,0.0,0.0,0.0,0.0,0.0,0.0,0.0,0.0,0.0,0.0,0.0,0.0,0.0,0.0,0.0,0.0,0.0,0.0,0.0,0.0,0.0,0.0,0.0,0.0,0.0,0.0,0.0,0.0,0.0,0.0,0.0,0.0,0.0,0.0,0.0,0.0,0.0,0.0,0.0,0.0,0.0,0.0,0.0,0.0,0.0,0.0,0.0,0.0,0.0,0.0,0.0,0.0,0.0,0.0,0.0,0.0,0.0,0.0,0.0,0.0,0.0,0.0,0.0,0.0,0.0,0.0,0.0,0.0,0.0,0.0,0.0,0.0,0.0,0.0,0.0,0.0,0.0,0.0,0.0,0.0,0.0,0.0,0.0,0.0,0.0,0.0,0.0,0.0,0.0,0.0,0.0,0.0,0.0,0.0,0.0,0.0,0.0,0.0,0.0,0.0,0.0,0.0,0.0,0.0,0.0,0.0,0.0,0.0,0.0,0.0,0.0,0.0,0.0,0.0,0.0,0.0,0.0,0.0,0.0,0.0,0.0,0.0,0.0,0.0,0.0,0.0,0.0,0.0,0.0,0.0,0.0,0.0,0.0,0.0,0.0,0.0,0.0,0.0,0.0,0.0,0.0,0.0,0.0,0.0,0.0,0.0,0.0,0.0,0.0,0.0,0.0,0.0,0.0,0.0,0.0,0.0,0.0,0.0,0.0,0.0,0.0,0.0,0.0,0.0,0.0,0.0,0.0,0.0,0.0,0.0,0.0,0.0,0.0,0.0,0.0,0.0,0.0,0.0,0.0,0.0,0.0,0.0,0.0,0.0,0.0,0.0,0.0,0.0,0.0,0.0,0.0,0.0,0.0,0.0,0.0,0.0,0.0,0.0,0.0,0.0,0.0,0.0,0.0,0.0,0.0,0.0,0.0,0.0,0.0,0.0,0.0,0.0,0.0,0.0,0.0,0.0,0.0,0.0,0.0,0.0,0.0,0.0,0.0,0.0,0.0,0.0,0.0,0.0,0.0,0.0,0.0,0.0,0.0,0.0,0.0,0.0,0.0,0.0,0.0,0.0,0.0,0.0,0.0,0.0,0.0,0.0,0.0,0.0,0.0,0.0,0.0,0.0,0.0,0.0,0.0,0.0,0.0,0.0,0.0,0.0,0.0,0.0,0.0,0.0,0.0,0.0,0.0
Tax58,0.0,-1.6390238,-1.2695796,-0.86137426,-0.43095234,0.0151309585,0.4727748,0.9405634,1.4186914,1.9088237,2.4123511,2.9323227,3.4713345,4.032733,4.6200256,5.2347746,5.807418,6.398768,7.0749273,7.7469754,8.436007,9.02517,9.721065,10.585566,11.081462,12.0038,12.9145565,13.799926,14.089334,15.133062,15.91484,16.718817,18.39641,19.515465,20.597391,21.566967,22.895449,24.126293,25.11101,25.869495,27.26436,28.678423,31.016735,33.565662,34.786648,37.199303,40.17232,41.961887,44.10322,46.647293,47.914177,48.67816,50.918877,52.240414,54.614536,55.962536,57.79951,59.230637,59.66571,58.975937,58.54796,58.877724,59.588154,60.446373,62.868,65.87831,45.65991,48.48287,77.27778,81.55174,85.67131,89.63699,92.19382,63.84136,100.36331,70.284164,73.12994,76.772316,80.45292,84.241844,88.07945,91.714806,94.38327,99.00164,104.55186,110.14828,168.24397,174.01352,182.31535,190.52565,200.1899,210.70207,219.2796,226.82382,230.48163,232.41164,236.43143,242.97502,247.38031,251.32544,253.51297,257.07916,263.13077,268.92746,273.34097,277.58267,282.22443,287.8268,295.441,300.71188,306.85696,311.30545,315.94177,317.5423,315.2525,203.82225,208.2344,212.55469,213.20865,213.72702,213.87411,212.31616,210.23784,207.74738,205.35081,202.40369,197.99583,188.38176,178.93181,173.32259,165.55394,158.8304,153.10724,144.85315,136.70981,126.80807,117.19048,106.39748,96.17608,84.376564,72.499,60.40243,48.950024,40.66741,32.6946,27.464628,21.617163,13.902845,6.488168,-0.41066307,-5.136043,-5.3011637,2.571418,11.978211,19.469519,26.6797,33.554977,38.285587,41.28834,41.737324,42.179836,41.413692,38.439526,34.945545,33.1337,31.02153,30.636549,32.729794,31.792816,32.21939,34.02785,36.021614,36.211735,34.405933,40.905945,44.29424,41.146324,38.93243,39.672253,44.39419,46.115005,43.651432,32.370758,19.80727,11.337401,4.980657,-1.2315817,-6.5339723,-9.796677,-13.644094,-16.895452,-19.79462,-21.409622,-21.968649,-22.941578,-23.371367,-24.128002,-24.412573,-24.060144,-23.574886,-23.379868,-22.886328,-22.037846,-21.376818,-21.08296,-20.920778,-19.79586,-18.933142,-17.99026,-16.897905,-15.901636,-14.776611,-13.705186,-12.519329,-11.533518,-10.7715,-9.894323,-8.976039,-8.189769,-7.597251,-6.974435,-6.2094307,-5.70701,-5.263409,-4.711662,-4.348685,-3.9737875,-3.4816089,-3.2066453,-2.991315,-2.6732101,-2.443794,-2.1775966,-1.9784088,-1.812305,-1.5561752,-1.3766052,-1.2658244,-1.1271284,-0.98883176,-0.96192205,-0.85800856,-0.7960542,-0.72759753,-0.67834485,-0.58575773,-0.5365021,-0.4927467,-0.46970475,-0.41228345,-0.38524908,-0.35285822,-0.28956616,-0.24908055,-0.22245264,-0.18947496,-0.17333683,-0.17071384,-0.15854098,-0.1352865,-0.114984535,-0.11292223,-0.11071484,-0.09340221,-0.08316535,-0.081572965,-0.073701054,-0.058575466,-0.0487043,-0.047902558,-0.02633421,-0.02581636,-0.025357325,-0.024902143,-0.024452938,-0.01688071,-0.016553577,-0.010659482,-0.010443794,-0.010245136,-0.010052461,-0.009870025,-0.009671779,-0.009477951,-0.009281539,-0.009071792,-0.0088615045,-0.008646982,-0.008454867,-0.008258892,-0.0080928495,-0.007945012,-0.007815883,-0.007679259,-0.007481861,-0.007207992,-0.006859008,-0.006403777,-0.0058521284,-0.005255178,-0.0047158767,-0.004250556,-0.0036322493,-0.0029501691,-0.0022376685,-0.0014963809,-0.0006722836,7.205759e-05,0.0004742694,0.0010061398,0.0015874438,0.002295502,0.0030540838,0.0039065797,0.0049019,0.0060337707,0.0074701696,0.009221582,0.0,0.0,0.0,0.0,0.0,0.0,0.0,0.0,0.0,0.0,0.0,0.0,0.0,0.0,0.0,0.0,0.0,0.0,0.0,0.0,0.0,0.0,0.0,0.0,0.0,0.0,0.0,0.0,0.0,0.0,0.0,0.0,0.0,0.0,0.0,0.0,0.0,0.0,0.0,0.0,0.0,0.0,0.0,0.0,0.0,0.0,0.0,0.0,0.0,0.0,0.0,0.0,0.0,0.0,0.0,0.0,0.0,0.0,0.0,0.0,0.0,0.0,0.0,0.0,0.0,0.0,0.0,0.0,0.0,0.0,0.0,0.0,0.0,0.0,0.0,0.0,0.0,0.0,0.0,0.0,0.0,0.0,0.0,0.0,0.0,0.0,0.0,0.0,0.0,0.0,0.0,0.0,0.0,0.0,0.0,0.0,0.0,0.0,0.0,0.0,0.0,0.0,0.0,0.0,0.0,0.0,0.0,0.0,0.0,0.0,0.0,0.0,0.0,0.0,0.0,0.0,0.0,0.0,0.0,0.0,0.0,0.0,0.0,0.0,0.0,0.0,0.0,0.0,0.0,0.0,0.0,0.0,0.0,0.0,0.0,0.0,0.0,0.0,0.0,0.0,0.0,0.0,0.0,0.0,0.0,0.0,0.0,0.0,0.0,0.0,0.0,0.0,0.0,0.0,0.0,0.0,0.0,0.0,0.0,0.0,0.0,0.0,0.0,0.0,0.0,0.0,0.0,0.0,0.0,0.0,0.0,0.0,0.0,0.0,0.0,0.0,0.0,0.0,0.0,0.0,0.0,0.0,0.0,0.0,0.0,0.0,0.0,0.0,0.0,0.0,0.0,0.0,0.0,0.0,0.0,0.0,0.0,0.0,0.0,0.0,0.0,0.0,0.0,0.0,0.0,0.0,0.0,0.0,0.0,0.0,0.0,0.0,0.0,0.0,0.0,0.0,0.0,0.0,0.0,0.0,0.0,0.0,0.0,0.0,0.0,0.0,0.0,0.0,0.0,0.0,0.0,0.0,0.0,0.0,0.0,0.0,0.0,0.0,0.0,0.0,0.0,0.0,0.0,0.0,0.0,0.0,0.0,0.0,0.0,0.0,0.0,0.0,0.0,0.0,0.0,0.0,0.0,0.0,0.0,0.0,0.0,0.0,0.0,0.0,0.0,0.0,0.0,0.0,0.0,0.0,0.0,0.0,0.0,0.0,0.0,0.0,0.0,0.0,0.0,0.0,0.0,0.0,0.0,0.0,0.0,0.0,0.0,0.0,0.0,0.0,0.0,0.0,0.0,0.0,0.0,0.0,0.0,0.0,0.0,0.0,0.0,0.0,0.0,0.0,0.0,0.0,0.0,0.0,0.0,0.0,0.0,0.0,0.0,0.0,0.0,0.0,0.0,0.0,0.0,0.0,0.0,0.0,0.0,0.0,0.0,0.0,0.0,0.0,0.0,0.0,0.0,0.0,0.0,0.0,0.0,0.0,0.0,0.0,0.0,0.0,0.0,0.0,0.0,0.0,0.0,0.0,0.0,0.0,0.0,0.0,0.0,0.0,0.0,0.0,0.0,0.0,0.0,0.0,0.0,0.0,0.0,0.0,0.0,0.0,0.0,0.0,0.0,0.0,0.0,0.0,0.0,0.0,0.0,0.0,0.0,0.0,0.0,0.0,0.0,0.0,0.0,0.0,0.0,0.0,0.0,0.0,0.0,0.0,0.0,0.0,0.0,0.0,0.0,0.0,0.0,0.0,0.0,0.0,0.0,0.0,0.0,0.0,0.0,0.0,0.0,0.0,0.0,0.0,0.0,0.0,0.0,0.0,0.0,0.0,0.0,0.0,0.0,0.0,0.0,0.0,0.0,0.0,0.0,0.0,0.0,0.0,0.0,0.0,0.0,0.0,0.0,0.0,0.0,0.0,0.0,0.0,0.0,0.0,0.0,0.0,0.0,0.0,0.0,0.0,0.0,0.0,0.0,0.0,0.0,0.0,0.0,0.0,0.0,0.0,0.0,0.0,0.0,0.0,0.0,0.0,0.0,0.0,0.0,0.0,0.0,0.0,0.0,0.0,0.0,0.0,0.0,0.0,0.0,0.0,0.0,0.0,0.0,0.0,0.0,0.0,0.0,0.0,0.0,0.0,0.0,0.0,0.0,0.0,0.0,0.0,0.0,0.0,0.0,0.0,0.0,0.0,0.0,0.0,0.0,0.0,0.0,0.0,0.0,0.0,0.0,0.0,0.0,0.0,0.0,0.0,0.0,0.0,0.0,0.0,0.0,0.0,0.0,0.0,0.0,0.0,0.0,0.0,0.0,0.0,0.0,0.0,0.0,0.0,0.0,0.0,0.0,0.0,0.0,0.0,0.0,0.0,0.0,0.0,0.0,0.0,0.0,0.0,0.0,0.0,0.0,0.0,0.0,0.0,0.0,0.0,0.0,0.0,0.0,0.0,0.0,0.0,0.0,0.0,0.0,0.0,0.0,0.0,0.0,0.0,0.0,0.0,0.0,0.0,0.0,0.0,0.0,0.0,0.0,0.0,0.0,0.0,0.0,0.0,0.0,0.0,0.0,0.0,0.0,0.0,0.0,0.0,0.0,0.0,0.0,0.0,0.0,0.0,0.0,0.0,0.0,0.0,0.0,0.0,0.0,0.0,0.0,0.0,0.0,0.0,0.0,0.0,0.0,0.0,0.0,0.0,0.0,0.0,0.0,0.0,0.0,0.0,0.0,0.0,0.0,0.0,0.0,0.0,0.0,0.0,0.0,0.0,0.0,0.0,0.0,0.0,0.0,0.0,0.0,0.0,0.0,0.0,0.0,0.0,0.0,0.0,0.0,0.0,0.0,0.0,0.0,0.0,0.0,0.0,0.0,0.0,0.0,0.0,0.0,0.0,0.0,0.0,0.0,0.0,0.0,0.0,0.0,0.0,0.0,0.0,0.0,0.0,0.0,0.0,0.0,0.0,0.0,0.0,0.0,0.0,0.0,0.0,0.0,0.0,0.0,0.0,0.0,0.0,0.0,0.0,0.0,0.0,0.0,0.0,0.0,0.0,0.0,0.0,0.0,0.0,0.0,0.0,0.0,0.0,0.0,0.0,0.0,0.0,0.0,0.0,0.0,0.0,0.0,0.0,0.0,0.0,0.0,0.0,0.0,0.0,0.0,0.0,0.0,0.0,0.0,0.0,0.0,0.0,0.0,0.0,0.0,0.0,0.0,0.0,0.0,0.0,0.0,0.0,0.0,0.0,0.0,0.0,0.0,0.0,0.0,0.0,0.0,0.0,0.0,0.0,0.0,0.0,0.0,0.0,0.0,0.0,0.0,0.0,0.0,0.0,0.0,0.0,0.0,0.0,0.0,0.0,0.0,0.0,0.0,0.0,0.0,0.0,0.0,0.0,0.0,0.0,0.0,0.0,0.0,0.0,0.0,0.0,0.0,0.0,0.0,0.0,0.0,0.0,0.0,0.0,0.0,0.0,0.0,0.0,0.0,0.0,0.0,0.0,0.0,0.0,0.0,0.0,0.0,0.0,0.0,0.0,0.0,0.0,0.0,0.0,0.0,0.0,0.0,0.0,0.0,0.0,0.0,0.0,0.0,0.0,0.0,0.0,0.0,0.0,0.0,0.0,0.0,0.0,0.0,0.0,0.0,0.0,0.0,0.0,0.0,0.0,0.0,0.0,0.0,0.0,0.0,0.0,0.0,0.0,0.0,0.0,0.0,0.0,0.0,0.0,0.0,0.0,0.0,0.0,0.0,0.0,0.0,0.0,0.0,0.0,0.0,0.0,0.0,0.0,0.0,0.0,0.0,0.0,0.0,0.0,0.0,0.0,0.0,0.0,0.0,0.0,0.0,0.0,0.0,0.0,0.0,0.0,0.0,0.0,0.0,0.0,0.0,0.0,0.0,0.0,0.0,0.0,0.0,0.0,0.0,0.0,0.0,0.0,0.0,0.0,0.0,0.0,0.0,0.0,0.0,0.0,0.0,0.0,0.0,0.0,0.0,0.0,0.0,0.0,0.0,0.0,0.0,0.0,0.0,0.0,0.0,0.0,0.0,0.0,0.0,0.0,0.0,0.0,0.0,0.0,0.0,0.0,0.0,0.0,0.0,0.0,0.0,0.0,0.0,0.0,0.0,0.0,0.0,0.0,0.0,0.0,0.0,0.0,0.0,0.0,0.0,0.0,0.0,0.0,0.0,0.0,0.0,0.0,0.0,0.0,0.0,0.0,0.0,0.0,0.0,0.0,0.0,0.0,0.0,0.0,0.0,0.0,0.0,0.0,0.0,0.0,0.0,0.0,0.0,0.0,0.0,0.0,0.0,0.0,0.0,0.0,0.0,0.0,0.0,0.0,0.0,0.0,0.0,0.0,0.0,0.0,0.0,0.0,0.0,0.0,0.0,0.0,0.0,0.0,0.0,0.0,0.0,0.0,0.0,0.0,0.0,0.0,0.0,0.0,0.0,0.0,0.0,0.0,0.0,0.0,0.0,0.0,0.0,0.0,0.0,0.0,0.0,0.0,0.0,0.0,0.0,0.0,0.0,0.0,0.0,0.0,0.0,0.0,0.0,0.0,0.0,0.0,0.0,0.0,0.0,0.0,0.0,0.0,0.0,0.0,0.0,0.0,0.0,0.0,0.0,0.0,0.0,0.0,0.0,0.0,0.0,0.0,0.0,0.0,0.0,0.0,0.0,0.0,0.0,0.0,0.0,0.0,0.0,0.0,0.0,0.0,0.0,0.0,0.0,0.0,0.0,0.0,0.0,0.0,0.0,0.0,0.0,0.0,0.0,0.0,0.0,0.0,0.0,0.0,0.0,0.0,0.0,0.0,0.0,0.0,0.0,0.0,0.0,0.0,0.0,0.0,0.0,0.0,0.0,0.0,0.0,0.0,0.0,0.0,0.0,0.0,0.0,0.0,0.0,0.0,0.0,0.0,0.0,0.0,0.0,0.0,0.0,0.0,0.0,0.0,0.0,0.0,0.0,0.0,0.0,0.0,0.0,0.0,0.0,0.0,0.0,0.0,0.0,0.0,0.0,0.0,0.0,0.0,0.0,0.0,0.0,0.0,0.0,0.0,0.0,0.0,0.0,0.0,0.0,0.0,0.0,0.0,0.0,0.0,0.0,0.0,0.0,0.0,0.0,0.0,0.0,0.0,0.0,0.0,0.0,0.0,0.0,0.0,0.0,0.0,0.0,0.0,0.0,0.0,0.0,0.0,0.0,0.0,0.0,0.0,0.0,0.0,0.0,0.0,0.0,0.0,0.0,0.0,0.0,0.0,0.0,0.0,0.0,0.0,0.0,0.0,0.0,0.0,0.0,0.0,0.0,0.0,0.0,0.0,0.0,0.0,0.0,0.0,0.0,0.0,0.0,0.0,0.0,0.0,0.0,0.0,0.0,0.0,0.0,0.0,0.0,0.0,0.0,0.0,0.0,0.0,0.0,0.0,0.0,0.0,0.0,0.0,0.0,0.0,0.0,0.0,0.0,0.0,0.0,0.0,0.0,0.0,0.0,0.0,0.0,0.0,0.0,0.0,0.0,0.0,0.0,0.0,0.0,0.0,0.0,0.0,0.0,0.0,0.0,0.0,0.0,0.0,0.0,0.0,0.0,0.0,0.0,0.0,0.0,0.0,0.0,0.0,0.0,0.0,0.0,0.0,0.0,0.0,0.0,0.0,0.0,0.0,0.0,0.0,0.0,0.0,0.0,0.0,0.0,0.0,0.0,0.0,0.0,0.0,0.0,0.0,0.0,0.0,0.0,0.0,0.0,0.0,0.0,0.0,0.0,0.0,0.0,0.0,0.0,0.0,0.0,0.0,0.0,0.0,0.0,0.0,0.0,0.0,0.0,0.0,0.0,0.0,0.0,0.0,0.0,0.0,0.0,0.0,0.0,0.0,0.0,0.0,0.0,0.0,0.0,0.0,0.0,0.0,0.0,0.0,0.0,0.0,0.0,0.0,0.0,0.0,0.0,0.0,0.0,0.0,0.0,0.0,0.0,0.0,0.0,0.0,0.0,0.0,0.0,0.0,0.0,0.0,0.0,0.0,0.0,0.0,0.0,0.0,0.0,0.0,0.0,0.0,0.0,0.0,0.0,0.0,0.0,0.0,0.0,0.0,0.0,0.0,0.0,0.0,0.0,0.0,0.0,0.0,0.0,0.0,0.0,0.0,0.0,0.0,0.0,0.0,0.0,0.0,0.0,0.0,0.0,0.0,0.0,0.0,0.0,0.0,0.0,0.0,0.0,0.0,0.0,0.0,0.0,0.0,0.0,0.0,0.0,0.0,0.0,0.0,0.0,0.0,0.0,0.0,0.0,0.0,0.0,0.0,0.0,0.0,0.0,0.0,0.0,0.0,0.0,0.0,0.0,0.0,0.0,0.0,0.0,0.0,0.0,0.0,0.0,0.0,0.0,0.0,0.0,0.0,0.0,0.0,0.0,0.0,0.0,0.0,0.0,0.0,0.0,0.0,0.0,0.0,0.0,0.0,0.0,0.0,0.0,0.0,0.0,0.0,0.0,0.0,0.0,0.0,0.0,0.0,0.0,0.0,0.0,0.0,0.0,0.0,0.0,0.0,0.0,0.0,0.0,0.0,0.0,0.0,0.0,0.0,0.0,0.0,0.0,0.0,0.0,0.0,0.0,0.0,0.0,0.0,0.0,0.0,0.0,0.0,0.0,0.0,0.0,0.0,0.0,0.0,0.0,0.0,0.0,0.0,0.0,0.0,0.0,0.0,0.0,0.0,0.0,0.0,0.0,0.0,0.0,0.0,0.0,0.0,0.0,0.0,0.0,0.0,0.0,0.0,0.0,0.0,0.0,0.0,0.0,0.0,0.0,0.0,0.0,0.0,0.0,0.0,0.0,0.0,0.0,0.0,0.0,0.0,0.0,0.0,0.0,0.0,0.0,0.0,0.0,0.0,0.0,0.0,0.0,0.0,0.0,0.0,0.0,0.0,0.0,0.0,0.0,0.0,0.0,0.0,0.0,0.0,0.0,0.0,0.0,0.0,0.0,0.0,0.0,0.0,0.0,0.0,0.0,0.0,0.0,0.0,0.0,0.0,0.0,0.0,0.0,0.0,0.0,0.0,0.0,0.0,0.0,0.0,0.0,0.0,0.0,0.0,0.0,0.0,0.0,0.0,0.0,0.0,0.0,0.0,0.0,0.0,0.0,0.0,0.0,0.0,0.0,0.0,0.0,0.0,0.0,0.0,0.0,0.0,0.0,0.0,0.0,0.0,0.0,0.0,0.0,0.0,0.0,0.0,0.0,0.0,0.0,0.0,0.0,0.0,0.0,0.0,0.0,0.0,0.0,0.0,0.0,0.0,0.0,0.0,0.0,0.0,0.0,0.0,0.0,0.0,0.0,0.0,0.0,0.0,0.0,0.0,0.0,0.0,0.0,0.0,0.0,0.0,0.0,0.0,0.0,0.0,0.0,0.0,0.0,0.0,0.0,0.0,0.0,0.0,0.0,0.0,0.0,0.0,0.0,0.0,0.0,0.0,0.0,0.0,0.0,0.0,0.0,0.0,0.0,0.0,0.0,0.0,0.0,0.0,0.0,0.0,0.0,0.0,0.0,0.0,0.0,0.0,0.0,0.0,0.0,0.0,0.0,0.0,0.0,0.0,0.0,0.0,0.0,0.0,0.0,0.0,0.0,0.0,0.0,0.0,0.0,0.0,0.0,0.0,0.0,0.0,0.0,0.0,0.0,0.0,0.0,0.0,0.0,0.0,0.0,0.0,0.0,0.0,0.0,0.0,0.0,0.0,0.0,0.0,0.0,0.0,0.0,0.0,0.0,0.0,0.0,0.0,0.0,0.0,0.0,0.0,0.0,0.0,0.0,0.0,0.0,0.0,0.0,0.0,0.0,0.0,0.0,0.0,0.0,0.0,0.0,0.0,0.0,0.0,0.0,0.0,0.0,0.0,0.0,0.0,0.0,0.0,0.0,0.0,0.0,0.0,0.0,0.0,0.0,0.0,0.0,0.0,0.0,0.0,0.0,0.0,0.0,0.0,0.0,0.0,0.0,0.0,0.0,0.0,0.0,0.0,0.0,0.0,0.0,0.0,0.0,0.0,0.0,0.0,0.0,0.0,0.0,0.0,0.0,0.0,0.0,0.0,0.0,0.0,0.0,0.0,0.0,0.0,0.0,0.0,0.0,0.0,0.0,0.0,0.0,0.0,0.0,0.0,0.0,0.0,0.0,0.0,0.0,0.0,0.0,0.0,0.0,0.0,0.0,0.0,0.0,0.0,0.0,0.0,0.0,0.0,0.0,0.0,0.0,0.0,0.0,0.0,0.0,0.0,0.0,0.0,0.0,0.0,0.0,0.0,0.0,0.0,0.0,0.0,0.0,0.0,0.0,0.0,0.0,0.0,0.0,0.0,0.0,0.0,0.0,0.0,0.0,0.0,0.0,0.0,0.0,0.0,0.0,0.0,0.0,0.0,0.0,0.0,0.0,0.0,0.0,0.0,0.0,0.0,0.0,0.0,0.0,0.0,0.0,0.0,0.0,0.0,0.0,0.0,0.0,0.0,0.0,0.0,0.0,0.0,0.0,0.0,0.0,0.0,0.0,0.0,0.0,0.0,0.0,0.0,0.0,0.0,0.0,0.0,0.0,0.0,0.0,0.0,0.0,0.0,0.0,0.0,0.0,0.0,0.0,0.0,0.0,0.0,0.0,0.0,0.0,0.0,0.0,0.0,0.0,0.0,0.0,0.0,0.0,0.0,0.0,0.0,0.0,0.0,0.0,0.0,0.0,0.0,0.0,0.0,0.0,0.0,0.0,0.0,0.0,0.0,0.0,0.0,0.0,0.0,0.0,0.0,0.0,0.0,0.0,0.0,0.0,0.0,0.0,0.0,0.0,0.0,0.0,0.0,0.0,0.0,0.0,0.0,0.0,0.0,0.0,0.0,0.0,0.0,0.0,0.0,0.0,0.0,0.0,0.0,0.0,0.0,0.0,0.0,0.0,0.0,0.0,0.0,0.0,0.0,0.0,0.0,0.0,0.0,0.0,0.0,0.0,0.0,0.0,0.0,0.0,0.0,0.0,0.0,0.0,0.0,0.0,0.0,0.0,0.0,0.0,0.0,0.0,0.0,0.0,0.0,0.0,0.0,0.0,0.0,0.0,0.0,0.0,0.0,0.0,0.0,0.0,0.0,0.0,0.0,0.0,0.0,0.0,0.0,0.0,0.0,0.0,0.0,0.0,0.0,0.0,0.0,0.0,0.0,0.0,0.0,0.0,0.0,0.0,0.0,0.0,0.0,0.0,0.0,0.0,0.0,0.0,0.0,0.0,0.0,0.0,0.0,0.0,0.0,0.0,0.0,0.0,0.0,0.0,0.0,0.0,0.0,0.0,0.0,0.0,0.0,0.0,0.0,0.0,0.0,0.0,0.0,0.0,0.0,0.0,0.0,0.0,0.0,0.0,0.0,0.0,0.0,0.0,0.0,0.0,0.0,0.0,0.0,0.0,0.0,0.0,0.0,0.0,0.0,0.0,0.0,0.0,0.0,0.0,0.0,0.0,0.0,0.0,0.0,0.0,0.0,0.0,0.0,0.0,0.0,0.0,0.0,0.0,0.0,0.0,0.0,0.0,0.0,0.0,0.0,0.0,0.0,0.0,0.0,0.0,0.0,0.0,0.0,0.0,0.0,0.0,0.0,0.0,0.0,0.0,0.0,0.0,0.0,0.0,0.0,0.0,0.0,0.0,0.0,0.0,0.0,0.0,0.0,0.0,0.0,0.0,0.0,0.0,0.0,0.0,0.0,0.0,0.0,0.0,0.0,0.0,0.0,0.0,0.0,0.0,0.0,0.0,0.0,0.0,0.0,0.0,0.0,0.0,0.0,0.0,0.0,0.0,0.0,0.0,0.0,0.0,0.0,0.0,0.0,0.0,0.0,0.0,0.0,0.0,0.0,0.0,0.0,0.0,0.0,0.0,0.0,0.0,0.0,0.0,0.0,0.0,0.0,0.0,0.0,0.0,0.0,0.0,0.0,0.0,0.0,0.0,0.0,0.0,0.0,0.0,0.0,0.0,0.0,0.0,0.0,0.0,0.0,0.0,0.0,0.0,0.0,0.0,0.0,0.0,0.0,0.0,0.0,0.0,0.0,0.0,0.0,0.0,0.0,0.0,0.0,0.0,0.0,0.0,0.0,0.0,0.0,0.0,0.0,0.0,0.0,0.0,0.0,0.0,0.0,0.0,0.0,0.0,0.0,0.0,0.0,0.0,0.0,0.0,0.0,0.0,0.0,0.0,0.0,0.0,0.0,0.0,0.0,0.0,0.0,0.0,0.0,0.0,0.0,0.0,0.0,0.0,0.0,0.0,0.0,0.0,0.0,0.0,0.0,0.0,0.0,0.0,0.0,0.0,0.0,0.0,0.0,0.0,0.0,0.0,0.0,0.0,0.0,0.0,0.0,0.0,0.0,0.0,0.0,0.0,0.0,0.0,0.0,0.0,0.0,0.0,0.0,0.0,0.0,0.0,0.0,0.0,0.0,0.0,0.0,0.0,0.0,0.0,0.0,0.0,0.0,0.0,0.0,0.0,0.0,0.0,0.0,0.0,0.0,0.0,0.0,0.0,0.0,0.0,0.0,0.0,0.0,0.0,0.0,0.0,0.0,0.0,0.0,0.0,0.0,0.0,0.0,0.0,0.0,0.0,0.0,0.0,0.0,0.0,0.0,0.0,0.0,0.0,0.0,0.0,0.0,0.0,0.0,0.0,0.0,0.0,0.0,0.0,0.0,0.0,0.0,0.0,0.0,0.0,0.0,0.0,0.0,0.0,0.0,0.0,0.0,0.0,0.0,0.0,0.0,0.0,0.0,0.0,0.0,0.0,0.0,0.0,0.0,0.0,0.0,0.0,0.0,0.0,0.0,0.0,0.0,0.0,0.0,0.0,0.0,0.0,0.0,0.0,0.0,0.0,0.0,0.0,0.0,0.0,0.0,0.0,0.0,0.0,0.0,0.0,0.0,0.0,0.0,0.0,0.0,0.0,0.0,0.0,0.0,0.0,0.0,0.0,0.0,0.0,0.0,0.0,0.0,0.0,0.0,0.0,0.0,0.0,0.0,0.0,0.0,0.0,0.0,0.0,0.0,0.0,0.0,0.0,0.0,0.0,0.0,0.0,0.0,0.0,0.0,0.0,0.0,0.0,0.0,0.0,0.0,0.0,0.0,0.0,0.0,0.0,0.0,0.0,0.0,0.0,0.0,0.0,0.0,0.0,0.0,0.0,0.0,0.0,0.0,0.0,0.0,0.0,0.0,0.0,0.0,0.0,0.0,0.0,0.0,0.0,0.0,0.0,0.0,0.0,0.0,0.0,0.0,0.0,0.0,0.0,0.0,0.0,0.0,0.0,0.0,0.0,0.0,0.0,0.0,0.0,0.0,0.0,0.0,0.0,0.0,0.0,0.0,0.0,0.0,0.0,0.0,0.0,0.0,0.0,0.0,0.0,0.0,0.0,0.0,0.0,0.0,0.0,0.0,0.0
Tax59,0.0,-1.0683045,-0.90225744,-0.69494987,-0.46030927,-0.20654522,0.059885032,0.33442992,0.61320186,0.89340806,1.1745853,1.4480766,1.7129709,1.9672107,2.233946,2.5147238,2.7736561,2.9980154,3.2383661,3.4996927,3.7374563,3.9410772,4.2042017,4.465389,4.732503,4.902098,5.146425,5.3868227,5.560484,5.7086706,5.896599,6.0815344,6.4580617,6.7895575,7.0720406,7.345083,7.7257605,8.0296755,8.240303,8.517297,8.698067,8.7962,9.181872,9.640929,9.795336,10.373598,10.717372,10.81377,10.996026,11.25969,11.432162,11.545685,11.855779,11.858114,12.197483,12.182951,12.125638,12.267744,12.091819,11.822198,11.3328085,11.2252445,10.93594,10.801209,11.088412,11.459651,5.7410774,5.983948,12.70235,13.28143,13.719393,14.294015,14.439123,7.175421,15.288077,7.783513,8.045449,8.305435,8.547917,8.840025,9.063169,9.333465,9.403855,9.805058,10.181252,10.711092,21.348555,21.892145,22.675772,23.402454,24.016088,24.991253,25.85508,26.48356,26.602407,26.748726,26.90989,27.186518,27.743563,28.170506,28.245827,28.799751,29.435152,30.070415,30.326206,30.645594,31.210148,31.370403,32.264786,32.495117,33.01451,33.599743,33.79429,33.7461,33.327835,15.408605,15.70024,16.1778,16.021553,15.930217,15.66763,15.412231,15.05105,14.657647,14.290859,13.875715,13.308898,12.469817,11.640585,11.01614,10.3351145,9.655978,9.094135,8.379538,7.6625023,6.833382,5.9263115,5.1799746,4.334113,3.3510454,2.3971744,1.4375986,0.61245406,-0.032857675,-0.57019293,-0.947053,-1.3845605,-1.927099,-2.4739597,-2.9698195,-3.263781,-3.2348092,-2.658775,-1.9072579,-1.3026795,-0.7196823,-0.15065381,0.24958628,0.52679324,0.57857436,0.62281775,0.6313209,0.39518613,0.15215534,0.013417756,-0.1372308,-0.13633898,0.07250485,0.029934384,0.077069074,0.2149376,0.38093454,0.42963675,0.29666108,0.7877223,1.0590687,0.8423321,0.70424145,0.77855664,1.1361943,1.2828022,1.0704263,0.17573404,-0.7677189,-1.379525,-1.8176538,-2.2310157,-2.5908177,-2.8023608,-3.0470028,-3.2573073,-3.4641302,-3.5212765,-3.5632894,-3.5944176,-3.5311065,-3.5268505,-3.5313787,-3.4870548,-3.4489985,-3.4342232,-3.3739421,-3.2840261,-3.1736038,-3.1339355,-3.0546126,-2.9648778,-2.9092073,-2.8214414,-2.6651719,-2.577928,-2.4862473,-2.3771243,-2.238429,-2.1123333,-2.0516176,-1.9692338,-1.8466876,-1.7589533,-1.6537954,-1.5581901,-1.4332796,-1.4039208,-1.3245031,-1.2617037,-1.2044432,-1.0911697,-1.0457245,-0.9889674,-0.92674124,-0.8600912,-0.7524475,-0.6997409,-0.651403,-0.62832403,-0.622619,-0.5920946,-0.54557896,-0.49086207,-0.47423884,-0.3959312,-0.38184568,-0.35513303,-0.34607401,-0.32525468,-0.29519624,-0.28439525,-0.2531012,-0.24570711,-0.22729233,-0.22510368,-0.21649902,-0.20858945,-0.20660204,-0.20459203,-0.18380862,-0.1624305,-0.14916222,-0.14792654,-0.137307,-0.12143812,-0.120271325,-0.089080095,-0.08817564,-0.08734355,-0.06295986,-0.062361773,-0.054168288,-0.048492633,-0.043021236,-0.0426016,-0.035991296,-0.035647027,-0.03530295,-0.034960438,-0.034619242,-0.028576527,-0.023081388,-0.022829425,-0.022594783,-0.022364894,-0.022145193,-0.021904109,-0.021665636,-0.021421183,-0.021156777,-0.020888135,-0.020610088,-0.02035749,-0.020096242,-0.019872019,-0.01967034,-0.019493237,-0.019304851,-0.019028457,-0.018636333,-0.018122738,-0.017431365,-0.011880746,-0.011187861,-0.01054428,-0.009974946,-0.009210309,-0.008352935,-0.0074449475,-0.006490671,-0.0054276213,-0.0043341084,-0.0031285156,-0.0015438315,0.00017324393,0.002238511,0.0044040433,0.00677704,0.009471111,0.012424478,0.01606658,0.020332519,0.025367877,0.030296272,0.018894173,0.024252538,0.033107575,0.043708384,0.0541948,0.059335366,0.062797114,0.0,0.0,0.0,0.0,0.0,0.0,0.0,0.0,0.0,0.0,0.0,0.0,0.0,0.0,0.0,0.0,0.0,0.0,0.0,0.0,0.0,0.0,0.0,0.0,0.0,0.0,0.0,0.0,0.0,0.0,0.0,0.0,0.0,0.0,0.0,0.0,0.0,0.0,0.0,0.0,0.0,0.0,0.0,0.0,0.0,0.0,0.0,0.0,0.0,0.0,0.0,0.0,0.0,0.0,0.0,0.0,0.0,0.0,0.0,0.0,0.0,0.0,0.0,0.0,0.0,0.0,0.0,0.0,0.0,0.0,0.0,0.0,0.0,0.0,0.0,0.0,0.0,0.0,0.0,0.0,0.0,0.0,0.0,0.0,0.0,0.0,0.0,0.0,0.0,0.0,0.0,0.0,0.0,0.0,0.0,0.0,0.0,0.0,0.0,0.0,0.0,0.0,0.0,0.0,0.0,0.0,0.0,0.0,0.0,0.0,0.0,0.0,0.0,0.0,0.0,0.0,0.0,0.0,0.0,0.0,0.0,0.0,0.0,0.0,0.0,0.0,0.0,0.0,0.0,0.0,0.0,0.0,0.0,0.0,0.0,0.0,0.0,0.0,0.0,0.0,0.0,0.0,0.0,0.0,0.0,0.0,0.0,0.0,0.0,0.0,0.0,0.0,0.0,0.0,0.0,0.0,0.0,0.0,0.0,0.0,0.0,0.0,0.0,0.0,0.0,0.0,0.0,0.0,0.0,0.0,0.0,0.0,0.0,0.0,0.0,0.0,0.0,0.0,0.0,0.0,0.0,0.0,0.0,0.0,0.0,0.0,0.0,0.0,0.0,0.0,0.0,0.0,0.0,0.0,0.0,0.0,0.0,0.0,0.0,0.0,0.0,0.0,0.0,0.0,0.0,0.0,0.0,0.0,0.0,0.0,0.0,0.0,0.0,0.0,0.0,0.0,0.0,0.0,0.0,0.0,0.0,0.0,0.0,0.0,0.0,0.0,0.0,0.0,0.0,0.0,0.0,0.0,0.0,0.0,0.0,0.0,0.0,0.0,0.0,0.0,0.0,0.0,0.0,0.0,0.0,0.0,0.0,0.0,0.0,0.0,0.0,0.0,0.0,0.0,0.0,0.0,0.0,0.0,0.0,0.0,0.0,0.0,0.0,0.0,0.0,0.0,0.0,0.0,0.0,0.0,0.0,0.0,0.0,0.0,0.0,0.0,0.0,0.0,0.0,0.0,0.0,0.0,0.0,0.0,0.0,0.0,0.0,0.0,0.0,0.0,0.0,0.0,0.0,0.0,0.0,0.0,0.0,0.0,0.0,0.0,0.0,0.0,0.0,0.0,0.0,0.0,0.0,0.0,0.0,0.0,0.0,0.0,0.0,0.0,0.0,0.0,0.0,0.0,0.0,0.0,0.0,0.0,0.0,0.0,0.0,0.0,0.0,0.0,0.0,0.0,0.0,0.0,0.0,0.0,0.0,0.0,0.0,0.0,0.0,0.0,0.0,0.0,0.0,0.0,0.0,0.0,0.0,0.0,0.0,0.0,0.0,0.0,0.0,0.0,0.0,0.0,0.0,0.0,0.0,0.0,0.0,0.0,0.0,0.0,0.0,0.0,0.0,0.0,0.0,0.0,0.0,0.0,0.0,0.0,0.0,0.0,0.0,0.0,0.0,0.0,0.0,0.0,0.0,0.0,0.0,0.0,0.0,0.0,0.0,0.0,0.0,0.0,0.0,0.0,0.0,0.0,0.0,0.0,0.0,0.0,0.0,0.0,0.0,0.0,0.0,0.0,0.0,0.0,0.0,0.0,0.0,0.0,0.0,0.0,0.0,0.0,0.0,0.0,0.0,0.0,0.0,0.0,0.0,0.0,0.0,0.0,0.0,0.0,0.0,0.0,0.0,0.0,0.0,0.0,0.0,0.0,0.0,0.0,0.0,0.0,0.0,0.0,0.0,0.0,0.0,0.0,0.0,0.0,0.0,0.0,0.0,0.0,0.0,0.0,0.0,0.0,0.0,0.0,0.0,0.0,0.0,0.0,0.0,0.0,0.0,0.0,0.0,0.0,0.0,0.0,0.0,0.0,0.0,0.0,0.0,0.0,0.0,0.0,0.0,0.0,0.0,0.0,0.0,0.0,0.0,0.0,0.0,0.0,0.0,0.0,0.0,0.0,0.0,0.0,0.0,0.0,0.0,0.0,0.0,0.0,0.0,0.0,0.0,0.0,0.0,0.0,0.0,0.0,0.0,0.0,0.0,0.0,0.0,0.0,0.0,0.0,0.0,0.0,0.0,0.0,0.0,0.0,0.0,0.0,0.0,0.0,0.0,0.0,0.0,0.0,0.0,0.0,0.0,0.0,0.0,0.0,0.0,0.0,0.0,0.0,0.0,0.0,0.0,0.0,0.0,0.0,0.0,0.0,0.0,0.0,0.0,0.0,0.0,0.0,0.0,0.0,0.0,0.0,0.0,0.0,0.0,0.0,0.0,0.0,0.0,0.0,0.0,0.0,0.0,0.0,0.0,0.0,0.0,0.0,0.0,0.0,0.0,0.0,0.0,0.0,0.0,0.0,0.0,0.0,0.0,0.0,0.0,0.0,0.0,0.0,0.0,0.0,0.0,0.0,0.0,0.0,0.0,0.0,0.0,0.0,0.0,0.0,0.0,0.0,0.0,0.0,0.0,0.0,0.0,0.0,0.0,0.0,0.0,0.0,0.0,0.0,0.0,0.0,0.0,0.0,0.0,0.0,0.0,0.0,0.0,0.0,0.0,0.0,0.0,0.0,0.0,0.0,0.0,0.0,0.0,0.0,0.0,0.0,0.0,0.0,0.0,0.0,0.0,0.0,0.0,0.0,0.0,0.0,0.0,0.0,0.0,0.0,0.0,0.0,0.0,0.0,0.0,0.0,0.0,0.0,0.0,0.0,0.0,0.0,0.0,0.0,0.0,0.0,0.0,0.0,0.0,0.0,0.0,0.0,0.0,0.0,0.0,0.0,0.0,0.0,0.0,0.0,0.0,0.0,0.0,0.0,0.0,0.0,0.0,0.0,0.0,0.0,0.0,0.0,0.0,0.0,0.0,0.0,0.0,0.0,0.0,0.0,0.0,0.0,0.0,0.0,0.0,0.0,0.0,0.0,0.0,0.0,0.0,0.0,0.0,0.0,0.0,0.0,0.0,0.0,0.0,0.0,0.0,0.0,0.0,0.0,0.0,0.0,0.0,0.0,0.0,0.0,0.0,0.0,0.0,0.0,0.0,0.0,0.0,0.0,0.0,0.0,0.0,0.0,0.0,0.0,0.0,0.0,0.0,0.0,0.0,0.0,0.0,0.0,0.0,0.0,0.0,0.0,0.0,0.0,0.0,0.0,0.0,0.0,0.0,0.0,0.0,0.0,0.0,0.0,0.0,0.0,0.0,0.0,0.0,0.0,0.0,0.0,0.0,0.0,0.0,0.0,0.0,0.0,0.0,0.0,0.0,0.0,0.0,0.0,0.0,0.0,0.0,0.0,0.0,0.0,0.0,0.0,0.0,0.0,0.0,0.0,0.0,0.0,0.0,0.0,0.0,0.0,0.0,0.0,0.0,0.0,0.0,0.0,0.0,0.0,0.0,0.0,0.0,0.0,0.0,0.0,0.0,0.0,0.0,0.0,0.0,0.0,0.0,0.0,0.0,0.0,0.0,0.0,0.0,0.0,0.0,0.0,0.0,0.0,0.0,0.0,0.0,0.0,0.0,0.0,0.0,0.0,0.0,0.0,0.0,0.0,0.0,0.0,0.0,0.0,0.0,0.0,0.0,0.0,0.0,0.0,0.0,0.0,0.0,0.0,0.0,0.0,0.0,0.0,0.0,0.0,0.0,0.0,0.0,0.0,0.0,0.0,0.0,0.0,0.0,0.0,0.0,0.0,0.0,0.0,0.0,0.0,0.0,0.0,0.0,0.0,0.0,0.0,0.0,0.0,0.0,0.0,0.0,0.0,0.0,0.0,0.0,0.0,0.0,0.0,0.0,0.0,0.0,0.0,0.0,0.0,0.0,0.0,0.0,0.0,0.0,0.0,0.0,0.0,0.0,0.0,0.0,0.0,0.0,0.0,0.0,0.0,0.0,0.0,0.0,0.0,0.0,0.0,0.0,0.0,0.0,0.0,0.0,0.0,0.0,0.0,0.0,0.0,0.0,0.0,0.0,0.0,0.0,0.0,0.0,0.0,0.0,0.0,0.0,0.0,0.0,0.0,0.0,0.0,0.0,0.0,0.0,0.0,0.0,0.0,0.0,0.0,0.0,0.0,0.0,0.0,0.0,0.0,0.0,0.0,0.0,0.0,0.0,0.0,0.0,0.0,0.0,0.0,0.0,0.0,0.0,0.0,0.0,0.0,0.0,0.0,0.0,0.0,0.0,0.0,0.0,0.0,0.0,0.0,0.0,0.0,0.0,0.0,0.0,0.0,0.0,0.0,0.0,0.0,0.0,0.0,0.0,0.0,0.0,0.0,0.0,0.0,0.0,0.0,0.0,0.0,0.0,0.0,0.0,0.0,0.0,0.0,0.0,0.0,0.0,0.0,0.0,0.0,0.0,0.0,0.0,0.0,0.0,0.0,0.0,0.0,0.0,0.0,0.0,0.0,0.0,0.0,0.0,0.0,0.0,0.0,0.0,0.0,0.0,0.0,0.0,0.0,0.0,0.0,0.0,0.0,0.0,0.0,0.0,0.0,0.0,0.0,0.0,0.0,0.0,0.0,0.0,0.0,0.0,0.0,0.0,0.0,0.0,0.0,0.0,0.0,0.0,0.0,0.0,0.0,0.0,0.0,0.0,0.0,0.0,0.0,0.0,0.0,0.0,0.0,0.0,0.0,0.0,0.0,0.0,0.0,0.0,0.0,0.0,0.0,0.0,0.0,0.0,0.0,0.0,0.0,0.0,0.0,0.0,0.0,0.0,0.0,0.0,0.0,0.0,0.0,0.0,0.0,0.0,0.0,0.0,0.0,0.0,0.0,0.0,0.0,0.0,0.0,0.0,0.0,0.0,0.0,0.0,0.0,0.0,0.0,0.0,0.0,0.0,0.0,0.0,0.0,0.0,0.0,0.0,0.0,0.0,0.0,0.0,0.0,0.0,0.0,0.0,0.0,0.0,0.0,0.0,0.0,0.0,0.0,0.0,0.0,0.0,0.0,0.0,0.0,0.0,0.0,0.0,0.0,0.0,0.0,0.0,0.0,0.0,0.0,0.0,0.0,0.0,0.0,0.0,0.0,0.0,0.0,0.0,0.0,0.0,0.0,0.0,0.0,0.0,0.0,0.0,0.0,0.0,0.0,0.0,0.0,0.0,0.0,0.0,0.0,0.0,0.0,0.0,0.0,0.0,0.0,0.0,0.0,0.0,0.0,0.0,0.0,0.0,0.0,0.0,0.0,0.0,0.0,0.0,0.0,0.0,0.0,0.0,0.0,0.0,0.0,0.0,0.0,0.0,0.0,0.0,0.0,0.0,0.0,0.0,0.0,0.0,0.0,0.0,0.0,0.0,0.0,0.0,0.0,0.0,0.0,0.0,0.0,0.0,0.0,0.0,0.0,0.0,0.0,0.0,0.0,0.0,0.0,0.0,0.0,0.0,0.0,0.0,0.0,0.0,0.0,0.0,0.0,0.0,0.0,0.0,0.0,0.0,0.0,0.0,0.0,0.0,0.0,0.0,0.0,0.0,0.0,0.0,0.0,0.0,0.0,0.0,0.0,0.0,0.0,0.0,0.0,0.0,0.0,0.0,0.0,0.0,0.0,0.0,0.0,0.0,0.0,0.0,0.0,0.0,0.0,0.0,0.0,0.0,0.0,0.0,0.0,0.0,0.0,0.0,0.0,0.0,0.0,0.0,0.0,0.0,0.0,0.0,0.0,0.0,0.0,0.0,0.0,0.0,0.0,0.0,0.0,0.0,0.0,0.0,0.0,0.0,0.0,0.0,0.0,0.0,0.0,0.0,0.0,0.0,0.0,0.0,0.0,0.0,0.0,0.0,0.0,0.0,0.0,0.0,0.0,0.0,0.0,0.0,0.0,0.0,0.0,0.0,0.0,0.0,0.0,0.0,0.0,0.0,0.0,0.0,0.0,0.0,0.0,0.0,0.0,0.0,0.0,0.0,0.0,0.0,0.0,0.0,0.0,0.0,0.0,0.0,0.0,0.0,0.0,0.0,0.0,0.0,0.0,0.0,0.0,0.0,0.0,0.0,0.0,0.0,0.0,0.0,0.0,0.0,0.0,0.0,0.0,0.0,0.0,0.0,0.0,0.0,0.0,0.0,0.0,0.0,0.0,0.0,0.0,0.0,0.0,0.0,0.0,0.0,0.0,0.0,0.0,0.0,0.0,0.0,0.0,0.0,0.0,0.0,0.0,0.0,0.0,0.0,0.0,0.0,0.0,0.0,0.0,0.0,0.0,0.0,0.0,0.0,0.0,0.0,0.0,0.0,0.0,0.0,0.0,0.0,0.0,0.0,0.0,0.0,0.0,0.0,0.0,0.0,0.0,0.0,0.0,0.0,0.0,0.0,0.0,0.0,0.0,0.0,0.0,0.0,0.0,0.0,0.0,0.0,0.0,0.0,0.0,0.0,0.0,0.0,0.0,0.0,0.0,0.0,0.0,0.0,0.0,0.0,0.0,0.0,0.0,0.0,0.0,0.0,0.0,0.0,0.0,0.0,0.0,0.0,0.0,0.0,0.0,0.0,0.0,0.0,0.0,0.0,0.0,0.0,0.0,0.0,0.0,0.0,0.0,0.0,0.0,0.0,0.0,0.0,0.0,0.0,0.0,0.0,0.0,0.0,0.0,0.0,0.0,0.0,0.0,0.0,0.0,0.0,0.0,0.0,0.0,0.0,0.0,0.0,0.0,0.0,0.0,0.0,0.0,0.0,0.0,0.0,0.0,0.0,0.0,0.0,0.0,0.0,0.0,0.0,0.0,0.0,0.0,0.0,0.0,0.0,0.0,0.0,0.0,0.0,0.0,0.0,0.0,0.0,0.0,0.0,0.0,0.0,0.0,0.0,0.0,0.0,0.0,0.0,0.0,0.0,0.0,0.0,0.0,0.0,0.0,0.0,0.0,0.0,0.0,0.0,0.0,0.0,0.0,0.0,0.0,0.0,0.0,0.0,0.0,0.0,0.0,0.0,0.0,0.0,0.0,0.0,0.0,0.0,0.0,0.0,0.0,0.0,0.0,0.0,0.0,0.0,0.0,0.0,0.0,0.0,0.0,0.0,0.0,0.0,0.0,0.0,0.0,0.0,0.0,0.0,0.0,0.0,0.0,0.0,0.0,0.0,0.0,0.0,0.0,0.0,0.0,0.0,0.0,0.0,0.0,0.0,0.0,0.0,0.0,0.0,0.0,0.0,0.0,0.0,0.0,0.0,0.0,0.0,0.0,0.0,0.0,0.0,0.0,0.0,0.0,0.0,0.0,0.0,0.0,0.0,0.0,0.0,0.0,0.0,0.0,0.0,0.0,0.0,0.0,0.0,0.0,0.0,0.0,0.0,0.0,0.0,0.0,0.0,0.0,0.0,0.0,0.0,0.0,0.0,0.0,0.0,0.0,0.0,0.0,0.0,0.0,0.0,0.0,0.0,0.0,0.0,0.0,0.0,0.0,0.0,0.0,0.0,0.0,0.0,0.0,0.0,0.0,0.0,0.0,0.0,0.0,0.0,0.0,0.0,0.0,0.0,0.0,0.0,0.0,0.0,0.0,0.0,0.0,0.0,0.0,0.0,0.0,0.0,0.0,0.0,0.0,0.0,0.0,0.0,0.0,0.0,0.0,0.0,0.0,0.0,0.0,0.0,0.0,0.0,0.0,0.0,0.0,0.0,0.0,0.0,0.0,0.0,0.0,0.0,0.0,0.0,0.0,0.0,0.0,0.0,0.0,0.0,0.0,0.0,0.0,0.0,0.0,0.0,0.0,0.0,0.0,0.0,0.0,0.0,0.0,0.0,0.0,0.0,0.0,0.0,0.0,0.0,0.0,0.0,0.0,0.0,0.0,0.0,0.0,0.0,0.0,0.0,0.0,0.0,0.0,0.0,0.0,0.0,0.0,0.0,0.0,0.0,0.0,0.0,0.0,0.0,0.0,0.0,0.0,0.0,0.0,0.0,0.0,0.0,0.0,0.0,0.0,0.0,0.0,0.0,0.0,0.0,0.0,0.0,0.0,0.0,0.0,0.0,0.0,0.0,0.0,0.0,0.0,0.0,0.0,0.0,0.0,0.0,0.0,0.0,0.0,0.0,0.0,0.0,0.0,0.0,0.0,0.0,0.0,0.0,0.0,0.0,0.0,0.0,0.0,0.0,0.0,0.0,0.0,0.0,0.0,0.0,0.0,0.0,0.0,0.0,0.0,0.0,0.0,0.0,0.0,0.0,0.0,0.0,0.0,0.0,0.0,0.0,0.0,0.0,0.0,0.0,0.0,0.0,0.0,0.0,0.0,0.0,0.0,0.0,0.0,0.0,0.0,0.0,0.0,0.0,0.0,0.0,0.0,0.0,0.0,0.0,0.0,0.0,0.0,0.0,0.0,0.0,0.0,0.0,0.0,0.0,0.0,0.0,0.0,0.0,0.0,0.0,0.0,0.0,0.0,0.0,0.0,0.0,0.0,0.0,0.0,0.0,0.0,0.0,0.0,0.0,0.0,0.0,0.0,0.0,0.0,0.0,0.0,0.0,0.0,0.0,0.0,0.0,0.0,0.0,0.0,0.0,0.0,0.0,0.0,0.0,0.0,0.0,0.0,0.0,0.0,0.0,0.0,0.0,0.0,0.0,0.0,0.0,0.0,0.0,0.0,0.0,0.0,0.0,0.0,0.0,0.0,0.0,0.0,0.0,0.0,0.0,0.0,0.0,0.0,0.0,0.0,0.0,0.0,0.0,0.0,0.0,0.0,0.0,0.0,0.0,0.0,0.0,0.0,0.0,0.0,0.0,0.0,0.0,0.0,0.0,0.0,0.0,0.0,0.0,0.0,0.0,0.0,0.0,0.0,0.0,0.0,0.0,0.0,0.0,0.0,0.0,0.0,0.0,0.0,0.0,0.0,0.0,0.0,0.0,0.0,0.0,0.0,0.0,0.0,0.0,0.0,0.0,0.0,0.0,0.0,0.0,0.0,0.0,0.0,0.0,0.0,0.0,0.0,0.0,0.0,0.0,0.0,0.0,0.0,0.0,0.0,0.0,0.0,0.0,0.0,0.0,0.0,0.0,0.0,0.0,0.0,0.0,0.0,0.0,0.0,0.0,0.0,0.0,0.0,0.0,0.0,0.0,0.0,0.0,0.0,0.0,0.0,0.0,0.0,0.0,0.0,0.0,0.0,0.0,0.0,0.0,0.0,0.0,0.0,0.0,0.0,0.0,0.0,0.0,0.0,0.0,0.0,0.0,0.0,0.0,0.0,0.0,0.0,0.0,0.0,0.0,0.0,0.0,0.0,0.0,0.0,0.0,0.0,0.0,0.0,0.0,0.0,0.0,0.0,0.0,0.0,0.0,0.0,0.0,0.0,0.0,0.0,0.0,0.0,0.0,0.0,0.0,0.0,0.0,0.0,0.0,0.0,0.0,0.0,0.0,0.0,0.0,0.0,0.0,0.0,0.0,0.0,0.0,0.0,0.0,0.0,0.0,0.0,0.0,0.0,0.0,0.0,0.0,0.0,0.0,0.0,0.0,0.0,0.0,0.0,0.0,0.0,0.0,0.0,0.0,0.0,0.0,0.0,0.0,0.0,0.0,0.0,0.0,0.0,0.0,0.0,0.0,0.0,0.0,0.0,0.0,0.0,0.0,0.0,0.0,0.0,0.0,0.0,0.0,0.0,0.0,0.0,0.0,0.0,0.0,0.0,0.0,0.0,0.0,0.0,0.0,0.0,0.0,0.0,0.0,0.0,0.0,0.0,0.0,0.0,0.0,0.0,0.0,0.0,0.0,0.0,0.0,0.0,0.0,0.0,0.0,0.0,0.0,0.0,0.0,0.0,0.0,0.0,0.0,0.0,0.0,0.0,0.0,0.0,0.0,0.0,0.0,0.0,0.0,0.0,0.0,0.0,0.0,0.0,0.0,0.0,0.0,0.0,0.0,0.0,0.0,0.0,0.0,0.0,0.0,0.0,0.0,0.0,0.0,0.0,0.0,0.0,0.0,0.0,0.0,0.0,0.0,0.0,0.0,0.0,0.0,0.0,0.0,0.0,0.0,0.0,0.0,0.0,0.0,0.0,0.0,0.0,0.0,0.0,0.0,0.0,0.0,0.0,0.0,0.0,0.0,0.0,0.0,0.0,0.0,0.0,0.0,0.0,0.0,0.0,0.0,0.0,0.0,0.0,0.0,0.0,0.0,0.0,0.0,0.0,0.0,0.0,0.0,0.0,0.0,0.0,0.0,0.0,0.0,0.0,0.0,0.0,0.0,0.0,0.0,0.0,0.0,0.0,0.0,0.0,0.0,0.0,0.0,0.0,0.0,0.0,0.0,0.0,0.0,0.0,0.0,0.0,0.0,0.0,0.0,0.0,0.0,0.0,0.0,0.0,0.0,0.0,0.0,0.0,0.0,0.0,0.0,0.0,0.0,0.0,0.0,0.0,0.0,0.0,0.0,0.0,0.0,0.0,0.0,0.0,0.0,0.0,0.0,0.0,0.0,0.0,0.0,0.0,0.0,0.0,0.0,0.0,0.0,0.0,0.0,0.0,0.0,0.0,0.0,0.0,0.0,0.0,0.0,0.0,0.0,0.0,0.0,0.0,0.0,0.0,0.0,0.0,0.0,0.0,0.0,0.0,0.0,0.0,0.0,0.0,0.0,0.0,0.0,0.0,0.0,0.0,0.0,0.0,0.0,0.0,0.0,0.0,0.0,0.0,0.0,0.0,0.0,0.0,0.0,0.0,0.0,0.0,0.0,0.0,0.0,0.0,0.0,0.0,0.0,0.0,0.0,0.0,0.0,0.0,0.0,0.0,0.0,0.0,0.0,0.0,0.0,0.0,0.0,0.0,0.0,0.0,0.0,0.0,0.0,0.0,0.0,0.0,0.0,0.0,0.0,0.0,0.0,0.0,0.0,0.0,0.0,0.0,0.0,0.0,0.0,0.0,0.0,0.0,0.0,0.0,0.0,0.0,0.0,0.0,0.0,0.0,0.0,0.0,0.0,0.0,0.0,0.0,0.0,0.0,0.0,0.0,0.0,0.0,0.0,0.0,0.0,0.0,0.0,0.0,0.0,0.0,0.0,0.0,0.0,0.0,0.0,0.0,0.0,0.0,0.0,0.0,0.0,0.0,0.0,0.0,0.0,0.0,0.0,0.0,0.0,0.0,0.0,0.0,0.0,0.0,0.0,0.0,0.0,0.0,0.0,0.0,0.0,0.0,0.0,0.0,0.0,0.0,0.0,0.0,0.0,0.0,0.0,0.0,0.0,0.0,0.0,0.0,0.0,0.0,0.0,0.0,0.0,0.0,0.0,0.0
Tax60,0.0,-1.1076716,-0.8755479,-0.5989074,-0.29192388,0.03622096,0.37981272,0.7291317,1.0912398,1.4630154,1.843897,2.1580198,2.5463188,2.9439173,3.3511362,3.7679439,4.196388,4.6285334,5.039003,5.4610934,5.7981763,6.1881776,6.5051794,6.9463897,7.366949,7.7010255,8.070869,8.651113,9.1468115,9.652994,10.099508,10.532227,11.368296,12.069944,12.809766,13.065283,13.698317,14.448012,14.550814,15.054686,15.650787,15.764711,16.703854,17.728628,18.191376,19.141739,20.409042,20.894266,21.42732,21.924366,22.589418,22.537563,23.278582,23.803123,24.93324,25.070223,25.441395,26.16718,25.848612,25.777166,25.222494,25.03168,25.036118,24.80971,25.690376,27.006826,12.63376,13.217508,30.407135,32.21797,33.636005,34.833614,35.921783,17.170984,38.453117,18.55248,19.197224,20.198112,20.982311,21.858387,22.57977,23.326614,23.87825,24.874504,26.26995,27.415276,58.838917,61.245346,64.32569,67.04405,70.97267,74.22722,76.86182,80.51562,81.79975,83.37955,85.91132,88.320175,90.13335,93.10584,95.30059,97.26536,99.39185,103.266075,105.371445,108.63555,111.78524,114.081825,117.9219,120.991005,123.697174,126.85821,129.98674,131.03687,131.16853,58.68303,59.607777,61.090626,61.687263,61.776897,61.56477,60.659195,59.752518,59.053413,58.3109,57.076912,55.7256,52.524776,49.807858,47.576675,45.27193,43.12635,41.022945,38.449966,35.554527,32.4894,29.43519,25.87327,22.357761,18.641762,14.683092,10.694322,7.323389,4.439726,2.0520992,0.3884872,-1.5109894,-3.9182098,-6.311501,-8.455369,-9.8624525,-10.014335,-7.636725,-4.7541604,-2.3374112,0.0721194,2.355656,4.018693,5.153132,5.421661,5.7305856,5.6525464,4.7166915,3.7446587,3.190814,2.5762677,2.5722299,3.4421394,3.2761526,3.4718685,4.062866,4.726587,4.9379115,4.313408,6.43966,7.617405,6.746519,6.1695666,6.466501,7.9867344,8.745118,7.910539,4.143664,-0.08146387,-2.870812,-4.924706,-6.898078,-8.518323,-9.523189,-10.666838,-11.606363,-12.39915,-12.746579,-12.977792,-13.169172,-13.157594,-13.293832,-13.292965,-13.022124,-12.872362,-12.964203,-12.772073,-12.355515,-12.036677,-11.702632,-11.657114,-11.279009,-10.773341,-10.301546,-9.98859,-9.745201,-9.3490305,-8.845401,-8.413885,-7.909948,-7.4673004,-7.14131,-6.7992997,-6.362401,-5.9087987,-5.5686903,-5.2321625,-4.949595,-4.6309013,-4.3997498,-4.110458,-3.8432658,-3.6112993,-3.444021,-3.231277,-3.077976,-2.8880165,-2.6830056,-2.5084107,-2.3300688,-2.1521244,-1.9788786,-1.8705378,-1.7982147,-1.696551,-1.6204545,-1.5039214,-1.4508717,-1.3438443,-1.2600875,-1.1447018,-1.0630262,-1.0161396,-0.9288097,-0.88756007,-0.8611184,-0.8003765,-0.7503539,-0.7136749,-0.6665127,-0.6157158,-0.52834135,-0.5156767,-0.4903845,-0.4564272,-0.43691227,-0.43146038,-0.39488918,-0.38330543,-0.3619291,-0.32931003,-0.30252632,-0.28304145,-0.27984697,-0.2653152,-0.23941845,-0.23622811,-0.20708996,-0.19134246,-0.18356773,-0.1623696,-0.16022266,-0.15805903,-0.15589973,-0.15386105,-0.14526835,-0.13260093,-0.11712914,-0.10709947,-0.10559953,-0.104016654,-0.102423325,-0.08927349,-0.08053484,-0.07929013,-0.07271585,-0.07177571,-0.07092633,-0.07004373,-0.068863414,-0.06728899,-0.06529716,-0.058427755,-0.055421043,-0.04816829,-0.04529661,-0.039981417,-0.03682074,-0.033290036,-0.027365414,-0.021786682,-0.016434062,-0.012986103,-0.009186277,-0.004187502,0.0012431841,0.0068178196,0.012854133,0.01950835,0.027116897,0.035530515,0.04599855,0.058401063,0.0639963,0.07695153,0.09377159,0.12159217,0.16818635,0.2258412,0.28587547,0.32029927,0.34703258,0.3775125,0.41429096,0.45136064,0.5025135,0.5616925,0.6199436,0.71396387,0.8119588,0.9291843,1.0717062,1.2367487,2.565799,3.1832736,3.887868,4.7708063,5.8296323,7.094078,8.382524,9.790252,10.870269,11.943568,12.554539,13.032418,12.757349,11.000436,7.6064243,4.435843,1.9999977,0.55022514,-0.015426214,-0.22846907,-0.29797316,-0.23402616,-0.20921206,-0.17509577,-0.13188598,-0.07828355,-0.0012845509,0.057513528,-0.6098417,-0.49320245,-0.3659758,-0.2334058,-0.0988725,0.035774413,0.16958708,0.3022439,0.43353045,0.56352663,0.69238895,0.82031995,0.950349,1.0766755,1.2025579,1.3272024,1.4502859,1.5708543,1.6890885,1.8058397,1.9200634,2.0331533,2.1453958,2.2573552,2.367889,2.525803,2.609778,2.8768697,2.9202402,2.8793085,3.0279298,3.2742064,3.4771478,3.582914,3.7269566,3.8351538,4.017739,4.097451,4.226819,4.3783126,4.5787582,4.710849,5.027215,5.162847,5.475475,5.751077,5.871701,5.9127765,6.1196966,6.307574,6.439785,6.5651584,6.7639127,6.97867,6.9835386,7.0314856,7.2293844,6.960177,6.795965,6.5649242,6.4292893,6.3461757,6.3362594,6.527396,6.758732,2.7005508,2.8598576,7.5011377,7.923926,8.264877,8.618054,8.794036,3.6923976,9.363543,4.0184083,4.0789866,4.3292117,4.472318,4.6947427,4.9296627,5.0920396,5.2277327,5.4889283,5.7846603,6.094422,14.083377,14.705225,15.296003,15.604854,16.612438,17.100847,17.780638,18.529633,18.51214,18.916357,19.102215,19.619936,19.955647,20.635195,21.017025,21.587921,22.41885,23.10803,23.712084,24.002209,24.880919,25.379856,26.430456,27.519833,28.092203,29.083525,29.864588,31.015165,31.553738,13.7023115,14.423691,15.191414,15.482268,15.883296,16.226282,16.218779,16.295671,16.531748,16.704624,16.901974,16.709795,16.096565,15.6510515,15.348738,14.857596,14.399405,14.191755,13.663769,12.803382,12.052281,11.23299,10.225927,9.082849,7.8675437,6.3957796,4.924976,3.6961217,2.8920536,2.1782408,1.7625896,1.2463268,0.45025378,-0.3432301,-1.1285316,-1.6739175,-1.7288074,-0.8708173,0.25931746,1.2418455,2.2531748,3.2286332,4.031837,4.6250277,4.8500357,5.030054,5.122491,4.836578,4.488552,4.3236356,4.0603857,4.080826,4.408584,4.383932,4.4751406,4.7186875,5.050481,5.1907587,4.987371,5.8870354,6.533696,6.32563,6.171938,6.3856697,7.21243,7.6562023,7.4477935,5.732182,3.662636,2.182728,1.0440035,-0.021229826,-0.92078316,-1.4894763,-2.1286702,-2.6571136,-3.1501472,-3.4665403,-3.645675,-3.778175,-3.9059858,-4.071318,-4.109122,-4.111837,-4.1394367,-4.1341405,-4.1440954,-4.077928,-4.0506864,-4.0226865,-4.028815,-3.941542,-3.777504,-3.6276596,-3.4470017,-3.3581462,-3.2515016,-3.0507674,-2.9462533,-2.7424362,-2.658661,-2.5479999,-2.3736875,-2.2793887,-2.1721234,-2.0965447,-1.9522941,-1.8937515,-1.8296107,-1.7586694,-1.6197554,-1.4865122,-1.4107665,-1.3198414,-1.2421013,-1.1558694,-1.1039263,-1.0610112,-1.0024201,-0.9713773,-0.8979777,-0.85176367,-0.77791154,-0.75895655,-0.7270012,-0.6666237,-0.6502209,-0.6009548,-0.5613541,-0.533058,-0.49778974,-0.43741515,-0.41782388,-0.38365322,-0.3417202,-0.32287842,-0.27953276,-0.26906377,-0.24645144,-0.23482089,-0.21823797,-0.21584198,-0.1938892,-0.17800646,-0.16713035,-0.15810516,-0.13107136,-0.12931323,-0.1276208,-0.12604906,-0.118556656,-0.11167755,-0.10250729,-0.101374224,-0.07842442,-0.077431805,-0.076384835,-0.066175535,-0.06534551,-0.06452241,-0.06370564,-0.06285197,-0.06198827,-0.06112451,-0.060316164,-0.059525378,-0.04527183,-0.04464226,-0.04402112,-0.043388836,-0.042713422,-0.04203129,-0.04133031,-0.040690325,-0.040032905,-0.03553027,-0.035065908,-0.034654964,-0.034223113,-0.033611234,-0.027180023,-0.026264962,-0.025038851,-0.023503492,-0.021788232,-0.02019533,-0.018788362,-0.016895073,-0.014767712,-0.012511726,-0.010136768,-0.00748735,-0.004757701,-0.0015010068,0.0019605083,0.005735721,0.010311513,0.015149349,0.020502923,0.02664765,0.033466946,0.041978,0.05209456,0.06422517,0.07639582,0.09221236,0.118363336,0.1621692,0.21635942,0.27251872,0.3038995,0.32706878,0.35254788,0.38238192,0.4106761,0.4495883,0.49276853,0.53161013,0.5967933,0.65772724,0.7248921,0.8011393,0.8864207,1.7704738,2.0522602,2.3147826,2.5929084,2.8126142,2.987577,3.0899076,3.086999,2.9101648,2.5698586,2.2630403,1.9534094,1.5450882,1.0370818,0.71556973,0.577169,0.5412833,0.5351714,0.5931567,0.61130893,0.6152881,0.65880287,0.6795539,0.71142566,0.7526422,0.7549176,0.7865749,0.8391203,-0.11201174,-0.095661,-0.07743081,-0.058280617,-0.038775243,-0.019230958,0.00015953789,0.019316476,0.038207613,0.056811888,0.07516814,0.088094786,0.104579486,0.120998435,0.13738607,0.15375137,0.17013925,0.18662937,0.2033231,0.21957836,0.23585829,0.25215846,0.26825416,0.2843818,0.3003759,0.31572887,0.33140665,0.34743452,0.36376664,0.38051277,0.39028686,0.40194607,0.43517393,0.46527302,0.48575416,0.49132925,0.47587338,0.49044073,0.50796396,0.53000736,0.54387623,0.508419,0.542706,0.5226071,0.54951036,0.5848374,0.61932707,0.62096554,0.65408987,0.65035045,0.63945574,0.66048735,0.6718863,0.6982821,0.69796765,0.6986008,0.66374415,0.66114527,0.6454609,0.57358474,0.5674909,0.5503861,0.505347,0.5231829,0.55429304,0.1833802,0.20132604,0.6052132,0.65819395,0.7129902,0.74054307,0.77340555,0.29268414,0.7884358,0.31622946,0.32901466,0.36199176,0.37610975,0.38436893,0.4059856,0.42888576,0.44301176,0.45596555,0.5071231,0.54599786,1.3510275,1.3975629,1.5121502,1.5428746,1.6207043,1.7339003,1.839798,1.9359393,2.0240448,2.012242,1.981849,2.041682,2.0470176,2.0543716,2.1022596,2.1733544,2.2330632,2.3508198,2.3454263,2.420509,2.4380257,2.4717438,2.6891053,2.7042742,2.817981,2.8207614,2.9256678,3.033988,3.1903632,1.3243245,1.4540526,1.5446491,1.5846411,1.6228925,1.6768277,1.6892807,1.7154647,1.698767,1.7196902,1.7328715,1.7565018,1.745081,1.6832635,1.6451483,1.6239798,1.6158212,1.5268263,1.4653217,1.414649,1.3823205,1.2649665,1.1479435,1.0192491,0.8875798,0.7301256,0.5659786,0.42101908,0.31942186,0.24548797,0.20003891,0.14391455,0.056343537,-0.036654934,-0.11619578,-0.17056908,-0.17857063,-0.08973409,0.028861634,0.13735165,0.25200707,0.36259425,0.4557978,0.5237735,0.56844383,0.60425436,0.63364935,0.62045217,0.5815569,0.5700444,0.53582925,0.5431411,0.597029,0.57817096,0.5767217,0.6147435,0.6540823,0.67480385,0.65984994,0.78716016,0.88798624,0.88249165,0.86948305,0.9025718,1.0138516,1.1036761,1.1035792,0.8916185,0.5858335,0.3867803,0.23941424,0.098809384,-0.025028849,-0.11260314,-0.20505385,-0.28386894,-0.35561717,-0.40854958,-0.4357529,-0.4550333,-0.486477,-0.5135346,-0.533465,-0.5217441,-0.5121942,-0.5232847,-0.5237328,-0.49234238,-0.46436876,-0.4651556,-0.4443598,-0.42232335,-0.41050634,-0.40245664,-0.39411396,-0.38071316,-0.37062907,-0.35715893,-0.35352907,-0.31891018,-0.3001049,-0.28286278,-0.26385614,-0.24897365,-0.22042905,-0.20358351,-0.18398325,-0.18221994,-0.18051802,-0.16771528,-0.15729725,-0.1465162,-0.13294116,-0.13140208,-0.11583844,-0.11415113,-0.1128127,-0.09245305,-0.09145903,-0.09041788,-0.08064343,-0.06992272,-0.06907887,-0.068254866,-0.06744522,-0.06662654,-0.06581613,-0.06506124,-0.05619069,-0.05553734,-0.054857377,-0.05420419,-0.05355316,-0.04608753,-0.0341172,-0.03369076,-0.022948882,-0.02267509,-0.014925511,-0.014737489,-0.014564707,-0.01440357,-0.014244642,-0.01408593,-0.01393564,-0.013788933,-0.013616715,-0.013434837,-0.013259502,-0.01309609,-0.01292336,-0.012763273,-0.012617572,-0.012477096,0.0,0.0,0.0,0.0,0.0,0.0,0.0,0.0,0.0,0.0,0.0,0.0,0.0,0.0,0.0,0.0,0.0,0.0,0.0,0.0,0.0,0.0,0.0,0.0,0.0,0.0,0.0,0.0,0.0,0.0,0.0,0.0,0.0,0.0,0.0,0.0,0.0,0.0,0.0,0.0,0.0,0.0,0.0,0.0,0.0,0.0,0.0,0.0,0.0,0.0,0.0,0.0,0.0,0.0,0.0,0.0,0.0,0.0,0.0,0.0,0.0,0.0,0.0,0.0,0.0,0.0,0.0,0.0,0.0,0.0,0.0,0.0,0.0,0.0,0.0,0.0,0.0,0.0,0.0,0.0,0.0,0.0,0.0,0.0,0.0,0.0,0.0,0.0,0.0,0.0,0.0,0.0,0.0,0.0,0.0,0.0,0.0,0.0,0.0,0.0,0.0,0.0,0.0,0.0,0.0,0.0,0.0,0.0,0.0,0.0,0.0,0.0,0.0,0.0,0.0,0.0,0.0,0.0,0.0,0.0,0.0,0.0,0.0,0.0,0.0,0.0,0.0,0.0,0.0,0.0,0.0,0.0,0.0,0.0,0.0,0.0,0.0,0.0,0.0,0.0,0.0,0.0,0.0,0.0,0.0,0.0,0.0,0.0,0.0,0.0,0.0,0.0,0.0,0.0,0.0,0.0,0.0,0.0,0.0,0.0,0.0,0.0,0.0,0.0,0.0,0.0,0.0,0.0,0.0,0.0,0.0,0.0,0.0,0.0,0.0,0.0,0.0,0.0,0.0,0.0,0.0,0.0,0.0,0.0,0.0,0.0,0.0,0.0,0.0,0.0,0.0,0.0,0.0,0.0,0.0,0.0,0.0,0.0,0.0,0.0,0.0,0.0,0.0,0.0,0.0,0.0,0.0,0.0,0.0,0.0,0.0,0.0,0.0,0.0,0.0,0.0,0.0,0.0,0.0,0.0,0.0,0.0,0.0,0.0,0.0,0.0,0.0,0.0,0.0,0.0,0.0,0.0,0.0,0.0,0.0,0.0,0.0,0.0,0.0,0.0,0.0,0.0,0.0,0.0,0.0,0.0,0.0,0.0,0.0,0.0,0.0,0.0,0.0,0.0,0.0,0.0,0.0,0.0,0.0,0.0,0.0,0.0,0.0,0.0,0.0,0.0,0.0,0.0,0.0,0.0,0.0,0.0,0.0,0.0,0.0,0.0,0.0,0.0,0.0,0.0,0.0,0.0,0.0,0.0,0.0,0.0,0.0,0.0,0.0,0.0,0.0,0.0,0.0,0.0,0.0,0.0,0.0,0.0,0.0,0.0,0.0,0.0,0.0,0.0,0.0,0.0,0.0,0.0,0.0,0.0,0.0,0.0,0.0,0.0,0.0,0.0,0.0,0.0,0.0,0.0,0.0,0.0,0.0,0.0,0.0,0.0,0.0,0.0,0.0,0.0,0.0,0.0,0.0,0.0,0.0,0.0,0.0,0.0,0.0,0.0,0.0,0.0,0.0,0.0,0.0,0.0,0.0,0.0,0.0,0.0,0.0,0.0,0.0,0.0,0.0,0.0,0.0,0.0,0.0,0.0,0.0,0.0,0.0,0.0,0.0,0.0,0.0,0.0,0.0,0.0,0.0,0.0,0.0,0.0,0.0,0.0,0.0,0.0,0.0,0.0,0.0,0.0,0.0,0.0,0.0,0.0,0.0,0.0,0.0,0.0,0.0,0.0,0.0,0.0,0.0,0.0,0.0,0.0,0.0,0.0,0.0,0.0,0.0,0.0,0.0,0.0,0.0,0.0,0.0,0.0,0.0,0.0,0.0,0.0,0.0,0.0,0.0,0.0,0.0,0.0,0.0,0.0,0.0,0.0,0.0,0.0,0.0,0.0,0.0,0.0,0.0,0.0,0.0,0.0,0.0,0.0,0.0,0.0,0.0,0.0,0.0,0.0,0.0,0.0,0.0,0.0,0.0,0.0,0.0,0.0,0.0,0.0,0.0,0.0,0.0,0.0,0.0,0.0,0.0,0.0,0.0,0.0,0.0,0.0,0.0,0.0,0.0,0.0,0.0,0.0,0.0,0.0,0.0,0.0,0.0,0.0,0.0,0.0,0.0,0.0,0.0,0.0,0.0,0.0,0.0,0.0,0.0,0.0,0.0,0.0,0.0,0.0,0.0,0.0,0.0,0.0,0.0,0.0,0.0,0.0,0.0,0.0,0.0,0.0,0.0,0.0,0.0,0.0,0.0,0.0,0.0,0.0,0.0,0.0,0.0,0.0,0.0,0.0,0.0,0.0,0.0,0.0,0.0,0.0,0.0,0.0,0.0,0.0,0.0,0.0,0.0,0.0,0.0,0.0,0.0,0.0,0.0,0.0,0.0,0.0,0.0,0.0,0.0,0.0,0.0,0.0,0.0,0.0,0.0,0.0,0.0,0.0,0.0,0.0,0.0,0.0,0.0,0.0,0.0,0.0,0.0,0.0,0.0,0.0,0.0,0.0,0.0,0.0,0.0,0.0,0.0,0.0,0.0,0.0,0.0,0.0,0.0,0.0,0.0,0.0,0.0,0.0,0.0,0.0,0.0,0.0,0.0,0.0,0.0,0.0,0.0,0.0,0.0,0.0,0.0,0.0,0.0,0.0,0.0,0.0,0.0,0.0,0.0,0.0,0.0,0.0,0.0,0.0,0.0,0.0,0.0,0.0,0.0,0.0,0.0,0.0,0.0,0.0,0.0,0.0,0.0,0.0,0.0,0.0,0.0,0.0,0.0,0.0,0.0,0.0,0.0,0.0,0.0,0.0,0.0,0.0,0.0,0.0,0.0,0.0,0.0,0.0,0.0,0.0,0.0,0.0,0.0,0.0,0.0,0.0,0.0,0.0,0.0,0.0,0.0,0.0,0.0,0.0,0.0,0.0,0.0,0.0,0.0,0.0,0.0,0.0,0.0,0.0,0.0,0.0,0.0,0.0,0.0,0.0,0.0,0.0,0.0,0.0,0.0,0.0,0.0,0.0,0.0,0.0,0.0,0.0,0.0,0.0,0.0,0.0,0.0,0.0,0.0,0.0,0.0,0.0,0.0,0.0,0.0,0.0,0.0,0.0,0.0,0.0,0.0,0.0,0.0,0.0,0.0,0.0,0.0,0.0,0.0,0.0,0.0,0.0,0.0,0.0,0.0,0.0,0.0,0.0,0.0,0.0,0.0,0.0,0.0,0.0,0.0,0.0,0.0,0.0,0.0,0.0,0.0,0.0,0.0,0.0,0.0,0.0,0.0,0.0,0.0,0.0,0.0,0.0,0.0,0.0,0.0,0.0,0.0,0.0,0.0,0.0,0.0,0.0,0.0,0.0,0.0,0.0,0.0,0.0,0.0,0.0,0.0,0.0,0.0,0.0,0.0,0.0,0.0,0.0,0.0,0.0,0.0,0.0,0.0,0.0,0.0,0.0,0.0,0.0,0.0,0.0,0.0,0.0,0.0,0.0,0.0,0.0,0.0,0.0,0.0,0.0,0.0,0.0,0.0,0.0,0.0,0.0,0.0,0.0,0.0,0.0,0.0,0.0,0.0,0.0,0.0,0.0,0.0,0.0,0.0,0.0,0.0,0.0,0.0,0.0,0.0,0.0,0.0,0.0,0.0,0.0,0.0,0.0,0.0,0.0,0.0,0.0,0.0,0.0,0.0,0.0,0.0,0.0,0.0,0.0,0.0,0.0,0.0,0.0,0.0,0.0,0.0,0.0,0.0,0.0,0.0,0.0,0.0,0.0,0.0,0.0,0.0,0.0,0.0,0.0,0.0,0.0,0.0,0.0,0.0,0.0,0.0,0.0,0.0,0.0,0.0,0.0,0.0,0.0,0.0,0.0,0.0,0.0,0.0,0.0,0.0,0.0,0.0,0.0,0.0,0.0,0.0,0.0,0.0,0.0,0.0,0.0,0.0,0.0,0.0,0.0,0.0,0.0,0.0,0.0,0.0,0.0,0.0,0.0,0.0,0.0,0.0,0.0,0.0,0.0,0.0,0.0,0.0,0.0,0.0,0.0,0.0,0.0,0.0,0.0,0.0,0.0,0.0,0.0,0.0,0.0,0.0,0.0,0.0,0.0,0.0,0.0,0.0,0.0,0.0,0.0,0.0,0.0,0.0,0.0,0.0,0.0,0.0,0.0,0.0,0.0,0.0,0.0,0.0,0.0,0.0,0.0,0.0,0.0,0.0,0.0,0.0,0.0,0.0,0.0,0.0,0.0,0.0,0.0,0.0,0.0,0.0,0.0,0.0,0.0,0.0,0.0,0.0,0.0,0.0,0.0,0.0,0.0,0.0,0.0,0.0,0.0,0.0,0.0,0.0,0.0,0.0,0.0,0.0,0.0,0.0,0.0,0.0,0.0,0.0,0.0,0.0,0.0,0.0,0.0,0.0,0.0,0.0,0.0,0.0,0.0,0.0,0.0,0.0,0.0,0.0,0.0,0.0,0.0,0.0,0.0,0.0,0.0,0.0,0.0,0.0,0.0,0.0,0.0,0.0,0.0,0.0,0.0,0.0,0.0,0.0,0.0,0.0,0.0,0.0,0.0,0.0,0.0,0.0,0.0,0.0,0.0,0.0,0.0,0.0,0.0,0.0,0.0,0.0,0.0,0.0,0.0,0.0,0.0,0.0,0.0,0.0,0.0,0.0,0.0,0.0,0.0,0.0,0.0,0.0,0.0,0.0,0.0,0.0,0.0,0.0,0.0,0.0,0.0,0.0,0.0,0.0,0.0,0.0,0.0,0.0,0.0,0.0,0.0,0.0,0.0,0.0,0.0,0.0,0.0,0.0,0.0,0.0,0.0,0.0,0.0,0.0,0.0,0.0,0.0,0.0,0.0,0.0,0.0,0.0,0.0,0.0,0.0,0.0,0.0,0.0,0.0,0.0,0.0,0.0,0.0,0.0,0.0,0.0,0.0,0.0,0.0,0.0,0.0,0.0,0.0,0.0,0.0,0.0,0.0,0.0,0.0,0.0,0.0,0.0,0.0,0.0,0.0,0.0,0.0,0.0,0.0,0.0,0.0,0.0,0.0,0.0,0.0,0.0,0.0,0.0,0.0,0.0,0.0,0.0,0.0,0.0,0.0,0.0,0.0,0.0,0.0,0.0,0.0,0.0,0.0,0.0,0.0,0.0,0.0,0.0,0.0,0.0,0.0,0.0,0.0,0.0,0.0,0.0,0.0,0.0,0.0,0.0,0.0,0.0,0.0,0.0,0.0,0.0,0.0,0.0,0.0,0.0,0.0,0.0,0.0,0.0,0.0,0.0,0.0,0.0,0.0,0.0,0.0,0.0,0.0,0.0,0.0,0.0,0.0,0.0,0.0,0.0,0.0,0.0,0.0,0.0,0.0,0.0,0.0,0.0,0.0,0.0,0.0,0.0,0.0,0.0,0.0,0.0,0.0,0.0,0.0,0.0,0.0,0.0,0.0,0.0,0.0,0.0,0.0,0.0,0.0,0.0,0.0,0.0,0.0,0.0,0.0,0.0,0.0,0.0,0.0,0.0,0.0,0.0,0.0,0.0,0.0,0.0,0.0,0.0,0.0,0.0,0.0,0.0,0.0,0.0,0.0,0.0,0.0,0.0,0.0,0.0,0.0,0.0,0.0,0.0,0.0,0.0,0.0,0.0,0.0,0.0,0.0,0.0,0.0,0.0,0.0,0.0,0.0,0.0,0.0,0.0,0.0,0.0,0.0,0.0,0.0,0.0,0.0,0.0,0.0,0.0,0.0,0.0,0.0,0.0,0.0,0.0,0.0,0.0,0.0,0.0,0.0,0.0,0.0,0.0,0.0,0.0,0.0,0.0,0.0,0.0,0.0,0.0,0.0,0.0,0.0,0.0,0.0,0.0,0.0,0.0,0.0,0.0,0.0,0.0,0.0,0.0,0.0,0.0,0.0,0.0,0.0,0.0,0.0,0.0,0.0,0.0,0.0,0.0,0.0,0.0,0.0,0.0,0.0,0.0,0.0,0.0,0.0,0.0,0.0,0.0,0.0,0.0,0.0,0.0,0.0,0.0,0.0,0.0,0.0,0.0,0.0,0.0,0.0,0.0,0.0,0.0,0.0,0.0,0.0,0.0,0.0,0.0,0.0,0.0,0.0,0.0,0.0,0.0,0.0,0.0,0.0,0.0,0.0,0.0,0.0,0.0,0.0,0.0,0.0,0.0,0.0,0.0,0.0,0.0,0.0,0.0,0.0,0.0,0.0,0.0,0.0,0.0,0.0,0.0,0.0,0.0,0.0,0.0,0.0,0.0,0.0,0.0,0.0,0.0,0.0,0.0,0.0,0.0,0.0,0.0,0.0,0.0,0.0,0.0,0.0,0.0,0.0,0.0,0.0,0.0,0.0,0.0,0.0,0.0,0.0,0.0,0.0,0.0,0.0,0.0,0.0,0.0,0.0,0.0,0.0,0.0,0.0,0.0,0.0,0.0,0.0,0.0,0.0,0.0,0.0,0.0,0.0,0.0,0.0,0.0,0.0,0.0,0.0,0.0,0.0,0.0,0.0,0.0,0.0,0.0,0.0,0.0,0.0,0.0,0.0,0.0,0.0,0.0,0.0,0.0,0.0,0.0,0.0,0.0,0.0,0.0,0.0,0.0,0.0,0.0,0.0,0.0,0.0,0.0,0.0,0.0,0.0,0.0,0.0,0.0,0.0,0.0,0.0,0.0,0.0,0.0,0.0,0.0,0.0,0.0,0.0,0.0,0.0,0.0,0.0,0.0,0.0,0.0,0.0,0.0,0.0,0.0,0.0,0.0,0.0,0.0,0.0,0.0,0.0,0.0,0.0,0.0,0.0,0.0,0.0,0.0,0.0,0.0,0.0,0.0,0.0,0.0,0.0,0.0,0.0,0.0,0.0,0.0,0.0,0.0,0.0,0.0,0.0,0.0,0.0,0.0,0.0,0.0,0.0,0.0,0.0,0.0,0.0,0.0,0.0,0.0,0.0,0.0,0.0,0.0,0.0,0.0,0.0,0.0,0.0,0.0,0.0,0.0,0.0,0.0,0.0,0.0,0.0,0.0,0.0,0.0,0.0,0.0,0.0,0.0,0.0,0.0,0.0,0.0,0.0,0.0,0.0,0.0,0.0,0.0,0.0,0.0,0.0,0.0,0.0,0.0,0.0,0.0,0.0,0.0,0.0,0.0,0.0,0.0,0.0,0.0,0.0,0.0,0.0,0.0,0.0,0.0,0.0,0.0,0.0,0.0,0.0,0.0,0.0,0.0,0.0,0.0,0.0,0.0,0.0,0.0,0.0,0.0,0.0,0.0,0.0,0.0,0.0,0.0,0.0,0.0,0.0,0.0,0.0,0.0,0.0,0.0,0.0,0.0,0.0,0.0,0.0,0.0,0.0,0.0,0.0,0.0,0.0,0.0,0.0,0.0,0.0,0.0,0.0,0.0,0.0,0.0,0.0,0.0,0.0,0.0,0.0,0.0,0.0,0.0,0.0,0.0,0.0,0.0,0.0,0.0,0.0,0.0,0.0,0.0,0.0,0.0,0.0,0.0,0.0,0.0,0.0,0.0,0.0,0.0,0.0,0.0,0.0,0.0,0.0,0.0,0.0,0.0,0.0,0.0,0.0,0.0,0.0,0.0,0.0,0.0,0.0,0.0,0.0,0.0,0.0,0.0,0.0,0.0,0.0,0.0,0.0,0.0,0.0,0.0,0.0,0.0,0.0,0.0,0.0,0.0,0.0,0.0,0.0,0.0,0.0,0.0,0.0,0.0,0.0,0.0,0.0,0.0,0.0,0.0,0.0,0.0,0.0,0.0,0.0,0.0,0.0,0.0,0.0,0.0,0.0,0.0,0.0,0.0,0.0,0.0,0.0,0.0,0.0,0.0,0.0,0.0,0.0,0.0,0.0,0.0,0.0,0.0,0.0,0.0,0.0,0.0,0.0,0.0,0.0,0.0,0.0,0.0,0.0,0.0,0.0,0.0,0.0,0.0,0.0,0.0,0.0,0.0,0.0,0.0,0.0,0.0,0.0,0.0,0.0,0.0,0.0,0.0,0.0,0.0,0.0,0.0,0.0,0.0,0.0,0.0,0.0,0.0,0.0,0.0,0.0,0.0,0.0,0.0,0.0,0.0,0.0,0.0,0.0,0.0,0.0,0.0,0.0,0.0,0.0,0.0,0.0,0.0,0.0,0.0,0.0,0.0,0.0,0.0,0.0,0.0,0.0,0.0,0.0,0.0,0.0,0.0,0.0,0.0,0.0,0.0,0.0,0.0,0.0,0.0,0.0,0.0,0.0,0.0,0.0,0.0,0.0,0.0,0.0,0.0,0.0,0.0,0.0,0.0,0.0,0.0,0.0,0.0,0.0,0.0,0.0,0.0,0.0,0.0,0.0,0.0,0.0,0.0,0.0,0.0,0.0,0.0,0.0,0.0,0.0,0.0,0.0,0.0,0.0,0.0,0.0,0.0,0.0,0.0,0.0,0.0,0.0,0.0,0.0,0.0,0.0
Tax61,0.0,-2.670204,-1.9808208,-1.2700858,-0.57333827,0.12767428,0.8214674,1.5203099,2.229615,2.9556699,3.7037892,4.48137,5.293906,6.1479197,7.051318,8.004474,9.03898,10.064082,11.078257,12.096421,12.850048,13.978839,15.038414,16.286865,17.546724,17.927158,19.075056,20.15743,21.508106,22.687237,23.963688,24.646223,26.339455,28.07977,29.427534,31.006739,32.600178,34.066696,34.770203,35.95693,37.23913,38.89563,40.433167,42.925156,44.49016,46.45097,48.92399,49.791237,51.67771,53.455666,54.579865,55.38245,56.913177,58.409714,60.96156,61.417587,62.88153,64.26418,63.88134,62.987682,61.275112,60.61265,59.180794,59.281685,61.17007,63.558315,57.354294,60.63261,73.8551,77.49323,81.2689,84.20126,85.61842,76.49212,92.073875,82.42161,86.00888,90.65906,94.66715,99.25302,103.64636,107.59622,111.09045,116.03732,122.26034,129.071,154.0773,158.2105,166.11348,173.99063,181.34302,190.31914,197.41142,202.83798,204.34152,204.67274,206.84909,211.18958,214.92043,218.1345,221.49208,224.40837,228.0256,233.26369,238.49118,242.12675,245.26918,248.81339,253.90411,257.14612,261.86185,267.5429,270.84753,272.0572,268.68198,230.83633,235.98839,242.5179,245.35707,247.3925,246.9484,244.36426,243.0916,241.32555,239.94861,237.03954,232.3835,220.92894,212.10254,204.84229,196.05992,188.3911,181.01793,172.84859,162.30661,150.63089,139.77817,127.401375,114.64199,99.93666,85.45007,70.23703,56.619926,46.191334,36.676388,30.003202,22.999132,13.974642,5.27951,-2.3260918,-7.3128014,-7.4970846,1.469956,11.87141,19.898039,27.23291,34.37849,39.082294,42.05822,42.025757,42.192314,41.593803,38.05491,34.483105,32.400555,30.274359,29.873644,32.114643,31.274185,31.3112,32.595947,34.05815,34.17548,32.12699,37.672157,40.60831,37.25914,35.222023,35.80037,39.57047,41.055164,38.61793,28.180412,16.53012,8.658915,2.8270733,-2.7808423,-7.4766035,-10.139897,-13.369466,-15.985087,-18.29433,-19.270187,-19.466003,-19.65724,-19.6316,-19.9006,-19.77075,-18.982946,-18.21331,-17.663055,-16.770416,-15.977843,-14.989299,-14.529679,-13.670978,-12.939116,-12.037251,-11.183885,-10.33721,-9.479883,-8.77503,-7.82137,-6.98656,-6.498575,-5.884976,-5.367414,-4.856274,-4.415988,-3.935543,-3.3504589,-2.9120386,-2.6269224,-2.2266948,-1.9848688,-1.78014,-1.5818996,-1.3552806,-1.2431135,-1.0132314,-0.87717324,-0.8066556,-0.74993044,-0.6741944,-0.5761465,-0.52871656,-0.47661403,-0.3986739,-0.33913723,-0.29173648,-0.25876188,-0.20610492,-0.17574331,-0.15435848,-0.14175282,-0.13852094,-0.114384495,-0.11183289,-0.099577405,-0.08755079,-0.085512325,-0.08358115,-0.07431092,-0.054757044,-0.047197375,-0.025755664,-0.018781237,-0.018400136,-0.012369082,-0.0059818877,-0.005866311,-0.005728892,-0.005584567,-0.005447752,0.0,0.0,0.0,0.0,0.0,0.0,0.0,0.0,0.0,0.0,0.0,0.0,0.0,0.0,0.0,0.0,0.0,0.0,0.0,0.0,0.0,0.0,0.0,0.0,0.0,0.0,0.0,0.0,0.0,0.0,0.0,0.0,0.0,0.0,0.0,0.0,0.0,0.0,0.0,0.0,0.0,0.0,0.0,0.0,0.0,0.0,0.0,0.0,0.0,0.0,0.0,0.0,0.0,0.0,0.0,0.0,0.0,0.0,0.0,0.0,0.0,0.0,0.0,0.0,0.0,0.0,0.0,0.0,0.0,0.0,0.0,0.0,0.0,0.0,0.0,0.0,0.0,0.0,0.0,0.0,0.0,0.0,0.0,0.0,0.0,0.0,0.0,0.0,0.0,0.0,0.0,0.0,0.0,0.0,0.0,0.0,0.0,0.0,0.0,0.0,0.0,0.0,0.0,0.0,0.0,0.0,0.0,0.0,0.0,0.0,0.0,0.0,0.0,0.0,0.0,0.0,0.0,0.0,0.0,0.0,0.0,0.0,0.0,0.0,0.0,0.0,0.0,0.0,0.0,0.0,0.0,0.0,0.0,0.0,0.0,0.0,0.0,0.0,0.0,0.0,0.0,0.0,0.0,0.0,0.0,0.0,0.0,0.0,0.0,0.0,0.0,0.0,0.0,0.0,0.0,0.0,0.0,0.0,0.0,0.0,0.0,0.0,0.0,0.0,0.0,0.0,0.0,0.0,0.0,0.0,0.0,0.0,0.0,0.0,0.0,0.0,0.0,0.0,0.0,0.0,0.0,0.0,0.0,0.0,0.0,0.0,0.0,0.0,0.0,0.0,0.0,0.0,0.0,0.0,0.0,0.0,0.0,0.0,0.0,0.0,0.0,0.0,0.0,0.0,0.0,0.0,0.0,0.0,0.0,0.0,0.0,0.0,0.0,0.0,0.0,0.0,0.0,0.0,0.0,0.0,0.0,0.0,0.0,0.0,0.0,0.0,0.0,0.0,0.0,0.0,0.0,0.0,0.0,0.0,0.0,0.0,0.0,0.0,0.0,0.0,0.0,0.0,0.0,0.0,0.0,0.0,0.0,0.0,0.0,0.0,0.0,0.0,0.0,0.0,0.0,0.0,0.0,0.0,0.0,0.0,0.0,0.0,0.0,0.0,0.0,0.0,0.0,0.0,0.0,0.0,0.0,0.0,0.0,0.0,0.0,0.0,0.0,0.0,0.0,0.0,0.0,0.0,0.0,0.0,0.0,0.0,0.0,0.0,0.0,0.0,0.0,0.0,0.0,0.0,0.0,0.0,0.0,0.0,0.0,0.0,0.0,0.0,0.0,0.0,0.0,0.0,0.0,0.0,0.0,0.0,0.0,0.0,0.0,0.0,0.0,0.0,0.0,0.0,0.0,0.0,0.0,0.0,0.0,0.0,0.0,0.0,0.0,0.0,0.0,0.0,0.0,0.0,0.0,0.0,0.0,0.0,0.0,0.0,0.0,0.0,0.0,0.0,0.0,0.0,0.0,0.0,0.0,0.0,0.0,0.0,0.0,0.0,0.0,0.0,0.0,0.0,0.0,0.0,0.0,0.0,0.0,0.0,0.0,0.0,0.0,0.0,0.0,0.0,0.0,0.0,0.0,0.0,0.0,0.0,0.0,0.0,0.0,0.0,0.0,0.0,0.0,0.0,0.0,0.0,0.0,0.0,0.0,0.0,0.0,0.0,0.0,0.0,0.0,0.0,0.0,0.0,0.0,0.0,0.0,0.0,0.0,0.0,0.0,0.0,0.0,0.0,0.0,0.0,0.0,0.0,0.0,0.0,0.0,0.0,0.0,0.0,0.0,0.0,0.0,0.0,0.0,0.0,0.0,0.0,0.0,0.0,0.0,0.0,0.0,0.0,0.0,0.0,0.0,0.0,0.0,0.0,0.0,0.0,0.0,0.0,0.0,0.0,0.0,0.0,0.0,0.0,0.0,0.0,0.0,0.0,0.0,0.0,0.0,0.0,0.0,0.0,0.0,0.0,0.0,0.0,0.0,0.0,0.0,0.0,0.0,0.0,0.0,0.0,0.0,0.0,0.0,0.0,0.0,0.0,0.0,0.0,0.0,0.0,0.0,0.0,0.0,0.0,0.0,0.0,0.0,0.0,0.0,0.0,0.0,0.0,0.0,0.0,0.0,0.0,0.0,0.0,0.0,0.0,0.0,0.0,0.0,0.0,0.0,0.0,0.0,0.0,0.0,0.0,0.0,0.0,0.0,0.0,0.0,0.0,0.0,0.0,0.0,0.0,0.0,0.0,0.0,0.0,0.0,0.0,0.0,0.0,0.0,0.0,0.0,0.0,0.0,0.0,0.0,0.0,0.0,0.0,0.0,0.0,0.0,0.0,0.0,0.0,0.0,0.0,0.0,0.0,0.0,0.0,0.0,0.0,0.0,0.0,0.0,0.0,0.0,0.0,0.0,0.0,0.0,0.0,0.0,0.0,0.0,0.0,0.0,0.0,0.0,0.0,0.0,0.0,0.0,0.0,0.0,0.0,0.0,0.0,0.0,0.0,0.0,0.0,0.0,0.0,0.0,0.0,0.0,0.0,0.0,0.0,0.0,0.0,0.0,0.0,0.0,0.0,0.0,0.0,0.0,0.0,0.0,0.0,0.0,0.0,0.0,0.0,0.0,0.0,0.0,0.0,0.0,0.0,0.0,0.0,0.0,0.0,0.0,0.0,0.0,0.0,0.0,0.0,0.0,0.0,0.0,0.0,0.0,0.0,0.0,0.0,0.0,0.0,0.0,0.0,0.0,0.0,0.0,0.0,0.0,0.0,0.0,0.0,0.0,0.0,0.0,0.0,0.0,0.0,0.0,0.0,0.0,0.0,0.0,0.0,0.0,0.0,0.0,0.0,0.0,0.0,0.0,0.0,0.0,0.0,0.0,0.0,0.0,0.0,0.0,0.0,0.0,0.0,0.0,0.0,0.0,0.0,0.0,0.0,0.0,0.0,0.0,0.0,0.0,0.0,0.0,0.0,0.0,0.0,0.0,0.0,0.0,0.0,0.0,0.0,0.0,0.0,0.0,0.0,0.0,0.0,0.0,0.0,0.0,0.0,0.0,0.0,0.0,0.0,0.0,0.0,0.0,0.0,0.0,0.0,0.0,0.0,0.0,0.0,0.0,0.0,0.0,0.0,0.0,0.0,0.0,0.0,0.0,0.0,0.0,0.0,0.0,0.0,0.0,0.0,0.0,0.0,0.0,0.0,0.0,0.0,0.0,0.0,0.0,0.0,0.0,0.0,0.0,0.0,0.0,0.0,0.0,0.0,0.0,0.0,0.0,0.0,0.0,0.0,0.0,0.0,0.0,0.0,0.0,0.0,0.0,0.0,0.0,0.0,0.0,0.0,0.0,0.0,0.0,0.0,0.0,0.0,0.0,0.0,0.0,0.0,0.0,0.0,0.0,0.0,0.0,0.0,0.0,0.0,0.0,0.0,0.0,0.0,0.0,0.0,0.0,0.0,0.0,0.0,0.0,0.0,0.0,0.0,0.0,0.0,0.0,0.0,0.0,0.0,0.0,0.0,0.0,0.0,0.0,0.0,0.0,0.0,0.0,0.0,0.0,0.0,0.0,0.0,0.0,0.0,0.0,0.0,0.0,0.0,0.0,0.0,0.0,0.0,0.0,0.0,0.0,0.0,0.0,0.0,0.0,0.0,0.0,0.0,0.0,0.0,0.0,0.0,0.0,0.0,0.0,0.0,0.0,0.0,0.0,0.0,0.0,0.0,0.0,0.0,0.0,0.0,0.0,0.0,0.0,0.0,0.0,0.0,0.0,0.0,0.0,0.0,0.0,0.0,0.0,0.0,0.0,0.0,0.0,0.0,0.0,0.0,0.0,0.0,0.0,0.0,0.0,0.0,0.0,0.0,0.0,0.0,0.0,0.0,0.0,0.0,0.0,0.0,0.0,0.0,0.0,0.0,0.0,0.0,0.0,0.0,0.0,0.0,0.0,0.0,0.0,0.0,0.0,0.0,0.0,0.0,0.0,0.0,0.0,0.0,0.0,0.0,0.0,0.0,0.0,0.0,0.0,0.0,0.0,0.0,0.0,0.0,0.0,0.0,0.0,0.0,0.0,0.0,0.0,0.0,0.0,0.0,0.0,0.0,0.0,0.0,0.0,0.0,0.0,0.0,0.0,0.0,0.0,0.0,0.0,0.0,0.0,0.0,0.0,0.0,0.0,0.0,0.0,0.0,0.0,0.0,0.0,0.0,0.0,0.0,0.0,0.0,0.0,0.0,0.0,0.0,0.0,0.0,0.0,0.0,0.0,0.0,0.0,0.0,0.0,0.0,0.0,0.0,0.0,0.0,0.0,0.0,0.0,0.0,0.0,0.0,0.0,0.0,0.0,0.0,0.0,0.0,0.0,0.0,0.0,0.0,0.0,0.0,0.0,0.0,0.0,0.0,0.0,0.0,0.0,0.0,0.0,0.0,0.0,0.0,0.0,0.0,0.0,0.0,0.0,0.0,0.0,0.0,0.0,0.0,0.0,0.0,0.0,0.0,0.0,0.0,0.0,0.0,0.0,0.0,0.0,0.0,0.0,0.0,0.0,0.0,0.0,0.0,0.0,0.0,0.0,0.0,0.0,0.0,0.0,0.0,0.0,0.0,0.0,0.0,0.0,0.0,0.0,0.0,0.0,0.0,0.0,0.0,0.0,0.0,0.0,0.0,0.0,0.0,0.0,0.0,0.0,0.0,0.0,0.0,0.0,0.0,0.0,0.0,0.0,0.0,0.0,0.0,0.0,0.0,0.0,0.0,0.0,0.0,0.0,0.0,0.0,0.0,0.0,0.0,0.0,0.0,0.0,0.0,0.0,0.0,0.0,0.0,0.0,0.0,0.0,0.0,0.0,0.0,0.0,0.0,0.0,0.0,0.0,0.0,0.0,0.0,0.0,0.0,0.0,0.0,0.0,0.0,0.0,0.0,0.0,0.0,0.0,0.0,0.0,0.0,0.0,0.0,0.0,0.0,0.0,0.0,0.0,0.0,0.0,0.0,0.0,0.0,0.0,0.0,0.0,0.0,0.0,0.0,0.0,0.0,0.0,0.0,0.0,0.0,0.0,0.0,0.0,0.0,0.0,0.0,0.0,0.0,0.0,0.0,0.0,0.0,0.0,0.0,0.0,0.0,0.0,0.0,0.0,0.0,0.0,0.0,0.0,0.0,0.0,0.0,0.0,0.0,0.0,0.0,0.0,0.0,0.0,0.0,0.0,0.0,0.0,0.0,0.0,0.0,0.0,0.0,0.0,0.0,0.0,0.0,0.0,0.0,0.0,0.0,0.0,0.0,0.0,0.0,0.0,0.0,0.0,0.0,0.0,0.0,0.0,0.0,0.0,0.0,0.0,0.0,0.0,0.0,0.0,0.0,0.0,0.0,0.0,0.0,0.0,0.0,0.0,0.0,0.0,0.0,0.0,0.0,0.0,0.0,0.0,0.0,0.0,0.0,0.0,0.0,0.0,0.0,0.0,0.0,0.0,0.0,0.0,0.0,0.0,0.0,0.0,0.0,0.0,0.0,0.0,0.0,0.0,0.0,0.0,0.0,0.0,0.0,0.0,0.0,0.0,0.0,0.0,0.0,0.0,0.0,0.0,0.0,0.0,0.0,0.0,0.0,0.0,0.0,0.0,0.0,0.0,0.0,0.0,0.0,0.0,0.0,0.0,0.0,0.0,0.0,0.0,0.0,0.0,0.0,0.0,0.0,0.0,0.0,0.0,0.0,0.0,0.0,0.0,0.0,0.0,0.0,0.0,0.0,0.0,0.0,0.0,0.0,0.0,0.0,0.0,0.0,0.0,0.0,0.0,0.0,0.0,0.0,0.0,0.0,0.0,0.0,0.0,0.0,0.0,0.0,0.0,0.0,0.0,0.0,0.0,0.0,0.0,0.0,0.0,0.0,0.0,0.0,0.0,0.0,0.0,0.0,0.0,0.0,0.0,0.0,0.0,0.0,0.0,0.0,0.0,0.0,0.0,0.0,0.0,0.0,0.0,0.0,0.0,0.0,0.0,0.0,0.0,0.0,0.0,0.0,0.0,0.0,0.0,0.0,0.0,0.0,0.0,0.0,0.0,0.0,0.0,0.0,0.0,0.0,0.0,0.0,0.0,0.0,0.0,0.0,0.0,0.0,0.0,0.0,0.0,0.0,0.0,0.0,0.0,0.0,0.0,0.0,0.0,0.0,0.0,0.0,0.0,0.0,0.0,0.0,0.0,0.0,0.0,0.0,0.0,0.0,0.0,0.0,0.0,0.0,0.0,0.0,0.0,0.0,0.0,0.0,0.0,0.0,0.0,0.0,0.0,0.0,0.0,0.0,0.0,0.0,0.0,0.0,0.0,0.0,0.0,0.0,0.0,0.0,0.0,0.0,0.0,0.0,0.0,0.0,0.0,0.0,0.0,0.0,0.0,0.0,0.0,0.0,0.0,0.0,0.0,0.0,0.0,0.0,0.0,0.0,0.0,0.0,0.0,0.0,0.0,0.0,0.0,0.0,0.0,0.0,0.0,0.0,0.0,0.0,0.0,0.0,0.0,0.0,0.0,0.0,0.0,0.0,0.0,0.0,0.0,0.0,0.0,0.0,0.0,0.0,0.0,0.0,0.0,0.0,0.0,0.0,0.0,0.0,0.0,0.0,0.0,0.0,0.0,0.0,0.0,0.0,0.0,0.0,0.0,0.0,0.0,0.0,0.0,0.0,0.0,0.0,0.0,0.0,0.0,0.0,0.0,0.0,0.0,0.0,0.0,0.0,0.0,0.0,0.0,0.0,0.0,0.0,0.0,0.0,0.0,0.0,0.0,0.0,0.0,0.0,0.0,0.0,0.0,0.0,0.0,0.0,0.0,0.0,0.0,0.0,0.0,0.0,0.0,0.0,0.0,0.0,0.0,0.0,0.0,0.0,0.0,0.0,0.0,0.0,0.0,0.0,0.0,0.0,0.0,0.0,0.0,0.0,0.0,0.0,0.0,0.0,0.0,0.0,0.0,0.0,0.0,0.0,0.0,0.0,0.0,0.0,0.0,0.0,0.0,0.0,0.0,0.0,0.0,0.0,0.0,0.0,0.0,0.0,0.0,0.0,0.0,0.0,0.0,0.0,0.0,0.0,0.0,0.0,0.0,0.0,0.0,0.0,0.0,0.0,0.0,0.0,0.0,0.0,0.0,0.0,0.0,0.0,0.0,0.0,0.0,0.0,0.0,0.0,0.0,0.0,0.0,0.0,0.0,0.0,0.0,0.0,0.0,0.0,0.0,0.0,0.0,0.0,0.0,0.0,0.0,0.0,0.0,0.0,0.0,0.0,0.0,0.0,0.0,0.0,0.0,0.0,0.0,0.0,0.0,0.0,0.0,0.0,0.0,0.0,0.0,0.0,0.0,0.0,0.0,0.0,0.0,0.0,0.0,0.0,0.0,0.0,0.0,0.0,0.0,0.0,0.0,0.0,0.0,0.0,0.0,0.0,0.0,0.0,0.0,0.0,0.0,0.0,0.0,0.0,0.0,0.0,0.0,0.0,0.0,0.0,0.0,0.0,0.0,0.0,0.0,0.0,0.0,0.0,0.0,0.0,0.0,0.0,0.0,0.0,0.0,0.0,0.0,0.0,0.0,0.0,0.0,0.0,0.0,0.0,0.0,0.0,0.0,0.0,0.0,0.0,0.0,0.0,0.0,0.0,0.0,0.0,0.0,0.0,0.0,0.0,0.0,0.0,0.0,0.0,0.0,0.0,0.0,0.0,0.0,0.0,0.0,0.0,0.0,0.0,0.0,0.0,0.0,0.0,0.0,0.0,0.0,0.0,0.0,0.0,0.0,0.0,0.0,0.0,0.0,0.0,0.0,0.0,0.0,0.0,0.0,0.0,0.0,0.0,0.0,0.0,0.0,0.0,0.0,0.0,0.0,0.0,0.0,0.0,0.0,0.0,0.0,0.0,0.0,0.0,0.0,0.0,0.0,0.0,0.0,0.0,0.0,0.0,0.0,0.0,0.0,0.0,0.0,0.0,0.0,0.0,0.0,0.0,0.0,0.0,0.0,0.0,0.0,0.0,0.0,0.0,0.0,0.0,0.0,0.0,0.0,0.0,0.0,0.0,0.0,0.0,0.0,0.0,0.0,0.0,0.0,0.0,0.0,0.0,0.0,0.0,0.0,0.0,0.0,0.0,0.0,0.0,0.0,0.0,0.0,0.0,0.0,0.0,0.0,0.0,0.0,0.0,0.0,0.0,0.0,0.0,0.0,0.0,0.0,0.0,0.0,0.0,0.0,0.0,0.0,0.0,0.0,0.0,0.0,0.0,0.0,0.0,0.0,0.0,0.0,0.0,0.0,0.0,0.0,0.0,0.0,0.0,0.0,0.0,0.0,0.0,0.0,0.0,0.0,0.0,0.0,0.0,0.0,0.0,0.0,0.0,0.0,0.0,0.0,0.0,0.0,0.0,0.0,0.0,0.0,0.0,0.0,0.0,0.0,0.0,0.0,0.0,0.0,0.0,0.0,0.0,0.0,0.0,0.0,0.0,0.0,0.0,0.0,0.0,0.0,0.0,0.0,0.0,0.0,0.0,0.0,0.0,0.0,0.0,0.0,0.0,0.0,0.0,0.0,0.0,0.0,0.0,0.0,0.0,0.0,0.0,0.0,0.0,0.0,0.0,0.0,0.0,0.0,0.0,0.0,0.0,0.0,0.0,0.0,0.0,0.0,0.0,0.0,0.0,0.0,0.0,0.0,0.0,0.0,0.0,0.0,0.0,0.0,0.0,0.0,0.0,0.0,0.0,0.0,0.0,0.0,0.0,0.0,0.0,0.0,0.0,0.0,0.0,0.0,0.0,0.0,0.0,0.0,0.0,0.0,0.0,0.0,0.0,0.0,0.0,0.0,0.0,0.0,0.0,0.0,0.0,0.0,0.0,0.0,0.0,0.0,0.0,0.0,0.0,0.0,0.0,0.0,0.0,0.0,0.0,0.0,0.0,0.0,0.0,0.0,0.0,0.0,0.0,0.0,0.0,0.0,0.0,0.0,0.0,0.0,0.0,0.0,0.0,0.0,0.0,0.0,0.0,0.0,0.0,0.0,0.0,0.0,0.0,0.0,0.0,0.0,0.0,0.0,0.0,0.0,0.0,0.0,0.0,0.0,0.0,0.0,0.0,0.0,0.0,0.0,0.0,0.0,0.0,0.0,0.0,0.0,0.0,0.0,0.0,0.0,0.0,0.0,0.0,0.0,0.0,0.0,0.0,0.0,0.0,0.0,0.0,0.0,0.0,0.0,0.0,0.0,0.0,0.0,0.0,0.0,0.0,0.0,0.0,0.0,0.0,0.0,0.0,0.0,0.0,0.0,0.0,0.0,0.0,0.0,0.0,0.0,0.0,0.0,0.0,0.0,0.0,0.0,0.0,0.0,0.0,0.0,0.0,0.0,0.0,0.0,0.0,0.0,0.0,0.0,0.0,0.0,0.0,0.0,0.0,0.0,0.0,0.0,0.0,0.0,0.0,0.0,0.0,0.0,0.0,0.0,0.0,0.0,0.0,0.0,0.0,0.0,0.0,0.0,0.0,0.0,0.0,0.0,0.0,0.0,0.0,0.0,0.0,0.0,0.0,0.0,0.0,0.0,0.0,0.0,0.0,0.0,0.0,0.0,0.0,0.0,0.0,0.0,0.0,0.0,0.0,0.0,0.0,0.0,0.0,0.0,0.0,0.0,0.0,0.0,0.0,0.0,0.0,0.0,0.0,0.0,0.0,0.0,0.0,0.0,0.0,0.0,0.0,0.0,0.0,0.0,0.0,0.0,0.0,0.0,0.0,0.0,0.0,0.0,0.0,0.0,0.0,0.0,0.0,0.0,0.0,0.0,0.0,0.0,0.0,0.0,0.0,0.0,0.0,0.0,0.0,0.0,0.0,0.0,0.0,0.0,0.0,0.0,0.0,0.0,0.0,0.0,0.0,0.0,0.0,0.0,0.0,0.0,0.0,0.0,0.0,0.0,0.0,0.0,0.0,0.0,0.0,0.0,0.0,0.0,0.0,0.0,0.0,0.0,0.0,0.0,0.0,0.0,0.0,0.0,0.0,0.0,0.0,0.0,0.0,0.0,0.0,0.0,0.0,0.0,0.0,0.0,0.0,0.0,0.0,0.0,0.0,0.0,0.0,0.0,0.0,0.0,0.0,0.0,0.0,0.0,0.0,0.0,0.0,0.0,0.0,0.0,0.0,0.0,0.0,0.0,0.0,0.0,0.0,0.0,0.0,0.0,0.0,0.0,0.0,0.0,0.0,0.0,0.0,0.0,0.0,0.0,0.0,0.0,0.0,0.0,0.0,0.0,0.0,0.0,0.0,0.0,0.0,0.0,0.0,0.0,0.0,0.0,0.0,0.0,0.0,0.0,0.0,0.0,0.0,0.0,0.0,0.0,0.0,0.0,0.0,0.0,0.0,0.0,0.0,0.0,0.0,0.0,0.0,0.0,0.0,0.0,0.0,0.0,0.0,0.0,0.0,0.0,0.0,0.0,0.0,0.0,0.0,0.0,0.0,0.0,0.0,0.0,0.0,0.0,0.0,0.0,0.0,0.0,0.0,0.0,0.0,0.0,0.0,0.0,0.0,0.0,0.0,0.0,0.0,0.0,0.0,0.0,0.0,0.0,0.0,0.0,0.0,0.0,0.0,0.0,0.0,0.0,0.0,0.0,0.0,0.0,0.0,0.0,0.0,0.0,0.0,0.0,0.0,0.0,0.0,0.0,0.0,0.0,0.0,0.0,0.0,0.0,0.0,0.0,0.0,0.0,0.0,0.0,0.0,0.0,0.0,0.0,0.0,0.0,0.0,0.0,0.0,0.0,0.0,0.0,0.0,0.0,0.0,0.0,0.0,0.0,0.0,0.0,0.0,0.0,0.0,0.0,0.0,0.0,0.0,0.0,0.0,0.0,0.0,0.0,0.0,0.0,0.0,0.0,0.0,0.0,0.0,0.0,0.0,0.0,0.0,0.0,0.0,0.0,0.0,0.0,0.0,0.0,0.0,0.0,0.0,0.0,0.0,0.0,0.0,0.0,0.0,0.0,0.0,0.0,0.0,0.0,0.0,0.0,0.0,0.0,0.0,0.0,0.0,0.0,0.0,0.0,0.0,0.0,0.0,0.0,0.0,0.0,0.0,0.0,0.0,0.0,0.0,0.0,0.0,0.0,0.0,0.0,0.0,0.0,0.0,0.0,0.0,0.0,0.0,0.0,0.0,0.0,0.0,0.0,0.0,0.0,0.0,0.0,0.0,0.0,0.0,0.0,0.0,0.0,0.0,0.0,0.0,0.0,0.0,0.0,0.0,0.0,0.0,0.0,0.0,0.0,0.0,0.0,0.0,0.0,0.0,0.0,0.0,0.0,0.0,0.0,0.0,0.0,0.0,0.0,0.0,0.0,0.0,0.0,0.0,0.0,0.0,0.0,0.0,0.0,0.0,0.0,0.0,0.0,0.0,0.0,0.0,0.0,0.0,0.0,0.0,0.0,0.0,0.0,0.0,0.0,0.0,0.0,0.0,0.0,0.0,0.0,0.0,0.0,0.0,0.0,0.0,0.0,0.0,0.0,0.0,0.0,0.0,0.0,0.0,0.0,0.0,0.0,0.0,0.0,0.0,0.0,0.0,0.0,0.0,0.0,0.0,0.0,0.0,0.0,0.0,0.0,0.0,0.0,0.0,0.0,0.0,0.0,0.0,0.0
Tax62,0.0,-0.5386895,-0.47022545,-0.38681343,-0.29330215,-0.19321097,-0.08914497,0.016894875,0.12333936,0.22898537,0.3327346,0.43383804,0.53152394,0.6254405,0.7152692,0.79938006,0.87764525,0.9570611,1.0250291,1.0941517,1.166278,1.2216905,1.2783895,1.3440259,1.398397,1.450381,1.5156319,1.5722271,1.6185799,1.6576722,1.7183672,1.783899,1.8746219,1.9439112,2.0237565,2.0828247,2.1435018,2.1917095,2.1976893,2.2130544,2.2195997,2.1773188,2.259556,2.3244495,2.394252,2.4639566,2.543908,2.5394309,2.5464435,2.5892608,2.6045446,2.6265614,2.6330879,2.6171904,2.7055945,2.563808,2.5446384,2.5608373,2.4950972,2.39686,2.2426317,2.1686473,2.0740783,1.9901109,2.0087109,2.0861504,0.62781364,0.66289276,2.245933,2.3186598,2.3988643,2.4521067,2.4286022,0.79769534,2.5362136,0.8051023,0.80099845,0.85144544,0.88433266,0.8994788,0.91455674,0.94719285,0.92736524,0.9858494,0.9975059,1.0664076,3.0033753,3.0680146,3.115366,3.1510146,3.237229,3.24617,3.2432976,3.2821174,3.2260542,3.2079608,3.0808082,3.0966127,3.1221285,3.0753832,3.020302,2.9618273,2.8947225,2.9274848,2.9816062,2.9556842,2.8738832,2.913579,2.8601985,2.881383,2.8899982,2.8857567,2.811065,2.8145156,2.7226422,0.7028246,0.7027649,0.7100376,0.702975,0.6770132,0.65552855,0.6114192,0.61646557,0.5816931,0.55176187,0.5128469,0.47356793,0.4006446,0.33537155,0.28821754,0.23116681,0.17859939,0.13247655,0.0788329,0.012329085,-0.03730499,-0.084375195,-0.1458563,-0.2039306,-0.27138367,-0.343308,-0.40305865,-0.46873802,-0.51401895,-0.5441042,-0.5771747,-0.60015225,-0.6347631,-0.66439474,-0.6987777,-0.7191725,-0.7124413,-0.6598767,-0.5932061,-0.54449517,-0.49308795,-0.44658837,-0.40341407,-0.37287015,-0.3616969,-0.34401435,-0.34054962,-0.343298,-0.35366175,-0.36028022,-0.36378172,-0.35709822,-0.33807495,-0.32901222,-0.3226162,-0.309362,-0.29475507,-0.2883615,-0.29232395,-0.24918722,-0.22525984,-0.23865484,-0.23742875,-0.22786638,-0.2000655,-0.18686876,-0.19196254,-0.25389388,-0.3112285,-0.35105097,-0.38304645,-0.4116366,-0.43380824,-0.4377341,-0.45339692,-0.45995435,-0.45937717,-0.45767593,-0.45932037,-0.44759467,-0.44043988,-0.44840372,-0.43782744,-0.4416008,-0.44517922,-0.43472353,-0.4311518,-0.41839746,-0.42034185,-0.41573927,-0.41344246,-0.40182534,-0.38513982,-0.37916943,-0.35020754,-0.3301587,-0.31480584,-0.30294377,-0.28402662,-0.27534553,-0.27468982,-0.2642988,-0.2476125,-0.240414,-0.23432261,-0.22858523,-0.22755034,-0.22102553,-0.20208436,-0.18798015,-0.18254441,-0.18163072,-0.17261603,-0.16556089,-0.16462837,-0.1635682,-0.13812599,-0.13752301,-0.12917891,-0.1155064,-0.1055917,-0.10502304,-0.10065404,-0.10013085,-0.094798245,-0.0892274,-0.08322074,-0.082806416,-0.07609189,-0.07201685,-0.06742611,-0.04860214,-0.04834829,-0.048093025,-0.047838647,-0.047578186,-0.041044604,-0.040832035,-0.03460274,-0.030737007,-0.03058072,-0.026915835,-0.026787505,-0.026658475,-0.026535766,-0.026415296,-0.026272273,-0.026119744,-0.025971511,-0.020819101,-0.020699508,-0.020588044,-0.020486282,-0.020387663,-0.017191516,-0.017097102,-0.016996875,-0.016904857,-0.016812708,-0.016720656,-0.016628632,-0.010726839,-0.010662704,-0.0105979685,-0.010536828,-0.010476507,-0.010418316,-0.010354943,-0.010291805,-0.01022689,-0.010156747,-0.010085059,-0.010010428,-0.009941513,-0.009869843,-0.0098071555,-0.009750006,-0.009699231,-0.009645499,-0.009568,-0.009457862,-0.009311225,-0.009109003,-0.008848412,-0.008549484,-0.008264972,-0.008007951,-0.00765853,-0.007260224,-0.0068320073,-0.0046178536,-0.004246461,-0.0038609246,-0.0034332236,-0.0028692838,-0.002255249,-0.0015156108,-0.000740207,0.00010689779,0.0010635487,0.0021032747,0.0033753798,0.0048477156,0.0065602376,0.008185811,0.010242531,0.013628809,0.019182932,0.025545105,0.031336382,0.033257887,0.033959717,0.034840308,0.036090206,0.037068382,0.038982328,0.041113973,0.042702463,0.046422858,0.049611673,0.05325333,0.057493202,0.062149227,0.13423559,0.14676192,0.15896311,0.17363508,0.18645316,0.20038165,0.21200714,0.22042564,0.22222117,0.21927397,0.21267039,0.20496109,0.18552393,0.15353769,0.10766503,0.06669096,0.033481777,0.0120110465,0.0033840674,-0.0011088513,-0.0017626617,0.00015271432,0.0007705488,0.001381025,0.0017583126,0.0023831099,0.003572293,0.004728874,-0.0053335596,-0.0049324073,-0.0044563124,-0.00393984,-0.00340465,-0.002864775,-0.0023295626,-0.0018047653,-0.0012953301,-0.0008047136,-0.00033541967,0.00011055241,0.00053272746,0.00092941616,0.0013009291,0.0016468817,0.001966782,0.0022615849,0.002532631,0.0027815003,0.0030083393,0.0032138124,0.0033969544,0.0035591896,0.0036981646,0.0038222827,0.003928289,0.00397606,0.004009652,0.0040433705,0.0040722704,0.0042336797,0.0028482105,0.0033506271,0.0038304245,0.0043241302,0.004782103,0.0049737114,0.005308433,0.005688986,0.0060384944,0.006659453,0.0072727334,0.0075481553,0.008008018,0.008447164,0.008584442,0.008739457,0.00893015,0.009051047,0.009085741,0.011361845,0.011100741,0.011022007,0.010532672,0.010094438,0.009882822,0.009240905,0.0070314044,0.008134621,0.007489956,0.0069290884,0.006516205,0.0065204278,0.0065665073,0.0002509982,0.00039591896,0.0072197826,0.008592111,0.008825812,0.009936761,0.009777807,0.0016882895,0.009705174,0.0016856319,0.0010607019,0.0012631002,0.0013817826,0.0015653097,0.0017195267,0.001856576,0.0019199983,0.0021613324,0.0024936013,0.0028486901,0.0123578375,0.012882733,0.013813097,0.014619487,0.01569913,0.016192378,0.01648321,0.01563231,0.015077461,0.013380369,0.015173475,0.015243221,0.01751652,0.017114405,0.016776994,0.016436595,0.016238771,0.016162392,0.019040773,0.015757386,0.018763049,0.01499085,0.0128487805,0.008465147,0.01571391,0.014526202,0.014351692,0.014005338,0.011577443,0.0016986814,-0.0009219765,-0.00038282783,0.00075446395,-0.00048283464,0.0022829978,0.0003323881,0.0013527684,0.00091327494,0.0027595658,0.0007166867,0.0007388056,0.00043456536,0.0020825563,0.0018362664,0.00055653113,0.0013616101,0.0011602629,0.0008398392,-0.0006780601,0.00086984667,0.00039681536,-0.000117209274,-0.0016180712,-0.0018049337,-0.0017602417,-0.002419312,-0.0031130193,-0.0034381568,-0.0037034114,-0.0038539586,-0.0040338407,-0.0043015457,-0.00457009,-0.0048118806,-0.0049796677,-0.005038283,-0.0047046756,-0.0042450437,-0.0038844154,-0.0035297065,-0.0031768498,-0.0028769574,-0.0026351935,-0.002505886,-0.0023672213,-0.0022776714,-0.0023302967,-0.0024039461,-0.0024241838,-0.002468335,-0.002406458,-0.002199307,-0.002155352,-0.0020490114,-0.0018687362,-0.0016601917,-0.0015293431,-0.0015449764,-0.000508578,-0.00015447312,-0.00024462398,-1.41281635e-05,0.00015825941,0.0006336656,0.000870893,0.00072721206,0.00012748642,-0.0010652768,-0.0019108007,-0.0027092253,-0.0034564137,-0.0040823626,-0.0045000687,-0.0049625244,-0.005370278,0.0,0.0,0.0,0.0,0.0,0.0,0.0,0.0,0.0,0.0,0.0,0.0,0.0,0.0,0.0,0.0,0.0,0.0,0.0,0.0,0.0,0.0,0.0,0.0,0.0,0.0,0.0,0.0,0.0,0.0,0.0,0.0,0.0,0.0,0.0,0.0,0.0,0.0,0.0,0.0,0.0,0.0,0.0,0.0,0.0,0.0,0.0,0.0,0.0,0.0,0.0,0.0,0.0,0.0,0.0,0.0,0.0,0.0,0.0,0.0,0.0,0.0,0.0,0.0,0.0,0.0,0.0,0.0,0.0,0.0,0.0,0.0,0.0,0.0,0.0,0.0,0.0,0.0,0.0,0.0,0.0,0.0,0.0,0.0,0.0,0.0,0.0,0.0,0.0,0.0,0.0,0.0,0.0,0.0,0.0,0.0,0.0,0.0,0.0,0.0,0.0,0.0,0.0,0.0,0.0,0.0,0.0,0.0,0.0,0.0,0.0,0.0,0.0,0.0,0.0,0.0,0.0,0.0,0.0,0.0,0.0,0.0,0.0,0.0,0.0,0.0,0.0,0.0,0.0,0.0,0.0,0.0,0.0,0.0,0.0,0.0,0.0,0.0,0.0,0.0,0.0,0.0,0.0,0.0,0.0,0.0,0.0,0.0,0.0,0.0,0.0,0.0,0.0,0.0,0.0,0.0,0.0,0.0,0.0,0.0,0.0,0.0,0.0,0.0,0.0,0.0,0.0,0.0,0.0,0.0,0.0,0.0,0.0,0.0,0.0,0.0,0.0,0.0,0.0,0.0,0.0,0.0,0.0,0.0,0.0,0.0,0.0,0.0,0.0,0.0,0.0,0.0,0.0,0.0,0.0,0.0,0.0,0.0,0.0,0.0,0.0,0.0,0.0,0.0,0.0,0.0,0.0,0.0,0.0,0.0,0.0,0.0,0.0,0.0,0.0,0.0,0.0,0.0,0.0,0.0,0.0,0.0,0.0,0.0,0.0,0.0,0.0,0.0,0.0,0.0,0.0,0.0,0.0,0.0,0.0,0.0,0.0,0.0,0.0,0.0,0.0,0.0,0.0,0.0,0.0,0.0,0.0,0.0,0.0,0.0,0.0,0.0,0.0,0.0,0.0,0.0,0.0,0.0,0.0,0.0,0.0,0.0,0.0,0.0,0.0,0.0,0.0,0.0,0.0,0.0,0.0,0.0,0.0,0.0,0.0,0.0,0.0,0.0,0.0,0.0,0.0,0.0,0.0,0.0,0.0,0.0,0.0,0.0,0.0,0.0,0.0,0.0,0.0,0.0,0.0,0.0,0.0,0.0,0.0,0.0,0.0,0.0,0.0,0.0,0.0,0.0,0.0,0.0,0.0,0.0,0.0,0.0,0.0,0.0,0.0,0.0,0.0,0.0,0.0,0.0,0.0,0.0,0.0,0.0,0.0,0.0,0.0,0.0,0.0,0.0,0.0,0.0,0.0,0.0,0.0,0.0,0.0,0.0,0.0,0.0,0.0,0.0,0.0,0.0,0.0,0.0,0.0,0.0,0.0,0.0,0.0,0.0,0.0,0.0,0.0,0.0,0.0,0.0,0.0,0.0,0.0,0.0,0.0,0.0,0.0,0.0,0.0,0.0,0.0,0.0,0.0,0.0,0.0,0.0,0.0,0.0,0.0,0.0,0.0,0.0,0.0,0.0,0.0,0.0,0.0,0.0,0.0,0.0,0.0,0.0,0.0,0.0,0.0,0.0,0.0,0.0,0.0,0.0,0.0,0.0,0.0,0.0,0.0,0.0,0.0,0.0,0.0,0.0,0.0,0.0,0.0,0.0,0.0,0.0,0.0,0.0,0.0,0.0,0.0,0.0,0.0,0.0,0.0,0.0,0.0,0.0,0.0,0.0,0.0,0.0,0.0,0.0,0.0,0.0,0.0,0.0,0.0,0.0,0.0,0.0,0.0,0.0,0.0,0.0,0.0,0.0,0.0,0.0,0.0,0.0,0.0,0.0,0.0,0.0,0.0,0.0,0.0,0.0,0.0,0.0,0.0,0.0,0.0,0.0,0.0,0.0,0.0,0.0,0.0,0.0,0.0,0.0,0.0,0.0,0.0,0.0,0.0,0.0,0.0,0.0,0.0,0.0,0.0,0.0,0.0,0.0,0.0,0.0,0.0,0.0,0.0,0.0,0.0,0.0,0.0,0.0,0.0,0.0,0.0,0.0,0.0,0.0,0.0,0.0,0.0,0.0,0.0,0.0,0.0,0.0,0.0,0.0,0.0,0.0,0.0,0.0,0.0,0.0,0.0,0.0,0.0,0.0,0.0,0.0,0.0,0.0,0.0,0.0,0.0,0.0,0.0,0.0,0.0,0.0,0.0,0.0,0.0,0.0,0.0,0.0,0.0,0.0,0.0,0.0,0.0,0.0,0.0,0.0,0.0,0.0,0.0,0.0,0.0,0.0,0.0,0.0,0.0,0.0,0.0,0.0,0.0,0.0,0.0,0.0,0.0,0.0,0.0,0.0,0.0,0.0,0.0,0.0,0.0,0.0,0.0,0.0,0.0,0.0,0.0,0.0,0.0,0.0,0.0,0.0,0.0,0.0,0.0,0.0,0.0,0.0,0.0,0.0,0.0,0.0,0.0,0.0,0.0,0.0,0.0,0.0,0.0,0.0,0.0,0.0,0.0,0.0,0.0,0.0,0.0,0.0,0.0,0.0,0.0,0.0,0.0,0.0,0.0,0.0,0.0,0.0,0.0,0.0,0.0,0.0,0.0,0.0,0.0,0.0,0.0,0.0,0.0,0.0,0.0,0.0,0.0,0.0,0.0,0.0,0.0,0.0,0.0,0.0,0.0,0.0,0.0,0.0,0.0,0.0,0.0,0.0,0.0,0.0,0.0,0.0,0.0,0.0,0.0,0.0,0.0,0.0,0.0,0.0,0.0,0.0,0.0,0.0,0.0,0.0,0.0,0.0,0.0,0.0,0.0,0.0,0.0,0.0,0.0,0.0,0.0,0.0,0.0,0.0,0.0,0.0,0.0,0.0,0.0,0.0,0.0,0.0,0.0,0.0,0.0,0.0,0.0,0.0,0.0,0.0,0.0,0.0,0.0,0.0,0.0,0.0,0.0,0.0,0.0,0.0,0.0,0.0,0.0,0.0,0.0,0.0,0.0,0.0,0.0,0.0,0.0,0.0,0.0,0.0,0.0,0.0,0.0,0.0,0.0,0.0,0.0,0.0,0.0,0.0,0.0,0.0,0.0,0.0,0.0,0.0,0.0,0.0,0.0,0.0,0.0,0.0,0.0,0.0,0.0,0.0,0.0,0.0,0.0,0.0,0.0,0.0,0.0,0.0,0.0,0.0,0.0,0.0,0.0,0.0,0.0,0.0,0.0,0.0,0.0,0.0,0.0,0.0,0.0,0.0,0.0,0.0,0.0,0.0,0.0,0.0,0.0,0.0,0.0,0.0,0.0,0.0,0.0,0.0,0.0,0.0,0.0,0.0,0.0,0.0,0.0,0.0,0.0,0.0,0.0,0.0,0.0,0.0,0.0,0.0,0.0,0.0,0.0,0.0,0.0,0.0,0.0,0.0,0.0,0.0,0.0,0.0,0.0,0.0,0.0,0.0,0.0,0.0,0.0,0.0,0.0,0.0,0.0,0.0,0.0,0.0,0.0,0.0,0.0,0.0,0.0,0.0,0.0,0.0,0.0,0.0,0.0,0.0,0.0,0.0,0.0,0.0,0.0,0.0,0.0,0.0,0.0,0.0,0.0,0.0,0.0,0.0,0.0,0.0,0.0,0.0,0.0,0.0,0.0,0.0,0.0,0.0,0.0,0.0,0.0,0.0,0.0,0.0,0.0,0.0,0.0,0.0,0.0,0.0,0.0,0.0,0.0,0.0,0.0,0.0,0.0,0.0,0.0,0.0,0.0,0.0,0.0,0.0,0.0,0.0,0.0,0.0,0.0,0.0,0.0,0.0,0.0,0.0,0.0,0.0,0.0,0.0,0.0,0.0,0.0,0.0,0.0,0.0,0.0,0.0,0.0,0.0,0.0,0.0,0.0,0.0,0.0,0.0,0.0,0.0,0.0,0.0,0.0,0.0,0.0,0.0,0.0,0.0,0.0,0.0,0.0,0.0,0.0,0.0,0.0,0.0,0.0,0.0,0.0,0.0,0.0,0.0,0.0,0.0,0.0,0.0,0.0,0.0,0.0,0.0,0.0,0.0,0.0,0.0,0.0,0.0,0.0,0.0,0.0,0.0,0.0,0.0,0.0,0.0,0.0,0.0,0.0,0.0,0.0,0.0,0.0,0.0,0.0,0.0,0.0,0.0,0.0,0.0,0.0,0.0,0.0,0.0,0.0,0.0,0.0,0.0,0.0,0.0,0.0,0.0,0.0,0.0,0.0,0.0,0.0,0.0,0.0,0.0,0.0,0.0,0.0,0.0,0.0,0.0,0.0,0.0,0.0,0.0,0.0,0.0,0.0,0.0,0.0,0.0,0.0,0.0,0.0,0.0,0.0,0.0,0.0,0.0,0.0,0.0,0.0,0.0,0.0,0.0,0.0,0.0,0.0,0.0,0.0,0.0,0.0,0.0,0.0,0.0,0.0,0.0,0.0,0.0,0.0,0.0,0.0,0.0,0.0,0.0,0.0,0.0,0.0,0.0,0.0,0.0,0.0,0.0,0.0,0.0,0.0,0.0,0.0,0.0,0.0,0.0,0.0,0.0,0.0,0.0,0.0,0.0,0.0,0.0,0.0,0.0,0.0,0.0,0.0,0.0,0.0,0.0,0.0,0.0,0.0,0.0,0.0,0.0,0.0,0.0,0.0,0.0,0.0,0.0,0.0,0.0,0.0,0.0,0.0,0.0,0.0,0.0,0.0,0.0,0.0,0.0,0.0,0.0,0.0,0.0,0.0,0.0,0.0,0.0,0.0,0.0,0.0,0.0,0.0,0.0,0.0,0.0,0.0,0.0,0.0,0.0,0.0,0.0,0.0,0.0,0.0,0.0,0.0,0.0,0.0,0.0,0.0,0.0,0.0,0.0,0.0,0.0,0.0,0.0,0.0,0.0,0.0,0.0,0.0,0.0,0.0,0.0,0.0,0.0,0.0,0.0,0.0,0.0,0.0,0.0,0.0,0.0,0.0,0.0,0.0,0.0,0.0,0.0,0.0,0.0,0.0,0.0,0.0,0.0,0.0,0.0,0.0,0.0,0.0,0.0,0.0,0.0,0.0,0.0,0.0,0.0,0.0,0.0,0.0,0.0,0.0,0.0,0.0,0.0,0.0,0.0,0.0,0.0,0.0,0.0,0.0,0.0,0.0,0.0,0.0,0.0,0.0,0.0,0.0,0.0,0.0,0.0,0.0,0.0,0.0,0.0,0.0,0.0,0.0,0.0,0.0,0.0,0.0,0.0,0.0,0.0,0.0,0.0,0.0,0.0,0.0,0.0,0.0,0.0,0.0,0.0,0.0,0.0,0.0,0.0,0.0,0.0,0.0,0.0,0.0,0.0,0.0,0.0,0.0,0.0,0.0,0.0,0.0,0.0,0.0,0.0,0.0,0.0,0.0,0.0,0.0,0.0,0.0,0.0,0.0,0.0,0.0,0.0,0.0,0.0,0.0,0.0,0.0,0.0,0.0,0.0,0.0,0.0,0.0,0.0,0.0,0.0,0.0,0.0,0.0,0.0,0.0,0.0,0.0,0.0,0.0,0.0,0.0,0.0,0.0,0.0,0.0,0.0,0.0,0.0,0.0,0.0,0.0,0.0,0.0,0.0,0.0,0.0,0.0,0.0,0.0,0.0,0.0,0.0,0.0,0.0,0.0,0.0,0.0,0.0,0.0,0.0,0.0,0.0,0.0,0.0,0.0,0.0,0.0,0.0,0.0,0.0,0.0,0.0,0.0,0.0,0.0,0.0,0.0,0.0,0.0,0.0,0.0,0.0,0.0,0.0,0.0,0.0,0.0,0.0,0.0,0.0,0.0,0.0,0.0,0.0,0.0,0.0,0.0,0.0,0.0,0.0,0.0,0.0,0.0,0.0,0.0,0.0,0.0,0.0,0.0,0.0,0.0,0.0,0.0,0.0,0.0,0.0,0.0,0.0,0.0,0.0,0.0,0.0,0.0,0.0,0.0,0.0,0.0,0.0,0.0,0.0,0.0,0.0,0.0,0.0,0.0,0.0,0.0,0.0,0.0,0.0,0.0,0.0,0.0,0.0,0.0,0.0,0.0,0.0,0.0,0.0,0.0,0.0,0.0,0.0,0.0,0.0,0.0,0.0,0.0,0.0,0.0,0.0,0.0,0.0,0.0,0.0,0.0,0.0,0.0,0.0,0.0,0.0,0.0,0.0,0.0,0.0,0.0,0.0,0.0,0.0,0.0,0.0,0.0,0.0,0.0,0.0,0.0,0.0,0.0,0.0,0.0,0.0,0.0,0.0,0.0,0.0,0.0,0.0,0.0,0.0,0.0,0.0,0.0,0.0,0.0,0.0,0.0,0.0,0.0,0.0,0.0,0.0,0.0,0.0,0.0,0.0,0.0,0.0,0.0,0.0,0.0,0.0,0.0,0.0,0.0,0.0,0.0,0.0,0.0,0.0,0.0,0.0,0.0,0.0,0.0,0.0,0.0,0.0,0.0,0.0,0.0,0.0,0.0,0.0,0.0,0.0,0.0,0.0,0.0,0.0,0.0,0.0,0.0,0.0,0.0,0.0,0.0,0.0,0.0,0.0,0.0,0.0,0.0,0.0,0.0,0.0,0.0,0.0,0.0,0.0,0.0,0.0,0.0,0.0,0.0,0.0,0.0,0.0,0.0,0.0,0.0,0.0,0.0,0.0,0.0,0.0,0.0,0.0,0.0,0.0,0.0,0.0,0.0,0.0,0.0,0.0,0.0,0.0,0.0,0.0,0.0,0.0,0.0,0.0,0.0,0.0,0.0,0.0,0.0,0.0,0.0,0.0,0.0,0.0,0.0,0.0,0.0,0.0,0.0,0.0,0.0,0.0,0.0,0.0,0.0,0.0,0.0,0.0,0.0,0.0,0.0,0.0,0.0,0.0,0.0,0.0,0.0,0.0,0.0,0.0,0.0,0.0,0.0,0.0,0.0,0.0,0.0,0.0,0.0,0.0,0.0,0.0,0.0,0.0,0.0,0.0,0.0,0.0,0.0,0.0,0.0,0.0,0.0,0.0,0.0,0.0,0.0,0.0,0.0,0.0,0.0,0.0,0.0,0.0,0.0,0.0,0.0,0.0,0.0,0.0,0.0,0.0,0.0,0.0,0.0,0.0,0.0,0.0,0.0,0.0,0.0,0.0,0.0,0.0,0.0,0.0,0.0,0.0,0.0,0.0,0.0,0.0,0.0,0.0,0.0,0.0,0.0,0.0,0.0,0.0,0.0,0.0,0.0,0.0,0.0,0.0,0.0,0.0,0.0,0.0,0.0,0.0,0.0,0.0,0.0,0.0,0.0,0.0,0.0,0.0,0.0,0.0,0.0,0.0,0.0,0.0,0.0,0.0,0.0,0.0,0.0,0.0,0.0,0.0,0.0,0.0,0.0,0.0,0.0,0.0,0.0,0.0,0.0,0.0,0.0,0.0,0.0,0.0,0.0,0.0,0.0,0.0,0.0,0.0,0.0,0.0,0.0,0.0,0.0,0.0,0.0,0.0,0.0,0.0,0.0,0.0,0.0,0.0,0.0,0.0,0.0,0.0,0.0,0.0,0.0,0.0,0.0,0.0,0.0,0.0,0.0,0.0,0.0,0.0,0.0,0.0,0.0,0.0,0.0,0.0,0.0,0.0,0.0,0.0,0.0,0.0,0.0,0.0,0.0,0.0,0.0,0.0,0.0,0.0,0.0,0.0,0.0,0.0,0.0,0.0,0.0,0.0,0.0,0.0,0.0,0.0,0.0,0.0,0.0,0.0,0.0,0.0,0.0,0.0,0.0,0.0,0.0,0.0,0.0,0.0,0.0,0.0,0.0,0.0,0.0,0.0,0.0,0.0,0.0,0.0,0.0,0.0,0.0,0.0,0.0,0.0,0.0,0.0,0.0,0.0,0.0,0.0,0.0,0.0,0.0,0.0,0.0,0.0,0.0,0.0,0.0,0.0,0.0,0.0,0.0,0.0,0.0,0.0,0.0,0.0,0.0,0.0,0.0,0.0,0.0,0.0,0.0,0.0,0.0,0.0,0.0,0.0,0.0,0.0,0.0,0.0,0.0,0.0,0.0,0.0,0.0,0.0,0.0,0.0,0.0,0.0,0.0,0.0,0.0,0.0,0.0,0.0,0.0,0.0,0.0,0.0,0.0,0.0,0.0,0.0,0.0,0.0,0.0,0.0,0.0,0.0,0.0,0.0,0.0,0.0,0.0,0.0,0.0,0.0,0.0,0.0,0.0,0.0,0.0,0.0,0.0,0.0,0.0,0.0,0.0,0.0,0.0,0.0,0.0,0.0,0.0,0.0,0.0,0.0,0.0,0.0,0.0,0.0,0.0,0.0,0.0,0.0,0.0,0.0,0.0,0.0,0.0,0.0,0.0,0.0,0.0,0.0,0.0,0.0,0.0,0.0,0.0,0.0,0.0,0.0,0.0,0.0,0.0,0.0,0.0,0.0,0.0,0.0,0.0,0.0,0.0,0.0,0.0,0.0,0.0,0.0,0.0,0.0,0.0,0.0,0.0,0.0,0.0,0.0,0.0,0.0,0.0,0.0,0.0,0.0,0.0,0.0,0.0,0.0,0.0,0.0,0.0,0.0,0.0,0.0,0.0,0.0,0.0,0.0,0.0,0.0,0.0,0.0,0.0,0.0,0.0,0.0,0.0,0.0,0.0,0.0,0.0,0.0,0.0,0.0,0.0,0.0,0.0,0.0,0.0,0.0,0.0,0.0,0.0,0.0,0.0,0.0,0.0,0.0,0.0,0.0,0.0,0.0,0.0,0.0,0.0,0.0,0.0,0.0,0.0,0.0,0.0,0.0,0.0,0.0,0.0,0.0,0.0,0.0,0.0,0.0,0.0,0.0,0.0,0.0,0.0,0.0,0.0,0.0,0.0,0.0,0.0,0.0,0.0,0.0,0.0,0.0,0.0,0.0,0.0,0.0,0.0,0.0,0.0,0.0,0.0,0.0,0.0,0.0,0.0,0.0,0.0,0.0,0.0,0.0,0.0,0.0,0.0,0.0,0.0,0.0,0.0,0.0,0.0,0.0,0.0,0.0,0.0,0.0,0.0,0.0,0.0,0.0,0.0,0.0,0.0,0.0,0.0,0.0,0.0,0.0,0.0,0.0,0.0,0.0,0.0,0.0,0.0,0.0,0.0,0.0,0.0,0.0,0.0,0.0,0.0,0.0,0.0,0.0,0.0,0.0,0.0,0.0,0.0,0.0,0.0,0.0,0.0,0.0,0.0,0.0,0.0,0.0,0.0,0.0,0.0,0.0,0.0,0.0,0.0,0.0,0.0,0.0,0.0,0.0,0.0,0.0,0.0,0.0,0.0,0.0,0.0,0.0,0.0,0.0,0.0,0.0,0.0,0.0,0.0,0.0,0.0,0.0,0.0,0.0,0.0,0.0,0.0,0.0,0.0,0.0,0.0,0.0,0.0,0.0,0.0,0.0,0.0,0.0,0.0,0.0,0.0,0.0,0.0,0.0,0.0,0.0,0.0,0.0,0.0,0.0,0.0,0.0,0.0,0.0,0.0,0.0,0.0,0.0,0.0,0.0,0.0,0.0,0.0,0.0,0.0,0.0,0.0,0.0,0.0,0.0,0.0,0.0,0.0,0.0,0.0,0.0,0.0,0.0,0.0,0.0,0.0,0.0,0.0,0.0,0.0,0.0,0.0,0.0,0.0,0.0,0.0,0.0,0.0,0.0,0.0,0.0,0.0,0.0,0.0,0.0,0.0,0.0,0.0,0.0,0.0,0.0,0.0,0.0,0.0,0.0,0.0,0.0,0.0,0.0,0.0,0.0,0.0,0.0,0.0,0.0,0.0,0.0,0.0,0.0,0.0,0.0,0.0,0.0,0.0,0.0,0.0,0.0,0.0,0.0,0.0,0.0,0.0,0.0,0.0,0.0,0.0,0.0,0.0,0.0,0.0,0.0,0.0,0.0,0.0,0.0,0.0,0.0,0.0,0.0,0.0,0.0,0.0,0.0,0.0,0.0,0.0,0.0,0.0,0.0,0.0,0.0,0.0,0.0,0.0,0.0,0.0,0.0,0.0,0.0,0.0,0.0,0.0,0.0,0.0,0.0,0.0,0.0,0.0,0.0,0.0,0.0,0.0,0.0,0.0,0.0,0.0,0.0,0.0,0.0,0.0,0.0,0.0,0.0,0.0,0.0,0.0,0.0,0.0,0.0,0.0,0.0,0.0,0.0,0.0,0.0,0.0,0.0,0.0,0.0,0.0,0.0,0.0,0.0,0.0,0.0,0.0,0.0,0.0,0.0,0.0,0.0,0.0
Tax63,0.0,-1.0392777,-0.83322793,-0.5802182,-0.28817922,0.030699799,0.36811066,0.7183562,1.0773579,1.4424,1.8106111,2.1810899,2.5522435,2.9236643,3.2950618,3.6407995,4.0013747,4.3258057,4.641131,5.002422,5.2877927,5.473588,5.6983557,5.92631,5.9419003,6.1610627,6.396923,6.5800657,6.8541613,6.9432344,7.023128,7.156987,7.381288,7.5527916,7.6351376,7.74335,8.004349,8.124762,8.11564,8.065597,8.088889,8.1250105,8.42858,8.643196,8.754729,8.915725,9.204865,8.994683,8.8981905,8.863168,8.923525,8.866994,8.866464,8.815101,8.806567,8.6787195,8.648218,8.739321,8.396231,8.422568,8.145419,8.049741,7.848207,7.8363256,7.886211,8.012841,1.7474269,1.8053833,8.341634,8.3805065,8.621197,8.614976,8.644801,2.0024855,9.113543,2.110372,2.1051478,2.1929643,2.2372665,2.2673638,2.30546,2.3555112,2.3172948,2.4193275,2.4291742,2.6119356,10.883741,11.177944,11.261536,11.359016,11.617248,11.8056555,11.969233,12.034766,11.985245,11.598315,11.592553,11.704995,11.743416,11.809518,11.784724,11.856949,11.596829,11.516269,11.464653,11.456878,11.431699,11.730869,11.679576,11.778567,11.9729185,12.103443,12.110479,12.138091,12.017666,2.4961133,2.566087,2.555099,2.552332,2.578408,2.4824195,2.4631274,2.3362026,2.255696,2.1807246,2.0552347,1.9477975,1.7434548,1.5244153,1.424061,1.2382183,1.0786715,1.0125022,0.8537939,0.6482457,0.47179282,0.3071526,0.12119628,-0.13154449,-0.30992064,-0.5327874,-0.72772133,-0.9119199,-1.0636519,-1.1790398,-1.2596432,-1.3311279,-1.4496022,-1.5655935,-1.6659759,-1.750583,-1.7532375,-1.6370689,-1.4865754,-1.3479353,-1.2057625,-1.0669062,-0.95327735,-0.8718972,-0.8317067,-0.7837316,-0.7595575,-0.7851248,-0.8198299,-0.83807355,-0.85969603,-0.8413901,-0.7652908,-0.7541708,-0.72790027,-0.6696421,-0.60880756,-0.5691268,-0.5825727,-0.4148924,-0.31775331,-0.34324288,-0.35512647,-0.31725907,-0.19170319,-0.109865,-0.14396578,-0.37865138,-0.6537593,-0.84584576,-0.98533934,-1.1161495,-1.2358893,-1.3082181,-1.3832793,-1.4391767,-1.5084121,-1.5086989,-1.5281576,-1.5519974,-1.5397279,-1.5496556,-1.5589796,-1.5601419,-1.5427487,-1.5022229,-1.487717,-1.4558092,-1.442357,-1.4299687,-1.4228035,-1.41917,-1.4030344,-1.3682554,-1.3598453,-1.3365868,-1.3172376,-1.2790818,-1.2593515,-1.2477499,-1.2272193,-1.2048105,-1.1762712,-1.1482248,-1.1279122,-1.1166329,-1.1055619,-1.0710047,-1.06006,-1.0491478,-1.0199897,-0.9823733,-0.958369,-0.94088906,-0.9155955,-0.87248117,-0.8638438,-0.82900864,-0.8204782,-0.8121987,-0.7687438,-0.744062,-0.7232986,-0.6953223,-0.68083,-0.65308225,-0.6411358,-0.6276285,-0.6137544,-0.6012149,-0.59529585,-0.5836879,-0.5647888,-0.5514297,-0.5392136,-0.51582974,-0.5054582,-0.5004146,-0.48717466,-0.47170368,-0.46693584,-0.46206972,-0.43657026,-0.42596373,-0.41006863,-0.3994883,-0.3909477,-0.38731205,-0.37764996,-0.3645354,-0.3552436,-0.35173097,-0.34810707,-0.3292367,-0.3258936,-0.3182528,-0.31527945,-0.31217366,-0.30424756,-0.2967486,-0.28056523,-0.27790484,-0.2661307,-0.25809705,-0.25079113,-0.23999658,-0.23765336,-0.23540576,-0.21912494,-0.21369144,-0.201421,-0.19954643,-0.19365741,-0.18317656,-0.18140468,-0.16499522,-0.16333534,-0.16169582,-0.15643731,-0.15142472,-0.14989212,-0.14816056,-0.14596428,-0.14305387,-0.13946044,-0.13571887,-0.1286427,-0.12392609,-0.1183788,-0.10928907,-0.10019517,-0.090616755,-0.083178334,-0.074816756,-0.06364646,-0.05118166,-0.035896726,-0.019548213,-0.0013331361,0.019651577,0.042909265,0.07018844,0.10387544,0.14413048,0.18379493,0.23545831,0.32283685,0.47193518,0.654672,0.8383244,0.9259322,0.9822791,1.0469882,1.12741,1.2040901,1.3193964,1.3902963,1.5077258,1.7160724,1.9226931,2.166476,2.4644263,2.8120863,8.879768,11.372483,14.443909,18.43659,23.166859,28.8803,35.079586,41.329826,47.98788,53.361496,58.471798,61.56238,62.441082,55.310028,40.92857,24.9482,12.227761,4.5025096,1.1995564,-0.05043385,-0.40373522,-0.3277093,-0.18117014,-0.038898233,0.101488054,0.24481423,0.47452205,0.71535707,-2.2132766,-1.9109193,-1.5590671,-1.1687934,-0.75843817,-0.35473186,0.039594073,0.43512958,0.8197457,1.1949731,1.5595043,1.9119439,2.2522402,2.5793543,2.8929532,3.182834,3.4719303,3.7406955,3.9835045,4.2220826,4.4440413,4.603374,4.791738,4.9480586,5.0409746,5.168788,5.322445,5.4137344,5.5398846,5.6483727,5.743125,5.990984,6.155869,6.4062,6.60373,6.6898217,6.8333473,6.874948,7.013085,7.0811496,7.1273336,7.329945,7.711614,7.779749,7.9342465,8.215494,8.181934,8.228221,8.247547,8.255284,8.275658,8.402549,8.473087,8.445104,8.341546,8.290777,8.314299,8.264207,8.163071,7.786955,7.569429,7.467753,7.4013143,7.4480066,7.711696,0.6903592,0.82993615,8.423689,8.567634,8.801889,8.900057,8.871115,1.0826006,9.030768,1.143447,1.1550648,1.3091376,1.3457985,1.4440844,1.5112993,1.624537,1.657747,1.7853507,1.9137133,2.0570765,11.691395,11.843766,11.924606,12.142163,12.229005,12.426695,12.529577,12.747837,12.524451,12.165818,12.11784,11.988983,12.209476,12.310365,12.404256,12.549842,12.646514,12.843061,12.815464,12.890505,13.193912,13.109668,13.39537,13.432125,13.683292,13.823759,14.285756,14.113025,14.081704,2.4338005,2.5096998,2.7019637,2.7282958,2.7414513,2.797788,2.7388923,2.7277148,2.503645,2.5150852,2.5264814,2.5254974,2.3112683,2.0716224,1.9309704,1.7333593,1.571863,1.4075035,1.2385212,1.095161,0.82869124,0.579295,0.28037912,0.019041633,-0.2829149,-0.64903826,-1.0065038,-1.3049134,-1.4852586,-1.6477772,-1.7525194,-1.8820662,-2.049084,-2.226216,-2.409228,-2.5436146,-2.5572612,-2.3592966,-2.0923216,-1.8344564,-1.6030105,-1.3722928,-1.1853212,-1.0279262,-0.9642544,-0.8973175,-0.8478072,-0.8950551,-0.95242584,-0.98587734,-1.0349077,-1.0201067,-0.9138487,-0.9071736,-0.8696348,-0.7982705,-0.70641905,-0.6622016,-0.70030344,-0.45045125,-0.28776887,-0.34721506,-0.373498,-0.30640364,-0.0918215,0.04467352,-0.0016242624,-0.4101855,-0.89272374,-1.2233425,-1.4690839,-1.7048649,-1.9021516,-2.0268936,-2.1722078,-2.2993827,-2.3971024,-2.4558737,-2.4713545,-2.5105033,-2.525621,-2.576337,-2.5939186,-2.6047714,-2.6092362,-2.6059523,-2.5999246,-2.569186,-2.5594902,-2.5201182,-2.5181017,-2.4808578,-2.4272141,-2.3464746,-2.3245196,-2.2692325,-2.2431297,-2.1590288,-2.103284,-2.034918,-1.9760319,-1.9572841,-1.9125137,-1.8368253,-1.786841,-1.7014767,-1.665577,-1.6409882,-1.6097797,-1.5707736,-1.4951423,-1.4639642,-1.4205226,-1.3905363,-1.3608377,-1.320582,-1.307542,-1.285478,-1.2311937,-1.1988723,-1.1468438,-1.1088015,-1.0978712,-1.0659989,-1.0553881,-1.0450003,-0.9970742,-0.9678453,-0.95136845,-0.91998845,-0.87799126,-0.8622907,-0.8479814,-0.8184463,-0.7852555,-0.74178153,-0.7221793,-0.69314855,-0.663127,-0.6566984,-0.63908565,-0.6253671,-0.61108357,-0.5862731,-0.5715863,-0.5654004,-0.5500029,-0.53710943,-0.52348983,-0.51249033,-0.48281792,-0.46182218,-0.44157386,-0.4296528,-0.41866004,-0.41459897,-0.39065388,-0.37195775,-0.36832288,-0.3647315,-0.35404837,-0.3507023,-0.34212807,-0.33293998,-0.32975358,-0.32012013,-0.316997,-0.3140073,-0.31102425,-0.30808622,-0.30523238,-0.30240145,-0.2995906,-0.29670992,-0.2938437,-0.2909222,-0.2790364,-0.26789662,-0.2567683,-0.24234857,-0.22674856,-0.22410485,-0.21700485,-0.21254045,-0.20699139,-0.20120412,-0.19557089,-0.18161844,-0.17303601,-0.1610043,-0.15072492,-0.1390977,-0.12485535,-0.109387636,-0.09156555,-0.07057218,-0.0452713,-0.020068858,0.0068178256,0.03716398,0.07063251,0.11235014,0.16165978,0.2201953,0.27716413,0.3436191,0.46591443,0.673699,0.9234301,1.1653914,1.2635249,1.3115616,1.3645406,1.4305904,1.4833814,1.5750195,1.6749473,1.7475281,1.9084287,2.0382755,2.1775086,2.332295,2.488925,7.528984,8.566823,9.406346,10.11943,10.220992,10.1579685,9.505916,8.490578,7.003992,5.369285,3.9144394,2.7525024,1.9084717,1.3587369,1.1084373,1.0124228,1.0612801,1.1064714,1.1927961,1.2429668,1.2317487,1.3471038,1.4194036,1.4354029,1.4537778,1.4903272,1.5553702,1.6515844,-0.49077004,-0.42801124,-0.35490963,-0.27629432,-0.1951319,-0.11319535,-0.031695697,0.048721235,0.12783755,0.20365912,0.27761504,0.34960362,0.41983464,0.48823798,0.55475754,0.6189693,0.68100905,0.7409835,0.7993182,0.855552,0.9092835,0.9606264,1.0097821,1.0571373,1.0879123,1.1306406,1.171999,1.2110642,1.2376887,1.267484,1.2139864,1.2606153,1.2789968,1.2920326,1.3270683,1.3496807,1.3886586,1.4014113,1.4976386,1.502728,1.5440073,1.5827118,1.6466106,1.6425366,1.6916795,1.7612417,1.7499409,1.753893,1.7697822,1.7607695,1.7484894,1.7365614,1.7790657,1.7997246,1.817651,1.8546817,1.8715569,1.7825944,1.7301781,1.6029106,1.585082,1.5023375,1.4503562,1.4742455,1.5040632,0.10705761,0.13638882,1.6622301,1.7343805,1.7741721,1.8179724,1.8207659,0.18669786,1.8154052,0.20536439,0.21706164,0.24732265,0.24173956,0.27511394,0.28687346,0.30784422,0.32548732,0.33662987,0.375919,0.41232842,2.3825264,2.4081545,2.4429307,2.4145987,2.4839294,2.385587,2.3597627,2.3533978,2.2976608,2.3034196,2.3100257,2.3277328,2.2415607,2.1677375,2.1924236,2.2557085,2.2405686,2.2556233,2.2391608,2.2301066,2.3321073,2.2787411,2.3848312,2.4615865,2.4797838,2.4724786,2.588726,2.5772836,2.6013906,0.37496713,0.4096375,0.40202925,0.44494525,0.45738143,0.46704963,0.48287737,0.47876567,0.46433422,0.48712403,0.49263918,0.45479023,0.4392874,0.3931584,0.36408672,0.34968692,0.3290413,0.27789986,0.23800099,0.20957187,0.15233126,0.13058291,0.081005454,0.0190381,-0.048463784,-0.107167035,-0.17841361,-0.22810465,-0.27088043,-0.3053626,-0.32213536,-0.34883708,-0.37606123,-0.41228706,-0.44640324,-0.4713848,-0.47121277,-0.43898478,-0.392567,-0.34884784,-0.30302572,-0.25719494,-0.21584387,-0.1839156,-0.1656342,-0.14814329,-0.1356786,-0.14494547,-0.15664679,-0.16357633,-0.1701434,-0.16790676,-0.14803211,-0.14432082,-0.1326188,-0.11849052,-0.100469045,-0.09046601,-0.09633043,-0.047146983,-0.010128874,-0.017322645,-0.023866422,-0.01062136,0.03176588,0.060633875,0.055565406,-0.027946055,-0.12592064,-0.19649129,-0.25017706,-0.3001767,-0.3300697,-0.3515469,-0.38056535,-0.39730048,-0.4088738,-0.42329806,-0.43315497,-0.4436047,-0.45140433,-0.44744906,-0.45435688,-0.45778286,-0.4402495,-0.44352657,-0.44526142,-0.44517794,-0.44493812,-0.4464159,-0.43873388,-0.4374662,-0.43535924,-0.43279693,-0.4300281,-0.42681667,-0.4232913,-0.41165328,-0.40779394,-0.40400413,-0.37697357,-0.37337515,-0.369751,-0.36607963,-0.35037273,-0.33839345,-0.33503976,-0.31826457,-0.30739203,-0.2940218,-0.29104623,-0.2881654,-0.2656622,-0.23474495,-0.2325024,-0.23037732,-0.22810316,-0.22575027,-0.22344476,-0.20174259,-0.19974928,-0.1978016,-0.19585392,-0.18663517,-0.18478163,-0.18296503,-0.18117149,-0.1654916,-0.16376966,-0.16212755,-0.15525077,-0.15370643,-0.15218122,-0.15067744,-0.14918934,-0.13684584,-0.13549593,-0.13414906,-0.13284032,-0.13155301,-0.13023098,-0.12888482,-0.12754552,-0.12622383,-0.11992642,-0.11864181,-0.117488645,-0.11120686,-0.11015161,-0.109065786,-0.10370463,-0.10268413,-0.10163211,-0.100577675,-0.099560484,-0.09859578,-0.09767597,-0.096717685,-0.09577419,-0.09484178,-0.093920305,-0.09303171,-0.08748313,-0.0866674,-0.085837804,-0.08501116,-0.08418305,-0.083387956,-0.07713615,-0.07640674,-0.07198489,-0.064913474,-0.058966387,-0.058399625,-0.05427338,-0.05373576,-0.053197727,-0.05266557,-0.047518317,-0.047056448,-0.046581242,-0.046046715,-0.039715346,-0.038937062,-0.0379778,-0.036978804,-0.036005598,-0.034715332,-0.033198815,-0.031517632,-0.029679371,-0.02760538,-0.025421657,-0.022973081,-0.019709295,-0.01607423,-0.011630827,-0.0068996875,-0.0016533986,0.004359141,0.010974312,0.019200236,0.028897967,0.040374912,0.04737764,0.06060417,0.08297766,0.1209264,0.16625081,0.20970652,0.22652328,0.23412734,0.24264328,0.25354567,0.2621329,0.27778086,0.29500702,0.30747688,0.33583435,0.35889304,0.38396406,0.4123236,0.44169196,1.3488381,1.5390043,1.7111868,1.872153,1.9286661,1.9733883,1.906655,1.7674308,1.5454247,1.2846009,1.0283455,0.83173203,0.6467769,0.46435106,0.33180502,0.29408395,0.26107535,0.2721234,0.3281371,0.32000482,0.3312368,0.32872182,0.35938781,0.3752438,0.3587074,0.36387014,0.37452352,0.41024908,-0.08660647,-0.07612491,-0.063869454,-0.05065995,-0.03699034,-0.023168754,-0.009392214,0.004233142,0.017655661,0.030781612,0.043626465,0.056157798,0.06835276,0.08025429,0.09186763,0.103215136,0.11426355,0.12493565,0.13504669,0.14468473,0.15378846,0.16254425,0.17094171,0.17905603,0.18691093,0.19402595,0.20047507,0.20680493,0.21151671,0.21560876,0.21916774,0.22705689,0.23057927,0.23340017,0.2488741,0.24566942,0.26104406,0.2735248,0.27537188,0.28685588,0.2729783,0.29126096,0.30403727,0.30631638,0.30006543,0.30688128,0.3034081,0.301198,0.31205177,0.304792,0.29706526,0.28544942,0.29161263,0.28964692,0.26601288,0.2722288,0.27300373,0.23746757,0.25825354,0.24600185,0.23947723,0.2222347,0.23016329,0.23584375,0.23400688,0.01456381,0.016413834,0.26550907,0.2724633,0.2882278,0.29225206,0.29655644,0.0344839,0.3098622,0.039747268,0.043027937,0.046923436,0.050978348,0.05535701,0.05401741,0.058512457,0.057549533,0.061717093,0.07070161,0.07301052,0.41960675,0.4059546,0.43040442,0.4197061,0.4322722,0.4117357,0.4049214,0.40247595,0.36964536,0.33632547,0.36915156,0.34462258,0.37965778,0.39722005,0.37899768,0.3584061,0.36425665,0.37027356,0.34901288,0.3331372,0.36610582,0.36976478,0.35706383,0.37956783,0.38331574,0.35933617,0.400522,0.42197537,0.44203275,0.06385137,0.07529435,0.0729623,0.08841056,0.07727201,0.0928953,0.09093388,0.08445553,0.08403057,0.079039134,0.07884721,0.07663296,0.055627942,0.0460552,0.062011786,0.043429226,0.051206265,0.04373691,0.030985761,0.030387364,0.024099778,0.009485457,0.007298615,-0.0033368827,-0.014630903,-0.02374112,-0.03253179,-0.041433364,-0.04749879,-0.052071378,-0.050776444,-0.054651964,-0.060192693,-0.066000484,-0.07141734,-0.0754548,-0.07650808,-0.07164171,-0.06438594,-0.057422105,-0.050037675,-0.04243813,-0.03589971,-0.030541856,-0.027604604,-0.024719018,-0.022836413,-0.02407446,-0.02606669,-0.024914699,-0.026523642,-0.026135497,-0.022955662,-0.02258425,-0.021191344,-0.018598996,-0.015545302,-0.013683291,-0.014672639,-0.0058353897,0.0006472543,-0.00014272332,-0.0009797793,0.0017984146,0.010237109,0.015896218,0.015966289,0.00011203531,-0.019096766,-0.03293014,-0.04337827,-0.053118046,-0.061320215,-0.06686057,-0.072776705,-0.07791226,-0.08254903,-0.08559139,-0.08767201,-0.0898407,-0.091453955,-0.09330841,-0.09474573,-0.09545715,-0.09601015,-0.096701704,-0.0970577,-0.09702233,-0.09694974,-0.09723609,-0.097347625,-0.0970433,-0.09655769,-0.0832355,-0.08269072,-0.06710731,-0.066547684,-0.06594351,-0.065322846,-0.05349043,-0.052989554,-0.052482434,-0.041543946,-0.041131094,-0.040722065,-0.040314943,-0.039915256,-0.039513595,-0.039111517,-0.03871104,-0.03831971,-0.03794045,-0.037557777,-0.03718612,-0.03683032,-0.03649237,-0.036132284,-0.03576065,-0.03539636,-0.03504165,-0.02798053,-0.027707743,-0.027435128,-0.027163705,-0.026894309,-0.026630115,-0.02636921,-0.026105367,-0.025834791,-0.025576252,-0.02532553,-0.025074024,-0.024825614,-0.024580643,-0.024338221,-0.02410138,-0.023863934,-0.023627112,-0.023396738,-0.01531681,-0.015163263,-0.015007164,-0.01485191,-0.01469866,-0.0145436395,-0.014388753,-0.014248975,-0.014116235,-0.0139821945,-0.013844583,-0.013713423,-0.013578684,-0.013440068,-0.013301212,-0.01316707,-0.013039558,-0.01291772,-0.012791159,-0.012666496,-0.012543285,-0.012421503,-0.0123039,-0.006768845,-0.006705628,0.0,0.0,0.0,0.0,0.0,0.0,0.0,0.0,0.0,0.0,0.0,0.0,0.0,0.0,0.0,0.0,0.0,0.0,0.0,0.0,0.0,0.0,0.0,0.0,0.0,0.0,0.0,0.0,0.0,0.0,0.0,0.0,0.0,0.0,0.0,0.0,0.0,0.0,0.0,0.0,0.0,0.0,0.0,0.0,0.0,0.0,0.0,0.0,0.0,0.0,0.0,0.0,0.0,0.0,0.0,0.0,0.0,0.0,0.0,0.0,0.0,0.0,0.0,0.0,0.0,0.0,0.0,0.0,0.0,0.0,0.0,0.0,0.0,0.0,0.0,0.0,0.0,0.0,0.0,0.0,0.0,0.0,0.0,0.0,0.0,0.0,0.0,0.0,0.0,0.0,0.0,0.0,0.0,0.0,0.0,0.0,0.0,0.0,0.0,0.0,0.0,0.0,0.0,0.0,0.0,0.0,0.0,0.0,0.0,0.0,0.0,0.0,0.0,0.0,0.0,0.0,0.0,0.0,0.0,0.0,0.0,0.0,0.0,0.0,0.0,0.0,0.0,0.0,0.0,0.0,0.0,0.0,0.0,0.0,0.0,0.0,0.0,0.0,0.0,0.0,0.0,0.0,0.0,0.0,0.0,0.0,0.0,0.0,0.0,0.0,0.0,0.0,0.0,0.0,0.0,0.0,0.0,0.0,0.0,0.0,0.0,0.0,0.0,0.0,0.0,0.0,0.0,0.0,0.0,0.0,0.0,0.0,0.0,0.0,0.0,0.0,0.0,0.0,0.0,0.0,0.0,0.0,0.0,0.0,0.0,0.0,0.0,0.0,0.0,0.0,0.0,0.0,0.0,0.0,0.0,0.0,0.0,0.0,0.0,0.0,0.0,0.0,0.0,0.0,0.0,0.0,0.0,0.0,0.0,0.0,0.0,0.0,0.0,0.0,0.0,0.0,0.0,0.0,0.0,0.0,0.0,0.0,0.0,0.0,0.0,0.0,0.0,0.0,0.0,0.0,0.0,0.0,0.0,0.0,0.0,0.0,0.0,0.0,0.0,0.0,0.0,0.0,0.0,0.0,0.0,0.0,0.0,0.0,0.0,0.0,0.0,0.0,0.0,0.0,0.0,0.0,0.0,0.0,0.0,0.0,0.0,0.0,0.0,0.0,0.0,0.0,0.0,0.0,0.0,0.0,0.0,0.0,0.0,0.0,0.0,0.0,0.0,0.0,0.0,0.0,0.0,0.0,0.0,0.0,0.0,0.0,0.0,0.0,0.0,0.0,0.0,0.0,0.0,0.0,0.0,0.0,0.0,0.0,0.0,0.0,0.0,0.0,0.0,0.0,0.0,0.0,0.0,0.0,0.0,0.0,0.0,0.0,0.0,0.0,0.0,0.0,0.0,0.0,0.0,0.0,0.0,0.0,0.0,0.0,0.0,0.0,0.0,0.0,0.0,0.0,0.0,0.0,0.0,0.0,0.0,0.0,0.0,0.0,0.0,0.0,0.0,0.0,0.0,0.0,0.0,0.0,0.0,0.0,0.0,0.0,0.0,0.0,0.0,0.0,0.0,0.0,0.0,0.0,0.0,0.0,0.0,0.0,0.0,0.0,0.0,0.0,0.0,0.0,0.0,0.0,0.0,0.0,0.0,0.0,0.0,0.0,0.0,0.0,0.0,0.0,0.0,0.0,0.0,0.0,0.0,0.0,0.0,0.0,0.0,0.0,0.0,0.0,0.0,0.0,0.0,0.0,0.0,0.0,0.0,0.0,0.0,0.0,0.0,0.0,0.0,0.0,0.0,0.0,0.0,0.0,0.0,0.0,0.0,0.0,0.0,0.0,0.0,0.0,0.0,0.0,0.0,0.0,0.0,0.0,0.0,0.0,0.0,0.0,0.0,0.0,0.0,0.0,0.0,0.0,0.0,0.0,0.0,0.0,0.0,0.0,0.0,0.0,0.0,0.0,0.0,0.0,0.0,0.0,0.0,0.0,0.0,0.0,0.0,0.0,0.0,0.0,0.0,0.0,0.0,0.0,0.0,0.0,0.0,0.0,0.0,0.0,0.0,0.0,0.0,0.0,0.0,0.0,0.0,0.0,0.0,0.0,0.0,0.0,0.0,0.0,0.0,0.0,0.0,0.0,0.0,0.0,0.0,0.0,0.0,0.0,0.0,0.0,0.0,0.0,0.0,0.0,0.0,0.0,0.0,0.0,0.0,0.0,0.0,0.0,0.0,0.0,0.0,0.0,0.0,0.0,0.0,0.0,0.0,0.0,0.0,0.0,0.0,0.0,0.0,0.0,0.0,0.0,0.0,0.0,0.0,0.0,0.0,0.0,0.0,0.0,0.0,0.0,0.0,0.0,0.0,0.0,0.0,0.0,0.0,0.0,0.0,0.0,0.0,0.0,0.0,0.0,0.0,0.0,0.0,0.0,0.0,0.0,0.0,0.0,0.0,0.0,0.0,0.0,0.0,0.0,0.0,0.0,0.0,0.0,0.0,0.0,0.0,0.0,0.0,0.0,0.0,0.0,0.0,0.0,0.0,0.0,0.0,0.0,0.0,0.0,0.0,0.0,0.0,0.0,0.0,0.0,0.0,0.0,0.0,0.0,0.0,0.0,0.0,0.0,0.0,0.0,0.0,0.0,0.0,0.0,0.0,0.0,0.0,0.0,0.0,0.0,0.0,0.0,0.0,0.0,0.0,0.0,0.0,0.0,0.0,0.0,0.0,0.0,0.0,0.0,0.0,0.0,0.0,0.0,0.0,0.0,0.0,0.0,0.0,0.0,0.0,0.0,0.0,0.0,0.0,0.0,0.0,0.0,0.0,0.0,0.0,0.0,0.0,0.0,0.0,0.0,0.0,0.0,0.0,0.0,0.0,0.0,0.0,0.0,0.0,0.0,0.0,0.0,0.0,0.0,0.0,0.0,0.0,0.0,0.0,0.0,0.0,0.0,0.0,0.0,0.0,0.0,0.0,0.0,0.0,0.0,0.0,0.0,0.0,0.0,0.0,0.0,0.0,0.0,0.0,0.0,0.0,0.0,0.0,0.0,0.0,0.0,0.0,0.0,0.0,0.0,0.0,0.0,0.0,0.0,0.0,0.0,0.0,0.0,0.0,0.0,0.0,0.0,0.0,0.0,0.0,0.0,0.0,0.0,0.0,0.0,0.0,0.0,0.0,0.0,0.0,0.0,0.0,0.0,0.0,0.0,0.0,0.0,0.0,0.0,0.0,0.0,0.0,0.0,0.0,0.0,0.0,0.0,0.0,0.0,0.0,0.0,0.0,0.0,0.0,0.0,0.0,0.0,0.0,0.0,0.0,0.0,0.0,0.0,0.0,0.0,0.0,0.0,0.0,0.0,0.0,0.0,0.0,0.0,0.0,0.0,0.0,0.0,0.0,0.0,0.0,0.0,0.0,0.0,0.0,0.0,0.0,0.0,0.0,0.0,0.0,0.0,0.0,0.0,0.0,0.0,0.0,0.0,0.0,0.0,0.0,0.0,0.0,0.0,0.0,0.0,0.0,0.0,0.0,0.0,0.0,0.0,0.0,0.0,0.0,0.0,0.0,0.0,0.0,0.0,0.0,0.0,0.0,0.0,0.0,0.0,0.0,0.0,0.0,0.0,0.0,0.0,0.0,0.0,0.0,0.0,0.0,0.0,0.0,0.0,0.0,0.0,0.0,0.0,0.0,0.0,0.0,0.0,0.0,0.0,0.0,0.0,0.0,0.0,0.0,0.0,0.0,0.0,0.0,0.0,0.0,0.0,0.0,0.0,0.0,0.0,0.0,0.0,0.0,0.0,0.0,0.0,0.0,0.0,0.0,0.0,0.0,0.0,0.0,0.0,0.0,0.0,0.0,0.0,0.0,0.0,0.0,0.0,0.0,0.0,0.0,0.0,0.0,0.0,0.0,0.0,0.0,0.0,0.0,0.0,0.0,0.0,0.0,0.0,0.0,0.0,0.0,0.0,0.0,0.0,0.0,0.0,0.0,0.0,0.0,0.0,0.0,0.0,0.0,0.0,0.0,0.0,0.0,0.0,0.0,0.0,0.0,0.0,0.0,0.0,0.0,0.0,0.0,0.0,0.0,0.0,0.0,0.0,0.0,0.0,0.0,0.0,0.0,0.0,0.0,0.0,0.0,0.0,0.0,0.0,0.0,0.0,0.0,0.0,0.0,0.0,0.0,0.0,0.0,0.0,0.0,0.0,0.0,0.0,0.0,0.0,0.0,0.0,0.0,0.0,0.0,0.0,0.0,0.0,0.0,0.0,0.0,0.0,0.0,0.0,0.0,0.0,0.0,0.0,0.0,0.0,0.0,0.0,0.0,0.0,0.0,0.0,0.0,0.0,0.0,0.0,0.0,0.0,0.0,0.0,0.0,0.0,0.0,0.0,0.0,0.0,0.0,0.0,0.0,0.0,0.0,0.0,0.0,0.0,0.0,0.0,0.0,0.0,0.0,0.0,0.0,0.0,0.0,0.0,0.0,0.0,0.0,0.0,0.0,0.0,0.0,0.0,0.0,0.0,0.0,0.0,0.0,0.0,0.0,0.0,0.0,0.0,0.0,0.0,0.0,0.0,0.0,0.0,0.0,0.0,0.0,0.0,0.0,0.0,0.0,0.0,0.0,0.0,0.0,0.0,0.0,0.0,0.0,0.0,0.0,0.0,0.0,0.0,0.0,0.0,0.0,0.0,0.0,0.0,0.0,0.0,0.0,0.0,0.0,0.0,0.0,0.0,0.0,0.0,0.0,0.0,0.0,0.0,0.0,0.0,0.0,0.0,0.0,0.0,0.0,0.0,0.0,0.0,0.0,0.0,0.0,0.0,0.0,0.0,0.0,0.0,0.0,0.0,0.0,0.0,0.0,0.0,0.0,0.0,0.0,0.0,0.0,0.0,0.0,0.0,0.0,0.0,0.0,0.0,0.0,0.0,0.0,0.0,0.0,0.0,0.0,0.0,0.0,0.0,0.0,0.0,0.0,0.0,0.0,0.0,0.0,0.0,0.0,0.0,0.0,0.0,0.0,0.0,0.0,0.0,0.0,0.0,0.0,0.0,0.0,0.0,0.0,0.0,0.0,0.0,0.0,0.0,0.0,0.0,0.0,0.0,0.0,0.0,0.0,0.0,0.0,0.0,0.0,0.0,0.0,0.0,0.0,0.0,0.0,0.0,0.0,0.0,0.0,0.0,0.0,0.0,0.0,0.0,0.0,0.0,0.0,0.0,0.0,0.0,0.0,0.0,0.0,0.0,0.0,0.0,0.0,0.0,0.0,0.0,0.0,0.0,0.0,0.0,0.0,0.0,0.0,0.0,0.0,0.0,0.0,0.0,0.0,0.0,0.0,0.0,0.0,0.0,0.0,0.0,0.0,0.0,0.0,0.0,0.0,0.0,0.0,0.0,0.0,0.0,0.0,0.0,0.0,0.0,0.0,0.0,0.0,0.0,0.0,0.0,0.0,0.0,0.0,0.0,0.0,0.0,0.0,0.0,0.0,0.0,0.0,0.0,0.0,0.0,0.0,0.0,0.0,0.0,0.0,0.0,0.0,0.0,0.0,0.0,0.0,0.0,0.0,0.0,0.0,0.0,0.0,0.0,0.0,0.0,0.0,0.0,0.0,0.0,0.0,0.0,0.0,0.0,0.0,0.0,0.0,0.0,0.0,0.0,0.0,0.0,0.0,0.0,0.0,0.0,0.0,0.0,0.0,0.0,0.0,0.0,0.0,0.0,0.0,0.0,0.0,0.0,0.0,0.0,0.0,0.0,0.0,0.0,0.0,0.0,0.0,0.0,0.0,0.0,0.0,0.0,0.0,0.0,0.0,0.0,0.0,0.0,0.0,0.0,0.0,0.0,0.0,0.0,0.0,0.0,0.0,0.0,0.0,0.0,0.0,0.0,0.0,0.0,0.0,0.0,0.0,0.0,0.0,0.0,0.0,0.0,0.0,0.0,0.0,0.0,0.0,0.0,0.0,0.0,0.0,0.0,0.0,0.0,0.0,0.0,0.0,0.0,0.0,0.0,0.0,0.0,0.0,0.0,0.0,0.0,0.0,0.0,0.0,0.0,0.0,0.0,0.0,0.0,0.0,0.0,0.0,0.0,0.0,0.0,0.0,0.0,0.0,0.0,0.0,0.0,0.0,0.0,0.0,0.0,0.0,0.0,0.0,0.0,0.0,0.0,0.0,0.0,0.0,0.0,0.0,0.0,0.0,0.0,0.0,0.0,0.0,0.0,0.0,0.0,0.0,0.0,0.0,0.0,0.0,0.0,0.0,0.0,0.0,0.0,0.0,0.0,0.0,0.0,0.0,0.0,0.0,0.0,0.0,0.0,0.0,0.0,0.0,0.0,0.0,0.0,0.0,0.0,0.0,0.0,0.0,0.0,0.0,0.0,0.0,0.0,0.0,0.0,0.0,0.0,0.0,0.0,0.0,0.0,0.0,0.0,0.0,0.0,0.0,0.0,0.0,0.0,0.0,0.0,0.0,0.0,0.0,0.0,0.0,0.0,0.0,0.0,0.0,0.0,0.0,0.0,0.0,0.0,0.0,0.0,0.0,0.0,0.0,0.0,0.0,0.0,0.0,0.0,0.0,0.0,0.0,0.0,0.0,0.0,0.0,0.0,0.0,0.0,0.0,0.0,0.0,0.0,0.0,0.0,0.0,0.0,0.0,0.0,0.0,0.0,0.0,0.0,0.0,0.0,0.0,0.0,0.0,0.0,0.0,0.0,0.0,0.0,0.0,0.0,0.0,0.0,0.0,0.0,0.0,0.0,0.0,0.0,0.0,0.0,0.0,0.0,0.0,0.0,0.0,0.0,0.0,0.0,0.0,0.0,0.0
Tax64,0.0,-1.0244915,-0.82988554,-0.58333325,-0.3009147,0.0063527813,0.33105007,0.66820794,1.0145402,1.3541985,1.7096735,2.0694084,2.4358623,2.801777,3.1702025,3.5388706,3.9079094,4.2758036,4.6412168,5.002591,5.3770075,5.559113,5.838421,6.1944385,6.5443654,6.8778877,7.2419295,7.6603985,8.121534,8.516517,9.031595,9.355114,9.876954,10.171673,10.477636,10.89561,11.357413,11.683141,12.007945,12.386175,12.827752,13.860908,14.604137,15.408434,15.597662,16.60516,17.345066,17.387007,17.86654,18.565056,19.019915,19.45001,19.760864,20.313118,21.02136,21.09179,21.494654,21.928467,21.941519,21.91568,21.625786,21.49181,21.173592,21.090359,21.76364,22.544569,2.183444,2.3981783,25.17708,26.45573,27.732487,28.94389,29.637346,3.2164638,31.218838,3.5014286,3.6736019,3.9898694,4.12767,4.2930865,4.4784627,4.6130853,4.6960444,5.053001,5.3750663,5.7730956,41.785717,43.23716,45.23944,47.980606,50.859116,53.770233,56.493027,58.765434,59.82029,61.063545,62.767506,64.95722,67.2083,69.29807,71.01842,72.30422,74.587616,76.48783,77.98538,79.947136,81.96232,84.62196,86.791595,89.33467,92.21603,94.073784,96.28762,97.5487,97.46781,8.913251,9.117765,9.402438,9.416193,9.06243,8.751872,8.073997,7.494511,6.865709,6.2179027,5.441519,4.842894,3.3159332,1.993104,0.9837266,-0.115030855,-1.2199731,-2.1037774,-3.2851357,-4.4539385,-5.7267036,-6.9801974,-8.304188,-9.620876,-11.058201,-12.415587,-13.834726,-14.981736,-15.855359,-16.546835,-17.032368,-17.550598,-18.196348,-18.874521,-19.442108,-19.850075,-19.940386,-19.403889,-18.637674,-17.934847,-17.19028,-16.460491,-15.819958,-15.271055,-14.952317,-14.64077,-14.439553,-14.4737625,-14.544719,-14.539607,-14.602503,-14.487248,-14.1430645,-14.040983,-13.828216,-13.553238,-13.246804,-13.057395,-13.095455,-12.315668,-11.766628,-11.843874,-11.859954,-11.618914,-10.971231,-10.527184,-10.55717,-11.604797,-12.827441,-13.661957,-14.268326,-14.816918,-15.256015,-15.506422,-15.784028,-15.98391,-16.146173,-16.21534,-16.224281,-16.23855,-16.206879,-16.185736,-16.11619,-15.983821,-15.871868,-15.749359,-15.599681,-15.461699,-15.295619,-15.131082,-14.926175,-14.711433,-14.506121,-14.285919,-14.050809,-13.854814,-13.663164,-13.492972,-13.322179,-13.123166,-12.9174185,-12.726924,-12.534795,-12.354601,-12.177681,-12.008087,-11.85793,-11.67528,-11.487024,-11.324689,-11.17061,-11.042267,-10.908688,-10.775527,-10.663562,-10.558374,-10.422158,-10.289587,-10.150931,-10.01839,-9.894056,-9.773864,-9.656748,-9.529122,-9.40827,-9.295277,-9.186848,-9.072421,-8.95738,-8.85314,-8.755199,-8.642687,-8.535061,-8.430869,-8.336456,-8.240892,-8.139116,-8.026717,-7.9334984,-7.814763,-7.723843,-7.6250134,-7.5262413,-7.4290833,-7.329951,-7.2298555,-7.1375,-7.067145,-6.982808,-6.9053392,-6.806556,-6.7314014,-6.650467,-6.5685325,-6.48687,-6.4077682,-6.3297157,-6.2603097,-6.183703,-6.1065054,-6.0379276,-5.9590354,-5.9007254,-5.8436923,-5.7669015,-5.7033577,-5.638057,-5.5779305,-5.515907,-5.4626546,-5.4140077,-5.3601246,-5.300293,-5.246775,-5.1953845,-5.137665,-5.074698,-5.0135155,-4.9582644,-4.9057083,-4.8571157,-4.8303704,-4.8144155,-4.7953215,-4.7649446,-4.7153597,-4.6633635,-4.596784,-4.51976,-4.429711,-4.3292146,-4.2154164,-4.0912623,-3.9503877,-3.7662473,-3.5463145,-3.2842803,-2.9955027,-2.6773534,-2.3087397,-1.9008942,-1.3966435,-0.80267775,-0.09925296,0.5829687,1.4655938,2.9716146,5.565981,8.6802435,11.632048,12.685227,13.120408,13.634219,14.340959,14.958804,16.102406,17.430147,18.469889,20.80796,22.91813,25.404367,28.389635,31.7232,138.45782,173.59013,216.13954,270.7863,333.47464,408.0408,486.2223,556.6864,608.3485,643.0329,662.35156,651.0061,605.1744,497.60117,345.76266,203.00653,93.50281,29.296818,2.9746208,-6.846512,-9.317329,-8.050205,-6.561196,-4.924054,-3.5660017,-1.8990273,0.7890389,3.1667967,-23.830101,-20.592346,-16.733189,-12.531152,-8.148937,-3.7136242,0.72338474,5.107315,9.411057,13.639559,17.776415,21.811598,25.661098,29.505095,33.204773,36.845333,40.30537,43.730354,47.00636,50.18039,53.16699,56.18708,59.08791,61.780293,64.378426,66.7811,69.282265,71.957245,73.82544,76.28478,79.10763,83.67505,85.79571,86.382835,89.72326,93.17354,98.38948,99.098015,102.382576,105.17804,107.75716,114.55873,122.607216,126.863174,132.58228,139.3258,141.76471,144.31143,145.31555,147.31061,149.17712,154.38045,157.03839,161.46962,162.01857,162.88187,166.04758,165.0238,163.4611,157.44218,155.3249,153.2957,152.66629,157.70625,163.2451,-6.4207745,-4.171035,184.37561,194.44359,203.1846,210.01398,214.3941,0.7064141,225.69406,2.808701,3.8030155,6.3968053,7.881878,10.04857,12.055099,13.770235,14.613531,17.597044,21.313774,25.228476,319.94022,331.63156,346.57205,358.31802,371.67548,386.51117,398.14264,409.18668,409.13873,411.48615,416.50278,427.18436,435.52408,444.4062,454.97223,463.11215,473.33444,486.21542,496.57523,506.1989,517.6872,528.7049,539.928,550.41595,562.5786,576.2127,587.6268,591.6192,593.2916,38.548275,42.606724,47.536808,49.71636,50.60551,50.316757,48.756176,46.97969,45.336838,43.136044,40.992725,39.136887,30.947191,23.445608,17.866964,11.450942,5.539309,0.5772297,-6.469756,-14.154613,-22.755379,-30.9562,-40.659744,-50.68529,-61.39819,-72.213776,-82.57234,-90.78687,-96.72241,-101.6338,-104.80571,-108.38312,-113.03921,-117.73495,-122.02273,-125.09282,-125.80264,-122.201866,-116.97077,-112.00476,-106.69702,-101.38759,-96.67251,-92.70211,-90.42219,-88.01135,-86.19456,-86.48277,-87.145805,-87.24562,-87.77321,-86.9288,-84.22186,-83.54549,-82.03764,-79.88291,-77.43325,-75.83965,-76.04757,-69.828995,-65.323524,-65.72938,-65.81552,-63.616367,-58.000774,-53.97943,-54.03046,-62.99481,-73.68423,-81.10515,-86.56788,-91.469406,-95.34004,-97.66203,-100.18533,-102.19944,-103.766304,-104.502235,-104.76701,-104.95246,-104.921036,-104.80505,-104.513565,-103.87683,-103.15152,-102.352394,-101.39018,-100.32245,-99.188515,-97.97405,-96.60207,-95.332275,-93.96798,-92.59753,-91.1443,-89.70759,-88.30858,-87.033195,-85.94295,-84.7169,-83.422195,-82.1879,-80.981544,-79.732254,-78.6085,-77.51526,-76.38325,-75.28226,-74.22812,-73.2033,-72.20829,-71.22899,-70.253105,-69.35688,-68.54006,-67.834564,-66.91951,-65.96786,-65.09802,-64.25738,-63.442123,-62.645992,-61.871063,-61.110817,-60.331184,-59.622154,-58.87194,-58.118607,-57.284378,-56.531963,-55.859676,-55.094765,-54.367924,-53.706398,-53.01772,-52.377136,-51.73386,-51.056427,-50.425613,-49.852707,-49.203682,-48.499958,-47.823116,-47.181988,-46.505836,-45.823242,-45.275085,-44.752167,-44.25238,-43.69398,-43.21242,-42.6736,-42.075397,-41.507187,-40.977947,-40.485687,-40.05165,-39.57501,-39.097893,-38.617126,-38.14862,-37.707542,-37.308723,-36.906822,-36.49154,-36.08646,-35.6478,-35.25678,-34.875874,-34.499508,-34.15385,-33.817986,-33.49927,-33.151516,-32.82309,-32.471504,-32.09838,-31.6899,-31.305216,-30.989805,-30.797903,-30.684006,-30.607542,-30.51138,-30.336489,-30.039719,-29.672926,-29.233185,-28.706623,-28.089745,-27.389563,-26.580751,-25.695202,-24.68309,-23.37017,-21.860617,-20.008629,-17.993176,-15.748388,-13.175856,-10.337332,-6.819637,-2.6812325,2.2022808,6.8863597,12.931527,23.272253,41.046463,62.093857,81.54708,87.38594,88.511475,90.00773,92.53756,93.826195,98.25438,103.187744,105.85233,115.0894,121.71282,128.78218,136.9721,145.28534,624.87585,712.6449,792.0415,870.1191,918.9662,951.4286,949.21484,916.1988,844.15656,752.51715,652.2957,554.0383,438.74048,306.9091,201.1572,153.06528,140.4786,134.49724,139.96666,140.23639,142.12007,150.29732,154.82729,158.84656,160.71822,165.55595,176.28918,185.37357,-55.557323,-49.519726,-42.256428,-34.277096,-25.976547,-17.557957,-9.159002,-0.8489046,7.318466,15.30235,23.100397,30.675768,38.04978,45.22523,52.325256,59.190693,65.791306,72.27421,78.52702,84.673775,90.50863,96.286224,101.81433,107.16841,112.39474,117.5741,122.54892,127.63618,131.2577,136.14075,140.16435,147.9942,154.11972,157.41281,151.67107,156.98184,161.20615,164.78453,171.16052,177.34285,182.12482,192.24438,207.10721,213.5818,225.97052,235.05075,237.11305,240.09378,243.04895,240.01836,241.4598,247.90709,252.6189,259.61743,260.12924,261.1504,265.4463,260.07047,253.8925,241.10388,235.53358,231.4172,229.34138,238.22725,246.7241,-27.996777,-24.317778,278.9617,294.15048,309.70258,319.89648,324.9725,-15.54933,336.40805,-12.697043,-11.111721,-7.107193,-4.783538,-1.5723693,1.5633814,4.507733,6.2613077,11.398454,17.54618,24.273376,476.4081,498.6829,525.3764,540.1294,556.8635,570.6668,575.3138,579.21246,564.45245,555.1588,551.76526,566.4335,569.9847,573.16235,575.85455,577.0213,582.0141,589.9938,591.9453,593.14197,599.99554,606.46173,614.4926,620.2381,630.274,636.8527,641.89557,638.78516,632.073,27.562244,32.137592,38.184734,40.43213,41.55929,42.18043,40.622925,39.32874,38.09142,35.96192,34.43191,32.68437,22.776695,15.053173,9.396578,2.9029498,-2.9226735,-7.627285,-14.884056,-23.112917,-31.99496,-40.40004,-50.167404,-60.31822,-71.151794,-81.962364,-92.45028,-100.825195,-106.617355,-111.33385,-114.32872,-117.63658,-122.164635,-126.71027,-130.6526,-133.43236,-133.92352,-130.133,-124.61703,-119.1706,-113.35651,-107.530426,-102.23593,-97.74406,-94.97948,-92.146645,-90.041466,-90.07993,-90.70091,-90.767715,-91.29494,-90.34792,-87.28785,-86.40387,-84.76979,-82.31768,-79.62513,-77.737946,-77.89956,-71.04072,-65.74622,-65.87235,-65.888016,-63.390614,-56.96179,-52.114082,-51.940197,-62.18219,-74.56605,-83.26276,-89.583305,-95.27885,-99.86614,-102.65189,-105.44452,-107.688774,-109.53804,-110.4421,-110.770256,-110.97378,-110.874054,-110.74616,-110.31532,-109.59783,-108.75979,-107.89135,-106.78716,-105.57699,-104.49082,-103.23164,-101.80189,-100.33188,-98.91505,-97.43468,-95.923454,-94.367195,-92.908226,-91.54714,-90.37342,-89.10794,-87.7623,-86.39414,-85.13384,-83.84073,-82.65841,-81.47204,-80.413414,-79.29149,-78.18151,-77.061104,-76.00714,-75.03992,-74.016,-73.076324,-72.20675,-71.474304,-70.51112,-69.52903,-68.58765,-67.69474,-66.86894,-66.093506,-65.25851,-64.41878,-63.580925,-62.752876,-61.95921,-61.10579,-60.26813,-59.47142,-58.748432,-58.0054,-57.289673,-56.56802,-55.831715,-55.13715,-54.49033,-53.785957,-53.145008,-52.500046,-51.830948,-51.129623,-50.41619,-49.751583,-49.06278,-48.363354,-47.7925,-47.255886,-46.69404,-46.113533,-45.569637,-45.012756,-44.417343,-43.827675,-43.269474,-42.73828,-42.233143,-41.72375,-41.195156,-40.71372,-40.22917,-39.780056,-39.35536,-38.931183,-38.481598,-38.030315,-37.583126,-37.164932,-36.727955,-36.330997,-35.975464,-35.641094,-35.291225,-34.94779,-34.5895,-34.174023,-33.77744,-33.35334,-32.927906,-32.612946,-32.362194,-32.208565,-32.121353,-31.978765,-31.777163,-31.43707,-31.06222,-30.638824,-30.087414,-29.424486,-28.65843,-27.828083,-26.932253,-25.945814,-24.644371,-23.112679,-21.294,-19.31319,-17.100685,-14.557529,-11.756002,-8.293939,-4.2244124,0.56707585,5.166206,11.083982,21.1771,38.46937,58.931343,77.83959,83.3655,84.33166,85.65909,88.06902,89.346344,93.6473,98.56667,101.3804,110.63209,117.48568,125.0495,133.82645,142.8412,621.5715,713.62164,800.5913,891.197,957.8196,1011.9488,1035.3724,1028.3866,984.8863,923.4435,857.0581,795.41345,707.7544,562.14825,390.3911,275.08655,215.4044,185.85594,183.974,182.18234,183.84326,194.72395,201.15685,207.07309,209.9193,216.80528,229.8199,241.92778,-62.056442,-55.971016,-48.501316,-40.289585,-31.72929,-23.037165,-14.3254385,-5.724645,2.740267,10.992983,19.060112,26.943638,34.59357,42.00753,49.217346,56.250336,63.087597,69.67906,76.08819,82.321495,88.36171,94.27744,99.9828,105.44594,110.81117,115.95068,120.81706,126.18774,130.28749,134.85587,139.19125,147.54187,152.75186,156.43523,147.23308,151.81532,156.90375,159.95221,167.21152,175.1169,179.41983,189.85683,205.41907,211.85078,224.09355,232.56831,233.89459,236.32072,240.01466,233.70824,235.06042,241.93835,245.47803,253.30995,253.80292,255.69597,260.00458,253.33125,247.12103,234.12881,227.30959,222.75363,220.45772,228.60732,237.87029,-34.34212,-30.479565,269.75754,284.7592,300.5117,311.99634,315.36353,-21.261484,327.91782,-18.44178,-16.665827,-12.491926,-10.452039,-7.2000327,-4.27223,-1.2749954,0.11993568,5.260456,11.603555,18.42444,463.91333,487.59183,515.8236,532.6448,549.4392,563.94464,567.9427,569.1016,552.1149,539.5717,534.3408,549.03973,555.62744,557.6739,561.45575,563.50525,568.9443,576.01117,581.76044,582.8133,588.96155,597.5722,602.67615,608.08264,615.4835,623.2472,627.9776,624.5257,616.42975,23.428215,28.132736,34.61087,37.43035,38.0589,38.562992,37.061172,35.819504,34.772312,32.85202,31.590569,29.92275,19.95092,12.064367,6.933143,0.3871288,-5.2573404,-9.509923,-16.648533,-24.526215,-33.45531,-41.607536,-51.477985,-61.37988,-71.99919,-82.73981,-93.05818,-101.17161,-106.738,-111.30478,-114.087,-117.210495,-121.44788,-125.961365,-129.96323,-132.86037,-133.42635,-129.72069,-124.25655,-118.97249,-113.313736,-107.474434,-102.1462,-97.58447,-94.66284,-91.73735,-89.60926,-89.60208,-90.17232,-90.19441,-90.67091,-89.750496,-86.75261,-85.83059,-84.14254,-81.683105,-78.99547,-77.01263,-77.10833,-70.301346,-64.87671,-64.86793,-64.75514,-62.164665,-55.630745,-50.57546,-50.243477,-60.474743,-73.09318,-82.03754,-88.615036,-94.44447,-99.13703,-102.00918,-104.919395,-107.18729,-109.036995,-109.86725,-110.12938,-110.38686,-110.26029,-110.15728,-109.81036,-109.15448,-108.24077,-107.35493,-106.30863,-105.18924,-104.03685,-102.74377,-101.29712,-99.85658,-98.42982,-96.9614,-95.48836,-94.00804,-92.60968,-91.283455,-90.10934,-88.884384,-87.59267,-86.30255,-85.01078,-83.723404,-82.561,-81.36905,-80.28249,-79.174904,-78.040695,-76.92031,-75.88394,-74.91826,-73.935326,-72.976395,-72.16934,-71.4453,-70.54414,-69.55904,-68.58239,-67.6814,-66.80611,-65.98869,-65.20742,-64.34895,-63.57251,-62.755577,-62.006676,-61.184093,-60.27127,-59.477608,-58.759014,-58.052162,-57.276592,-56.59103,-55.89593,-55.175514,-54.459763,-53.758873,-53.08988,-52.466915,-51.792866,-51.098507,-50.4214,-49.75813,-49.084946,-48.404762,-47.803295,-47.27932,-46.724007,-46.151466,-45.636253,-45.06224,-44.479992,-43.896774,-43.337845,-42.825226,-42.36335,-41.849564,-41.34936,-40.865932,-40.386784,-39.92863,-39.488426,-39.076782,-38.640343,-38.166595,-37.71958,-37.300232,-36.8556,-36.476685,-36.12942,-35.773293,-35.41626,-35.03357,-34.658966,-34.267597,-33.85803,-33.42224,-33.0098,-32.681763,-32.45442,-32.28291,-32.15581,-32.026947,-31.79769,-31.478483,-31.092556,-30.641462,-30.116217,-29.499363,-28.790482,-28.000984,-27.110836,-26.125185,-24.86499,-23.422552,-21.650175,-19.729813,-17.58845,-15.126142,-12.424368,-9.087871,-5.167337,-0.55827177,3.8600848,9.535813,19.225218,35.804432,55.30874,73.26463,78.40673,79.22032,80.42404,82.57967,83.769646,87.834526,92.48818,95.14275,103.951065,110.554535,117.81123,126.3497,135.24748,592.77985,681.11176,766.3789,857.211,929.32916,990.4236,1024.0189,1029.591,997.64777,948.10834,891.66565,841.395,766.30774,630.57837,456.64816,324.96692,247.30992,202.0934,192.86209,186.97769,187.3741,198.45601,204.82103,211.01059,213.98444,220.93732,235.50911,248.08452,-64.16946,-58.686718,-51.96483,-44.52226,-36.66506,-28.606657,-20.571665,-12.588511,-4.7182837,2.9732974,10.515803,17.87759,25.03333,32.008354,38.708885,45.19388,51.48206,57.57838,63.53111,69.31128,74.939125,80.40506,85.75129,90.79949,95.93724,100.82117,105.6842,110.30393,114.89124,119.69784,123.90474,127.38087,130.80125,134.98854,138.64864,141.14075,144.07384,135.43,139.05505,142.34428,147.48192,154.62425,160.95021,165.76009,169.78185,174.21889,182.34467,192.04063,199.02081,204.71233,210.23576,214.09303,217.61057,212.82004,216.51604,219.77672,223.88013,226.25473,227.83653,231.31026,236.39166,241.39969,247.63646,255.89468,263.0751,270.68546,279.36124,287.3171,293.99408,300.65613,307.21417,315.77423,325.08356,336.94598,348.49442,358.39532,369.2666,377.14963,384.75317,392.6644,400.0728,407.04974,417.06473,430.46423,444.8561,458.15216,469.02203,483.17798,500.2499,515.8833,529.0459,541.1288,557.2272,568.1534,581.0618,589.8657,601.14374,609.80066,617.84436,629.48975,636.7374,648.7324,660.1906,671.6013,682.44446,697.51276,711.3291,721.7197,735.96356,749.5178,761.7908,773.0426,780.9695,787.7934,793.9937,802.90485,815.5111,826.3192,831.39954,836.4436,846.61926,855.9538,859.9756,857.00165,855.6604,856.95917,854.2187,853.61945,850.81793,849.4747,851.7471,855.3336,850.58765,846.51636,840.82117,825.41797,815.0966,805.8318,795.41327,780.2839,763.32605,750.1611,736.8527,726.1288,716.89465,45.377144,43.520412,39.994137,35.395176,31.16519,29.704216,36.216038,45.362507,52.5065,59.903885,66.52339,72.302376,77.522964,81.91322,85.30312,87.553955,86.146996,84.377304,83.0424,82.14494,83.54271,85.67091,86.1859,87.14602,90.343346,93.85506,95.629616,95.85507,103.94631,110.10926,110.38711,110.404205,886.7363,897.5559,898.90204,890.05334,854.2629,82.23436,74.81587,65.83789,55.904976,45.798847,37.87998,28.264187,18.544628,9.590042,2.8333526,-3.172988,-8.965634,-14.436999,-21.28573,-27.986473,-32.87053,-38.534252,-44.478287,-49.566162,-52.62733,-55.921963,-63.426113,-71.11847,-76.104706,-79.69821,-83.16538,-87.25438,-90.611046,-92.9701,-93.5185,-93.01699,-93.74823,-95.06092,-96.51582,-97.76361,-99.58148,-100.15001,-100.390945,-100.472824,-100.665924,-100.877686,-101.476,-101.10148,-100.53342,-99.95712,-99.37995,-97.36563,-94.76765,-94.35031,-94.969086,-94.95737,-94.79517,-93.90958,-93.056694,-92.26429,-91.486465,-90.73997,-89.99035,-89.20945,-88.81839,-88.82239,-88.35215,-87.63853,-86.90734,-86.11031,-85.04858,-84.07384,-83.21747,-82.312706,-81.58505,-80.97631,-79.98854,-79.70033,-79.66169,-79.56701,-79.36787,-79.57401,-79.765656,-78.814705,-77.340996,-76.17348,-75.123535,-73.89645,-73.05143,-72.794304,-72.76889,-72.518234,-71.477295,-69.9256,-69.067986,-68.29308,-67.40393,-66.47874,-65.358765,-63.91257,-62.722992,-61.83706,-60.925415,-60.067055,-58.91671,-57.693527,-56.474075,-54.890377,-53.083176,-51.544003,-50.116074,-48.905056,-48.023903,-47.316483,-47.008076,-46.54237,-45.28964,-42.318497,-38.197792,-33.20582,-27.536104,-22.094654,-18.529081,-16.376287,-13.051044,-9.921248,-7.3669205,-5.067577,-3.0701427,-1.7200738,-0.39967042,1.5177181,2.8969114,4.2723455,5.5790005,6.6671844,7.658088,8.208952,8.931998,9.831471,194.83864,195.9614,195.12007,193.58688,192.35355,188.35359,180.30779,170.10503,163.1689,159.02235,156.99237,154.42867,152.14201,150.52289,149.15997,149.47462,150.08922,151.14864,152.15105,151.99785,152.73184,153.17194,154.79079,155.86108,156.38603,157.33049,159.57048,162.63179,165.06467,167.45634,169.60323,173.51123,177.34175,179.34457,182.88138,187.6434,193.21101,195.64708,196.57616,197.60182,195.84517,194.64137,195.36613,195.36206,196.30371,198.10237,201.61153,204.317,-23.926146,-21.147873,-17.880932,-14.398664,-10.814045,-7.1866555,-3.5749264,-0.022838213,3.4581802,6.845855,10.132173,13.324896,16.422743,19.37413,22.194183,24.902641,27.584599,30.161995,32.643383,35.001804,37.18655,39.2853,41.337894,43.28601,45.07734,46.789024,48.44892,50.05468,51.89426,53.75487,56.2866,57.927696,59.368156,60.571815,62.329952,64.82847,63.91641,62.882694,65.224014,68.3811,70.79925,74.0755,78.66849,81.670845,84.050476,85.800255,87.442604,89.3506,94.30363,98.35084,101.44128,103.0996,105.30118,107.46897,108.405815,109.67236,113.22224,113.5173,114.2029,114.93591,118.3703,121.78558,125.04712,129.82881,133.93477,138.27493,143.03676,147.16,151.28984,155.99432,162.099,167.87343,174.88419,182.53868,189.91377,197.1939,203.7552,210.61227,218.19185,224.37881,232.48766,239.00282,247.24948,258.79968,271.77945,284.16626,298.41138,311.49792,327.03897,341.21756,355.84225,373.14536,389.98584,405.44788,422.3395,436.92557,452.77942,467.8636,482.50113,497.72464,517.02423,535.5729,554.803,575.08734,595.9902,617.35645,638.15106,662.6313,684.8221,707.44147,727.50116,748.7989,769.3051,785.83466,805.0452,825.05084,846.3871,865.95795,882.3881,896.1681,910.7881,924.53687,937.2968,940.4467,941.0503,949.2636,945.44995,942.8097,943.63245,941.4467,941.871,943.1798,939.48254,935.3384,926.47504,911.5031,897.32666,883.6054,865.50903,846.8079,827.6785,812.6238,793.761,779.9891,764.3892,57.9865,55.923565,51.224903,45.458176,40.09747,36.936737,40.839516,47.04062,52.73724,58.325554,63.79036,68.27162,71.98521,74.87215,77.36207,78.44034,76.03598,73.12545,70.45169,68.123436,67.74451,68.28282,67.86037,67.752365,68.9682,70.79608,71.43816,70.431625,75.839455,80.29444,79.37716,77.84723,757.2603,762.7046,767.64325,760.43066,729.61383,46.360703,38.507927,30.575844,21.927597,13.3259735,6.194353,-2.139455,-10.536346,-18.1561,-24.333223,-29.64865,-34.477306,-39.444378,-44.88481,-50.34679,-54.64726,-59.26802,-64.20222,-68.33883,-71.03742,-73.6004,-79.39875,-85.25947,-88.90782,-91.474556,-93.982086,-97.022446,-99.50707,-101.29718,-101.59881,-101.02937,-101.575806,-102.42865,-103.43969,-104.27382,-105.40446,-105.543396,-105.3485,-105.16918,-105.03622,-105.03644,-105.27193,-104.682236,-104.01809,-103.351074,-102.57366,-100.68977,-98.34879,-97.78828,-98.09717,-97.77229,-97.35456,-96.42477,-95.43518,-94.5208,-93.62337,-92.79367,-91.95949,-91.18976,-90.62492,-90.385056,-89.77304,-88.98876,-88.209206,-87.31309,-86.26475,-85.32968,-84.42207,-83.47567,-82.77109,-82.082375,-81.09717,-80.629814,-80.41299,-80.06358,-79.640114,-79.507195,-79.457115,-78.484505,-77.14939,-76.04061,-75.000435,-73.88721,-73.00765,-72.60587,-72.38736,-72.009094,-71.00635,-69.667694,-68.854,-68.08074,-67.19501,-66.29272,-65.27416,-63.98529,-62.93229,-62.131954,-61.260086,-60.44697,-59.41386,-58.381393,-57.31704,-55.995842,-54.50283,-53.21068,-51.99127,-50.946266,-50.170715,-49.509613,-49.125282,-48.618233,-47.535397,-45.253006,-42.132736,-38.51108,-34.413685,-30.538696,-28.05943,-26.603762,-24.324072,-22.190125,-20.469559,-18.932669,-17.592842,-16.670801,-15.719599,-14.321336,-13.237834,-12.1279335,-11.0323,-10.028864,-9.032374,-8.253888,-7.294418,-6.190207,122.382065,123.28873,123.34191,123.23901,123.70317,121.98108,116.87701,109.67716,104.44379,100.9571,98.72212,96.01899,93.61075,91.48495,89.35262,88.79369,88.45891,88.18002,87.84532,86.85052,86.23819,85.5067,85.58247,85.35561,84.8771,84.493805,84.87917,85.68544,86.08918,86.41311,86.86573,88.266396,89.485634,89.79177,90.677635,92.47944,94.67169,94.68882,93.940094,93.251785,91.02504,89.134445,88.01439,86.98712,86.27037,85.986565,86.81741,87.221016,-21.578354,-18.962704,-15.931407,-12.631852,-9.218849,-5.7851214,-2.3630333,1.0095392,4.310927,7.5398865,10.670096,13.745836,16.730808,19.612514,22.397026,25.118332,27.7238,30.247763,32.66156,34.92346,37.209118,39.339607,41.309975,43.274662,45.120308,46.86274,48.647602,50.276085,52.14342,54.293987,55.75476,57.131065,58.41019,60.607174,62.18239,64.38633,64.77639,64.31631,66.5521,68.456566,71.00543,74.80499,77.52582,79.51291,81.34904,82.906815,85.52555,89.10495,92.19817,95.90591,98.6693,101.603806,103.530716,105.65968,106.564766,109.2275,110.71615,112.19797,113.10641,115.179276,116.70698,119.55421,122.55481,126.82328,130.30327,134.2028,138.50233,143.22882,147.53667,152.2278,157.89105,161.84422,168.36063,175.8419,183.01129,190.14365,196.62514,202.37488,208.29802,214.0749,221.08073,226.79822,234.16487,244.82744,254.21712,264.94803,274.7574,286.58017,300.42166,311.69727,324.2294,336.97766,348.66626,363.05045,378.8698,391.5881,404.45325,417.7164,430.8601,445.88284,460.55377,476.4385,493.39145,510.2037,528.0721,548.1378,567.58466,586.43787,607.43134,624.4164,643.78656,660.30035,678.13916,692.55334,709.50586,726.0579,746.0879,764.90955,780.8418,795.8888,808.5039,821.19366,833.1813,837.4356,840.2672,843.0611,842.6945,843.13873,843.9109,844.0343,845.0071,845.6269,845.5896,844.15137,836.91223,823.266,813.58405,797.8295,784.749,767.81366,749.9952,735.0859,720.17896,709.48413,695.74457,40.117275,38.75209,34.83554,29.86885,25.209257,22.600933,25.862331,31.93849,37.242527,42.71527,47.72201,52.04825,55.52078,57.828007,59.924248,60.57927,58.061398,55.16547,52.50376,50.054974,49.459076,49.883915,48.9515,48.743603,49.73795,50.83471,51.112637,50.124783,54.50496,58.055405,57.047306,55.37611,661.06256,664.3326,669.154,667.3878,645.7212,24.57955,17.491945,9.423331,1.526472,-6.779618,-13.471977,-21.110706,-28.477673,-35.426125,-40.931244,-45.50753,-50.1485,-54.376335,-59.144653,-63.800503,-67.58661,-71.70497,-75.85627,-79.506615,-81.889114,-84.19695,-89.34296,-94.58191,-97.991394,-100.30158,-102.44524,-105.06732,-107.017685,-108.254036,-108.30322,-107.68709,-107.98683,-108.62396,-109.278114,-109.8155,-110.673676,-110.66995,-110.48485,-110.25023,-109.90576,-109.695404,-109.810585,-109.135475,-108.36975,-107.59528,-106.77233,-104.92602,-102.73429,-102.10876,-102.326355,-101.87391,-101.31727,-100.323326,-99.29839,-98.343,-97.42573,-96.502045,-95.57598,-94.68044,-93.963806,-93.60761,-92.872215,-92.00183,-91.14083,-90.189995,-89.13851,-88.139694,-87.255035,-86.262886,-85.48839,-84.68993,-83.66411,-83.14892,-82.83612,-82.43648,-81.97545,-81.785225,-81.58233,-80.5898,-79.27486,-78.132286,-77.16978,-76.05523,-75.22948,-74.7305,-74.38936,-73.914154,-72.90726,-71.54587,-70.70381,-69.94029,-69.07178,-68.21158,-67.16055,-65.91756,-64.886475,-64.057396,-63.19909,-62.331066,-61.34736,-60.29117,-59.21198,-57.969276,-56.596203,-55.383564,-54.253857,-53.267616,-52.49627,-51.868515,-51.464203,-50.921753,-49.890465,-47.827248,-45.013542,-41.747746,-38.13145,-34.73092,-32.54282,-31.266983,-29.252779,-27.38252,-25.860632,-24.471207,-23.246931,-22.37476,-21.435637,-20.115465,-19.05546,-17.946657,-16.840687,-15.813868,-14.793078,-13.958792,-12.951504,-11.851415,100.223076,100.77374,100.745224,100.63005,101.01795,99.3661,94.69687,88.31973,83.74322,80.56336,78.53587,76.057625,73.752945,71.798706,69.98109,69.22788,68.725266,68.33207,67.8728,66.772995,66.00375,65.16347,65.01838,64.49119,63.773438,63.275497,63.43978,63.822144,63.827423,63.912025,64.02158,64.872444,65.75802,65.739365,66.15019,67.317665,68.722374,68.403076,67.27536,66.41957,64.353806,62.61138,61.61521,60.45786,59.747726,59.320316,59.83516,59.975876,-19.860195,-17.528547,-14.726075,-11.698952,-8.542512,-5.3486767,-2.1681483,0.9940103,4.097049,7.1294975,10.101684,12.986257,15.801085,18.532984,21.14621,23.672823,26.145895,28.51881,30.840466,33.06758,35.203453,37.286266,39.327953,41.221634,43.024406,44.811256,46.492496,48.199932,49.724197,51.43606,53.185314,54.534035,55.66187,57.403355,59.030235,60.09809,59.802288,61.83535,64.511314,66.631935,69.21176,71.61971,72.91285,75.43946,76.429634,78.41689,81.198,84.990204,87.893394,91.05468,93.84325,96.19177,98.7856,100.37569,102.531136,104.83144,106.867744,108.380875,108.67777,110.11544,111.72065,114.07995,117.2057,121.26789,124.04064,128.08075,132.18553,136.72894,140.44333,144.7499,148.99887,154.05838,159.20831,165.45609,171.65302,177.19308,182.69136,187.82901,192.67021,198.31644,204.87866,209.48186,216.77379,225.18518,234.52078,242.82986,252.08427,261.78442,272.41132,282.82104,292.74997,303.05566,314.55112,326.24518,337.99017,348.61526,358.77185,370.91455,381.7514,392.7591,405.62512,419.91577,434.13702,447.55814,461.8327,479.0649,496.30048,513.54865,531.8302,549.59314,567.0798,583.55304,600.2819,615.1345,630.25397,647.9679,667.3126,682.5231,697.3848,711.54114,727.6576,740.49786,751.67303,759.43884,764.11304,770.97614,774.2815,777.0424,778.08386,780.8967,784.1209,788.48376,789.19305,788.3414,782.5835,773.07825,766.38745,758.2323,747.1974,733.37555,718.0176,704.9417,692.23474,680.82764,669.382,35.812187,34.852116,31.215075,26.654245,22.290787,19.47118,23.016142,28.789577,34.199417,39.427124,44.405132,48.68571,52.18662,54.551224,56.69376,57.32355,55.01639,52.074146,49.492195,47.291214,46.518795,46.833637,45.892216,45.44973,46.51281,47.648945,47.88722,46.554226,50.785313,54.16984,52.95573,51.357395,645.58777,647.48315,651.345,649.25433,628.5721,21.117926,14.041396,6.2922597,-1.7850776,-9.967589,-16.722658,-23.956295,-31.443443,-38.457302,-43.6259,-48.25489,-52.54042,-56.662304,-61.442635,-66.206314,-69.84836,-73.5165,-77.66947,-81.09169,-83.453926,-85.73426,-90.69567,-95.88019,-99.26212,-101.48709,-103.70386,-106.30129,-108.22794,-109.51236,-109.6284,-108.90991,-109.10971,-109.62165,-110.31506,-110.875206,-111.76554,-111.72207,-111.511475,-111.25739,-110.98014,-110.72827,-110.706505,-110.02814,-109.21942,-108.435455,-107.63558,-105.82713,-103.68951,-103.020515,-103.06515,-102.68431,-102.11207,-101.11877,-100.07909,-99.12823,-98.14122,-97.20629,-96.30464,-95.40695,-94.75734,-94.37358,-93.68104,-92.82878,-91.95164,-91.049644,-89.95929,-88.9834,-88.09765,-87.13756,-86.35741,-85.57286,-84.59701,-84.07279,-83.74106,-83.301285,-82.727554,-82.53585,-82.31406,-81.34779,-80.03349,-78.91316,-77.89135,-76.74973,-75.881226,-75.33199,-74.99968,-74.509865,-73.51572,-72.22378,-71.386604,-70.60461,-69.74702,-68.829254,-67.794876,-66.59852,-65.56436,-64.72437,-63.864307,-63.014477,-62.017235,-60.99378,-59.933105,-58.68484,-57.332737,-56.137993,-55.028,-54.026604,-53.26665,-52.657948,-52.248882,-51.72355,-50.735973,-48.73416,-46.033485,-42.871037,-39.36283,-36.086235,-33.990128,-32.74877,-30.81663,-29.009817,-27.547848,-26.20667,-25.01327,-24.15488,-23.24586,-21.953615,-20.895224,-19.806658,-18.71039,-17.694532,-16.672657,-15.830091,-14.844055,-13.75349,93.586105,94.11523,94.096344,93.92334,94.29117,92.722,88.22055,82.05906,77.66433,74.512825,72.51247,70.20271,67.95119,65.952736,64.16116,63.440685,62.91004,62.43237,61.89575,60.773884,59.979404,59.215508,59.01369,58.47528,57.697914,57.19915,57.355785,57.625717,57.577427,57.541798,57.56924,58.233143,58.931564,58.848732,59.131435,60.07663,61.425644,61.054123,59.975952,59.028397,57.07092,55.3607,54.331604,53.300537,52.509907,52.04596,52.333817,52.451576
Tax65,0.0,-2.0630662,-1.6285481,-1.1560874,-0.6526614,-0.14523323,0.36286217,0.87666553,1.395862,1.9216272,2.455093,2.9982703,3.5530248,4.1230035,4.707099,5.3067,5.921974,6.548202,7.120212,7.7950935,8.47095,8.928895,9.453015,10.087673,10.810441,11.513682,11.922329,12.54551,13.383928,14.121693,14.658769,14.786067,15.3541975,16.127115,16.985289,17.812334,18.642305,19.37547,19.598495,20.22852,21.065405,21.659718,22.922653,24.1882,24.534206,26.493385,27.77634,28.460411,29.684732,30.29714,30.811226,31.578175,32.5313,33.306717,34.514523,35.172676,35.170322,36.105087,35.763428,35.182922,33.914513,33.32502,32.90617,32.782322,33.96492,35.153015,4.5354104,5.077549,39.070705,40.86161,42.768684,44.54706,46.00403,6.752692,48.4328,7.2380366,7.553535,8.122633,8.365041,8.969114,9.200331,9.650778,9.740622,10.362449,11.063752,11.94768,65.95585,67.95807,71.82912,74.88389,78.30491,82.36837,85.769806,88.85134,90.92744,90.52115,91.57966,94.52453,96.01965,98.75688,100.72489,101.75074,103.3606,105.459305,106.82884,109.17594,110.959175,113.24157,116.1002,118.20681,120.38826,122.99571,124.24396,124.89299,124.29638,8.8710785,9.227463,9.509135,9.15927,8.590912,7.913514,6.834535,5.6979976,4.7161117,3.5930562,2.4969816,0.9524209,-1.475478,-3.916782,-5.685452,-7.5740614,-9.242727,-10.7651415,-12.614536,-14.507357,-16.524117,-18.466053,-20.59831,-22.548141,-24.668835,-26.758242,-28.897429,-30.542389,-31.729517,-32.63892,-33.17363,-33.614895,-34.443604,-35.17724,-35.787415,-36.12927,-35.76586,-34.107147,-32.20231,-30.589048,-28.976885,-27.339714,-26.032972,-24.960812,-24.363789,-23.765518,-23.363916,-23.342327,-23.346643,-23.267319,-23.184164,-22.85151,-22.091225,-21.81725,-21.323929,-20.734787,-20.090984,-19.705997,-19.616913,-18.290918,-17.46111,-17.602825,-17.59072,-17.121609,-16.12488,-15.486578,-15.547723,-16.975018,-18.549084,-19.528467,-20.120756,-20.612335,-21.048368,-21.179361,-21.323841,-21.37241,-21.35606,-21.136513,-20.843979,-20.603159,-20.30743,-20.07386,-19.729914,-19.403683,-19.102776,-18.746277,-18.32172,-17.92395,-17.502466,-17.143719,-16.724337,-16.29976,-15.787254,-15.279794,-14.731299,-14.331621,-13.889393,-13.38892,-12.932792,-12.541234,-12.126642,-11.78056,-11.386695,-10.9765415,-10.625016,-10.262442,-9.872807,-9.458805,-9.122614,-8.787665,-8.532195,-8.225373,-7.957671,-7.7106833,-7.4639034,-7.2535005,-6.989223,-6.7275615,-6.4360247,-6.1892347,-5.9625626,-5.7782207,-5.577062,-5.3723507,-5.2035174,-5.049241,-4.860867,-4.711683,-4.5615335,-4.390979,-4.218934,-4.0579495,-3.9053128,-3.7662365,-3.6330435,-3.5074525,-3.3492954,-3.2142384,-3.0939012,-2.985151,-2.8515792,-2.7461188,-2.6794696,-2.571127,-2.4608362,-2.3803444,-2.279955,-2.1897635,-2.0895286,-2.014704,-1.9485976,-1.8919882,-1.8077555,-1.7429527,-1.6845785,-1.6125817,-1.5575312,-1.5104504,-1.4610176,-1.4039396,-1.3376607,-1.2916464,-1.2513475,-1.1865485,-1.151008,-1.1178498,-1.074945,-1.0432041,-1.0081892,-0.9719781,-0.9477804,-0.9125915,-0.8745686,-0.8411429,-0.8084462,-0.7722105,-0.73523194,-0.71348816,-0.6882574,-0.654798,-0.61286086,-0.5888582,-0.55648917,-0.53019404,-0.504443,-0.47521523,-0.43533146,-0.41089863,-0.38616234,-0.3553356,-0.33195677,-0.3069555,-0.28099933,-0.24876007,-0.21753386,-0.19183409,-0.16675654,-0.1385608,-0.11097011,-0.08447783,-0.060764648,-0.0339029,-0.005055428,0.027356349,0.05762881,0.09685301,0.16124682,0.27219576,0.405035,0.533865,0.58654106,0.6140658,0.64639133,0.68850106,0.7262355,0.78932166,0.8620162,0.92469144,1.0480508,1.1648725,1.3023735,1.4686673,1.6611426,5.4944777,6.8762107,8.5307455,10.668383,13.109756,16.04268,19.225037,22.454802,25.041307,27.08351,28.4028,29.009449,28.087248,23.90405,16.638813,9.09856,3.4594915,0.19545838,-1.1193165,-1.556506,-1.6001937,-1.4604756,-1.2821711,-1.1706659,-1.0954627,-0.9067784,-0.7283728,-0.50959975,-2.0992603,-1.7196728,-1.3305987,-0.9437832,-0.5648996,-0.19603087,0.16259488,0.51200503,0.853188,1.1872222,1.5155462,1.838694,2.157642,2.4728172,2.78636,3.0996199,3.4142067,3.7312138,4.052109,4.377598,4.708755,4.9822955,5.313276,5.7065864,6.063264,6.5103087,6.9620786,7.5999403,7.404404,7.7830515,8.020098,8.63168,9.032625,9.453076,9.932015,10.410415,10.898893,9.793245,10.317149,10.69791,10.8458185,11.470259,12.371069,12.699089,13.298974,13.919991,14.262142,14.625941,15.004075,15.18235,15.375239,15.941926,15.991434,16.477932,16.144133,16.183168,16.603003,16.107702,15.9109745,14.904092,14.497852,14.090341,13.92897,14.275377,14.808182,-0.35531086,-0.081424,16.704016,17.383345,18.33208,19.171295,19.57157,0.4326062,20.658659,0.7243718,0.9121231,1.2732631,1.4590416,1.7824962,1.9967065,2.2308981,2.4154284,2.7802284,3.1972907,3.6676521,29.850546,30.738695,32.043377,33.327503,34.459515,36.115337,36.828835,37.89408,37.24357,37.551605,37.606255,38.21746,39.028248,39.52089,40.760025,41.115784,42.565445,43.510406,44.73825,45.46776,46.398254,47.724392,49.40427,50.692097,51.95683,53.724667,54.967445,55.82176,56.409496,1.8568736,2.5536325,3.4192111,3.5968938,3.8011374,3.8896718,3.954161,3.6564877,3.5044713,3.3384817,2.9793239,2.6941645,1.6356778,0.5334118,-0.19179715,-1.0040205,-1.7450566,-2.2909813,-3.3371375,-4.161918,-5.350016,-6.3996496,-7.7225776,-9.037964,-10.539743,-12.08428,-13.559046,-14.726797,-15.501472,-16.099012,-16.460548,-16.862072,-17.464027,-18.08112,-18.612251,-18.853458,-18.739246,-17.815842,-16.6922,-15.714348,-14.704743,-13.739718,-12.885219,-12.217411,-11.765361,-11.349375,-11.058957,-11.11073,-11.151419,-11.076841,-11.097048,-10.885262,-10.381713,-10.252757,-9.957422,-9.606163,-9.218152,-8.962427,-8.985411,-8.103107,-7.4997563,-7.5193777,-7.5311933,-7.2473125,-6.5071692,-6.0087066,-6.0407834,-7.1631627,-8.455262,-9.300979,-9.878027,-10.439523,-10.883216,-11.057484,-11.274291,-11.458526,-11.480832,-11.524145,-11.430678,-11.305321,-11.189452,-11.075747,-10.889765,-10.715565,-10.508963,-10.355936,-10.160891,-9.972898,-9.76616,-9.592172,-9.360414,-9.116161,-8.834338,-8.531693,-8.316376,-8.050933,-7.7831717,-7.49745,-7.229535,-7.048383,-6.7746406,-6.5906343,-6.347877,-6.0426645,-5.881906,-5.683292,-5.4688787,-5.3092484,-5.1303253,-4.9447865,-4.7789087,-4.645786,-4.4834323,-4.314213,-4.165223,-4.0455894,-3.8994136,-3.7781904,-3.667124,-3.5390213,-3.4129243,-3.2520301,-3.1418579,-3.0012705,-2.8923857,-2.772941,-2.6696377,-2.5964527,-2.5229845,-2.42767,-2.3552678,-2.2592804,-2.179421,-2.109958,-2.0299797,-1.9518703,-1.8913788,-1.8213528,-1.7633618,-1.6841605,-1.6111397,-1.5363593,-1.4829589,-1.4220283,-1.3485304,-1.3099223,-1.2624357,-1.2179664,-1.17131,-1.1257428,-1.0814248,-1.0489887,-1.0227427,-0.9971116,-0.95850897,-0.9304567,-0.9065857,-0.88307506,-0.8610899,-0.83126414,-0.8042957,-0.7752004,-0.7419103,-0.71625787,-0.6920973,-0.66514313,-0.647386,-0.6235676,-0.597565,-0.58230996,-0.56133586,-0.5404001,-0.5193761,-0.4985825,-0.4851115,-0.4674141,-0.45490307,-0.4444031,-0.4249189,-0.4097089,-0.4002815,-0.3892605,-0.35818115,-0.3348722,-0.31924573,-0.2967625,-0.27457342,-0.25448138,-0.23283291,-0.21678476,-0.20377323,-0.18941407,-0.17395577,-0.16014731,-0.13514583,-0.11880326,-0.09845345,-0.08151575,-0.06157136,-0.044293396,-0.027497726,-0.0072904453,0.014282934,0.038875416,0.06236067,0.092473775,0.14164016,0.22700612,0.3180109,0.41046855,0.44310832,0.4550355,0.46859816,0.48696283,0.49969107,0.5271263,0.557114,0.5760557,0.62838274,0.6682861,0.7115139,0.76036185,0.80995417,2.6390355,3.002119,3.3205502,3.6433887,3.8276885,3.9422617,3.9233265,3.7487485,3.4366255,3.0259783,2.5775704,2.1556363,1.6785945,1.0839398,0.72752434,0.5465286,0.52522224,0.5398739,0.582778,0.6224768,0.64205277,0.6870376,0.745156,0.78374314,0.79989386,0.80540967,0.86944646,0.9281939,-0.38003853,-0.31508052,-0.24943212,-0.1847839,-0.121872365,-0.06091213,-0.0018949383,0.055388343,0.11117795,0.16572869,0.21939662,0.27214646,0.32375166,0.37431362,0.42447606,0.47440898,0.52419573,0.57419866,0.6246595,0.6750293,0.72568333,0.77666354,0.82783854,0.87976986,0.93279195,0.9743957,1.0505491,1.1282363,1.1885495,1.2176752,1.3321136,1.3969506,1.5513753,1.6095086,1.6704772,1.8301264,1.8034015,1.6995767,1.4808978,1.57245,1.6112078,1.7467598,1.8962584,1.9895277,2.1598566,2.282602,2.3635066,2.377452,2.4829607,2.6169727,2.6409023,2.7383249,2.7576363,2.8436756,2.7596142,2.747492,2.853754,2.6914663,2.5603025,2.3440695,2.22121,1.9918071,1.9635494,2.0608559,2.119173,-0.2076702,-0.15304402,2.410231,2.61299,2.8137271,2.9812725,3.129706,0.03742093,3.3267655,0.07251561,0.10461346,0.16463636,0.20983976,0.25978497,0.3093896,0.3606596,0.3726166,0.44320568,0.50546354,0.6226573,4.940153,5.056605,5.4809384,5.590901,5.9745326,6.106997,6.2248454,6.319401,6.256014,6.3146696,6.6528893,6.847089,6.8216877,7.3441787,7.399421,7.514633,7.8064575,8.045102,8.3481655,8.402238,8.513902,8.665678,8.960938,9.185223,9.776928,10.07452,10.4801,10.525199,10.558869,0.5971402,0.72847396,0.8576736,1.0159934,1.0370907,0.95545363,0.9877698,1.0320534,0.9545561,0.9249976,0.95148575,0.899314,0.72844595,0.511449,0.42337915,0.26260996,0.13227056,0.005553834,-0.18603273,-0.3845631,-0.64244,-0.84573734,-1.0976472,-1.365518,-1.6508362,-1.9420214,-2.2239406,-2.456833,-2.6156867,-2.7448545,-2.8095925,-2.8917856,-3.025076,-3.1029358,-3.219951,-3.282999,-3.2719438,-3.1019123,-2.867365,-2.7001896,-2.5157135,-2.319382,-2.1394048,-2.0169632,-1.9141273,-1.8319395,-1.7665201,-1.7597475,-1.7715003,-1.7771364,-1.7842823,-1.7631738,-1.6721151,-1.6532147,-1.6139185,-1.5424148,-1.4559366,-1.4111788,-1.4074677,-1.2428867,-1.1208105,-1.1187986,-1.1174101,-1.0556067,-0.9059177,-0.80477965,-0.8067368,-1.046675,-1.334861,-1.5434108,-1.6859635,-1.7986132,-1.9054215,-1.9452603,-2.011204,-2.0541432,-2.0730689,-2.0637271,-2.06825,-2.0734012,-2.0422478,-2.026278,-1.98131,-1.9374028,-1.9209981,-1.8760467,-1.8430879,-1.8087906,-1.7753683,-1.7097735,-1.6351224,-1.5630499,-1.5393956,-1.4926512,-1.4480058,-1.372908,-1.3207151,-1.2564617,-1.2237036,-1.1905618,-1.1615518,-1.1113487,-1.0830104,-1.0563295,-0.99292,-0.95789695,-0.91798633,-0.8723896,-0.8256591,-0.8024537,-0.76435316,-0.74111146,-0.69709164,-0.6842929,-0.6624632,-0.6391026,-0.58998686,-0.5790357,-0.5591871,-0.5327239,-0.52294385,-0.508046,-0.46841106,-0.4396363,-0.43155292,-0.4236397,-0.40749034,-0.39574066,-0.38009167,-0.36547142,-0.3587744,-0.3521761,-0.34135225,-0.33508465,-0.32893306,-0.30711922,-0.30148333,-0.2886524,-0.27893862,-0.26719126,-0.2579352,-0.24667114,-0.2386078,-0.23417115,-0.22466639,-0.21321619,-0.2093214,-0.20093061,-0.19728167,-0.19074978,-0.18400851,-0.173262,-0.1664356,-0.15741979,-0.15451337,-0.14688061,-0.1442245,-0.14158212,-0.1389922,-0.1364509,-0.13181615,-0.12942293,-0.12310592,-0.116754286,-0.10496705,-0.10039522,-0.09855812,-0.096767776,-0.09500657,-0.090339795,-0.08870276,-0.08709398,-0.08312242,-0.075696684,-0.07430904,-0.0729394,-0.069213465,-0.067937605,-0.066689566,-0.057303857,-0.05622993,-0.05109658,-0.049996313,-0.048777323,-0.047453575,-0.046132676,-0.04335671,-0.036971435,-0.03561285,-0.034189366,-0.031335827,-0.029819172,-0.025696283,-0.022968536,-0.021206962,-0.018249137,-0.01616744,-0.014015889,-0.01170253,-0.009129541,-0.005979735,-0.0028419376,0.0007750779,0.004971946,0.008937797,0.014008562,0.02258797,0.03709873,0.05418237,0.07020409,0.075666994,0.07750949,0.079667106,0.08269595,0.08479373,0.089497805,0.094709285,0.098081924,0.10733686,0.09559867,0.10227369,0.109958425,0.11801179,0.3888424,0.4457624,0.4993359,0.55582654,0.5977548,0.6329642,0.6493802,0.6437558,0.6165457,0.5738514,0.5424871,0.5083844,0.4657876,0.39256155,0.29276353,0.22941391,0.20958215,0.18250887,0.19361593,0.19034298,0.17759316,0.19665745,0.2161293,0.21716404,0.22738606,0.24326804,0.2559891,0.2674604,-0.10858244,-0.0871117,-0.065798156,-0.04502163,-0.02491657,-0.005492568,0.013305681,0.0315798,0.049449783,0.06699779,0.08436548,0.10156287,0.11840717,0.13497981,0.15151568,0.16817075,0.18502204,0.20218058,0.21972555,0.23745875,0.2554275,0.27347222,0.29127628,0.30901048,0.32730746,0.34630853,0.3654356,0.42129678,0.3904735,0.43104514,0.4052811,0.42597875,0.4661653,0.50797594,0.5469203,0.57584304,0.5491164,0.568409,0.6461759,0.66349465,0.66821027,0.7266235,0.76501524,0.76554424,0.81454766,0.8892693,0.8379523,0.82747525,0.82731205,0.88965183,0.94562066,0.9580532,1.0069205,0.9807863,1.0085028,0.98726374,0.9485055,0.92330194,0.8919803,0.83420455,0.7948992,0.7789526,0.7622958,0.79365706,0.8056421,-0.048592854,-0.029028803,0.9608758,1.0225807,1.0846417,1.1311587,1.1797922,0.03310103,1.2137351,0.044117194,0.046586167,0.05982995,0.09009432,0.10136138,0.12300664,0.13892445,0.14692087,0.17916822,0.20749915,0.24864477,1.8972595,1.9759519,2.013185,2.142759,2.288949,2.443519,2.4664993,2.463006,2.4113004,2.467843,2.4971879,2.5225265,2.556609,2.6142218,2.7012897,2.687712,2.7537851,2.8868349,2.9955554,3.0980577,3.0997188,3.112301,3.297436,3.405294,3.564618,3.7943244,3.9862833,3.95936,4.111961,0.21859916,0.3297995,0.41910443,0.37768787,0.44325903,0.4512692,0.43203387,0.4282102,0.4422004,0.44684792,0.42632368,0.43188018,0.33140376,0.2735486,0.2584929,0.19387686,0.14440362,0.095633894,0.0052015176,-0.049568232,-0.15942954,-0.26008645,-0.37688535,-0.4755766,-0.60944784,-0.735503,-0.849858,-0.9557433,-1.0344204,-1.0731279,-1.0858573,-1.1109146,-1.167544,-1.2241755,-1.257742,-1.291262,-1.275106,-1.2239891,-1.1526635,-1.0734063,-1.0024134,-0.93076354,-0.85060775,-0.79067594,-0.75891966,-0.7281857,-0.70642465,-0.7094578,-0.71150434,-0.7143747,-0.71442604,-0.706026,-0.6748852,-0.6666901,-0.64232606,-0.5980707,-0.5605092,-0.5414751,-0.5364734,-0.468111,-0.41031864,-0.41256997,-0.41420794,-0.3911351,-0.32783207,-0.2805648,-0.28113776,-0.3865363,-0.51737565,-0.61076987,-0.6793324,-0.7328187,-0.7719756,-0.79038686,-0.8200034,-0.827288,-0.84610844,-0.8548273,-0.8574793,-0.84436446,-0.828769,-0.8290759,-0.80898577,-0.78618294,-0.77958673,-0.7631904,-0.7406934,-0.7316072,-0.699523,-0.6702003,-0.64918,-0.6144427,-0.60509455,-0.5954942,-0.5734777,-0.563839,-0.5443761,-0.5346809,-0.51623887,-0.49617812,-0.46300405,-0.44369867,-0.42516068,-0.40656874,-0.39911455,-0.3790152,-0.3635726,-0.35687646,-0.3502838,-0.3346988,-0.3217444,-0.30755943,-0.29473397,-0.2775799,-0.27252772,-0.25578386,-0.24003765,-0.22850712,-0.22427897,-0.22014727,-0.2161076,-0.20616989,-0.18850437,-0.17881621,-0.17553045,-0.1723134,-0.16915804,-0.16604377,-0.16295767,-0.15995707,-0.15045246,-0.1476874,-0.13863827,-0.12985311,-0.12747076,-0.12514044,-0.11624228,-0.11410656,-0.10632503,-0.10438361,-0.10246019,-0.10055861,-0.098689765,-0.096857205,-0.09504801,-0.093268126,-0.08746727,-0.085887335,-0.084327884,-0.08278205,-0.08127952,-0.07563183,-0.06750101,-0.066247664,-0.06502575,-0.059722144,-0.05864215,-0.05756845,-0.05651595,-0.052824788,-0.051859897,-0.050918534,-0.04999672,-0.049091976,-0.045160223,-0.040445946,-0.036250405,-0.035592046,-0.034944475,-0.034309212,-0.03368757,-0.033076666,-0.03247603,-0.03188218,-0.031298123,-0.028487986,-0.027962472,-0.027447507,-0.026943652,-0.026448345,-0.025953518,-0.025446089,-0.02490246,-0.024302978,-0.023654224,-0.023007175,-0.020866264,-0.02019757,-0.019474473,-0.018718002,-0.01793187,-0.017093401,-0.016242081,-0.0153335575,-0.013041609,-0.01194136,-0.010659451,-0.009336082,-0.007915488,-0.006338517,-0.0046516145,-0.0026110627,-0.0002640286,0.0024527384,0.005013705,0.008280833,0.013800988,0.023120778,0.034050465,0.04423816,0.047604848,0.04864553,0.049892817,0.051701326,0.052928567,0.05582178,0.05904525,0.061117474,0.066929065,0.07148018,0.07653539,0.08240215,0.0886056,0.29437438,0.33736563,0.3784223,0.42251533,0.45663387,0.48649925,0.5029948,0.50376326,0.48476902,0.458482,0.42918256,0.40447742,0.35839993,0.296733,0.23307225,0.1668962,0.133228,0.13134618,0.12578166,0.13212863,0.1248555,0.14511429,0.13411613,0.13129309,0.1474842,0.14830974,0.15258376,0.16319162,-0.14477658,-0.124363974,-0.103651665,-0.08319916,-0.06327333,-0.043983713,-0.025340006,-0.0073154545,0.010164726,0.027171817,0.043777853,0.060078677,0.07615213,0.09207888,0.10791202,0.12379415,0.13967097,0.15493275,0.16934928,0.18330717,0.19726925,0.21126923,0.22535096,0.23958194,0.25403163,0.26863435,0.2836026,0.29887345,0.31463212,0.33093506,0.3499725,0.3660081,0.38311458,0.4027021,0.487623,0.5078973,0.5295373,0.53882957,0.5645413,0.5015423,0.4619675,0.482229,0.5134888,0.4410645,0.46558172,0.47094837,0.49775043,0.53291255,0.55051416,0.5872945,0.60666937,0.6248797,0.657579,0.67244095,0.71146077,0.74992675,0.76189846,0.7996318,0.7776154,0.7986685,0.8486967,0.8754382,0.9012467,0.8011645,0.8317477,0.8634108,0.91499335,0.969152,0.9280204,0.92878914,0.99953693,1.0460461,1.1094296,1.1841681,1.2256888,1.2585672,1.3016298,1.2882457,1.3317982,1.41853,1.5065639,1.4607129,1.5747368,1.6248145,1.6734285,1.8010213,1.8623106,1.950602,2.0818486,2.2024746,2.1617968,2.2166846,2.2076015,2.2517598,2.2716188,2.3062608,2.4288895,2.5791473,2.5770373,2.6328003,2.7988768,2.8741581,2.8861303,3.0457776,3.1657686,3.1680403,3.4623044,3.7009246,3.8085146,3.9332263,4.12325,4.187726,4.522203,4.6136236,4.6726,4.5817857,4.781756,5.0044765,5.1990795,5.68517,6.013658,6.172515,6.433058,6.5080633,6.734774,6.890509,6.8724203,7.1826735,7.1511116,7.2772913,7.8279586,7.9083357,8.018105,8.235912,8.5549755,8.712304,9.023998,9.12581,9.361539,9.325287,9.49009,9.459771,9.653419,9.990209,10.012775,0.4045728,0.37656423,0.3888286,0.347021,0.25635684,0.2835448,0.4074089,0.59545255,0.7798359,0.92835385,1.1449693,1.2776146,1.3684733,1.4609876,1.5517157,1.5992992,1.6234772,1.5285033,1.5274653,1.5179499,1.5356416,1.5905967,1.5915351,1.6788272,1.6982723,1.728099,1.7209857,1.7604873,1.8921667,1.9195672,1.9202536,1.9630953,15.538091,15.592466,15.947236,16.124413,16.02566,1.4312083,1.3017714,1.1256249,0.91933143,0.60886586,0.48283672,0.16701601,-0.010188362,-0.279973,-0.39025903,-0.5515055,-0.7297382,-0.8809567,-1.0895687,-1.3350573,-1.4853595,-1.6114765,-1.824808,-1.9939411,-2.0870285,-2.1656597,-2.4155843,-2.6572144,-2.8151398,-2.9064312,-3.0096426,-3.0969808,-3.1757715,-3.2438598,-3.2161553,-3.1724381,-3.138284,-3.1511898,-3.1826365,-3.1948736,-3.253847,-3.248735,-3.217212,-3.214577,-3.1549292,-3.1237829,-3.112745,-3.0930495,-3.0521622,-3.0131671,-2.9736888,-2.8859792,-2.7703404,-2.7449179,-2.7547534,-2.7418828,-2.7211745,-2.6646488,-2.6311784,-2.6028223,-2.5662625,-2.503971,-2.477001,-2.451851,-2.4236417,-2.391312,-2.3636527,-2.3094022,-2.263065,-2.206997,-2.1630776,-2.110969,-2.0845623,-2.033009,-2.0125248,-1.9841816,-1.9446259,-1.9350858,-1.9218391,-1.8977143,-1.8629752,-1.848767,-1.8333675,-1.7911904,-1.7079065,-1.6634098,-1.6343709,-1.6017741,-1.569785,-1.5605483,-1.5440016,-1.5349368,-1.5006868,-1.4606162,-1.4388815,-1.419035,-1.3859216,-1.349748,-1.3054702,-1.2499502,-1.2163299,-1.1967915,-1.1614951,-1.1375599,-1.1128951,-1.0868245,-1.0552543,-1.0121344,-0.9767073,-0.9461317,-0.9128727,-0.8842115,-0.85801303,-0.83574075,-0.8206825,-0.8052506,-0.7782694,-0.71731275,-0.64772195,-0.5596934,-0.46605676,-0.38520524,-0.3327447,-0.3021349,-0.25605103,-0.2159773,-0.18500058,-0.15821534,-0.13453645,-0.120367326,-0.107787766,-0.08545851,-0.073366635,-0.05954757,-0.04610363,-0.038367946,-0.031087486,-0.026887799,-0.023191245,-0.014691952,1.7320495,1.7219108,1.7126745,1.6796697,1.6278954,1.5549364,1.4509776,1.3370697,1.2486573,1.1864734,1.1552562,1.110645,1.0547204,1.0067511,0.9830555,0.96906275,0.93242633,0.9486627,0.93592876,0.90414804,0.870574,0.842295,0.8457953,0.8567974,0.85242486,0.8605575,0.87670773,0.9203664,0.8952746,0.9280779,0.91355723,0.9340031,0.9606843,0.9482632,0.9676419,0.97650737,1.0002183,1.031797,1.0472851,1.0424471,1.017533,0.9496002,1.0276109,1.0148757,1.0346161,0.9958871,1.001955,1.0672741,-0.21716487,-0.17915887,-0.14113082,-0.10391484,-0.06784847,-0.033031795,0.0005999906,0.033142317,0.064770624,0.09563967,0.12590282,0.1557569,0.18528336,0.21395719,0.2424656,0.2710194,0.29982895,0.32892555,0.35830858,0.38810053,0.41824463,0.44917485,0.48034316,0.51166093,0.5620889,0.59400344,0.6265907,0.6738829,0.7315425,0.7831899,0.90710837,0.8077228,0.8116154,0.8291964,0.8205351,0.88405555,0.93132704,0.97532773,1.0153956,1.0442402,1.0991919,1.1764272,1.286162,1.3021322,1.2128942,1.0920774,1.1027224,1.0793519,1.097964,1.147062,1.2174628,1.1906874,1.2655016,1.1869429,1.246771,1.3576593,1.350373,1.4234306,1.4201196,1.4437422,1.4450574,1.5253134,1.3512584,1.3437624,1.5104545,1.4953637,1.6245422,1.6580733,1.6906339,1.7324694,1.7760991,1.7476764,1.840789,1.9933412,2.1352458,2.175166,2.2223313,2.3388715,2.3878071,2.4424484,2.468388,2.5204835,2.6482086,2.730197,2.8783584,3.0512803,3.0599217,3.1357245,3.3849952,3.346523,3.479333,3.675212,3.9402404,3.8701262,4.1791153,4.083363,4.3405943,4.4728613,4.8787317,4.88947,4.9183984,5.22179,5.542579,5.4462204,5.849774,6.0506716,6.478821,6.7610283,7.1325264,7.4992657,7.702169,8.029813,8.279196,8.651352,8.933191,9.481738,10.128003,10.310124,10.936178,11.225297,11.616693,12.17486,12.735333,12.804123,13.229414,13.66884,13.964001,14.247757,14.738817,15.104489,15.477528,16.178074,16.79426,16.902218,17.000685,17.087128,17.723663,18.14939,18.138792,18.22306,18.465044,18.726427,18.484573,18.727917,18.864939,0.6109578,0.74913275,0.62342876,0.55115765,0.37764123,0.36265105,0.47741142,0.8302267,1.0374726,1.2293038,1.4541082,1.7384342,1.8504577,1.9788302,1.9583632,2.0495808,1.9706393,1.909977,1.6988328,1.6593266,1.6678743,1.7008349,1.6513594,1.6168431,1.6860788,1.7254549,1.7035472,1.7097598,1.8685302,2.0104709,2.0528738,1.9626468,22.743689,22.48562,22.678238,23.437025,22.94705,0.39534545,0.16602154,-0.2604783,-0.5852044,-0.95339835,-1.2850068,-1.6782203,-2.1443565,-2.5497553,-2.7989347,-2.9555955,-3.1702113,-3.4633498,-3.725622,-3.9558027,-4.1351314,-4.361853,-4.616101,-4.815601,-4.9482894,-5.047075,-5.327936,-5.621137,-5.818434,-5.945466,-6.0390706,-6.1388073,-6.221248,-6.261807,-6.2315645,-6.141375,-6.1031227,-6.1257257,-6.126158,-6.1106963,-6.1251764,-6.109823,-6.077938,-6.01557,-5.9877024,-5.921818,-5.893457,-5.8117194,-5.701076,-5.5962296,-5.489689,-5.364346,-5.166422,-5.1122847,-5.097263,-5.0372286,-4.9555793,-4.8671107,-4.763861,-4.644818,-4.5818467,-4.5033355,-4.4112697,-4.3343673,-4.2818727,-4.2343206,-4.178976,-4.09201,-4.01752,-3.9077926,-3.8173351,-3.7417378,-3.6800482,-3.5949926,-3.5220683,-3.4600189,-3.3943572,-3.3364425,-3.2728298,-3.2515802,-3.2048295,-3.1651592,-3.1289744,-3.035524,-2.9685016,-2.8637252,-2.779753,-2.7107942,-2.662767,-2.6313176,-2.570469,-2.537777,-2.4567716,-2.397883,-2.3611038,-2.3105373,-2.2556021,-2.2074873,-2.129333,-2.0810122,-2.0191782,-1.9692986,-1.9223897,-1.8914256,-1.840698,-1.8020561,-1.7642893,-1.7131547,-1.6601521,-1.6173745,-1.5608282,-1.5152045,-1.4847467,-1.4611803,-1.4442892,-1.3984185,-1.3607216,-1.2849164,-1.1944842,-1.090045,-0.986458,-0.88942915,-0.8302214,-0.7938298,-0.7436981,-0.6955657,-0.66071224,-0.62526435,-0.59959275,-0.58320445,-0.56237274,-0.53577936,-0.5175323,-0.4982858,-0.47732615,-0.45927727,-0.44104713,-0.4254684,-0.4083127,-0.38819137,1.5151062,1.5128776,1.4949511,1.4740242,1.4731703,1.4219302,1.3125434,1.1857939,1.089575,1.015014,0.9498549,0.90553176,0.8475591,0.80854446,0.75228894,0.72340083,0.7089655,0.68327504,0.66803515,0.63970065,0.6218591,0.59318244,0.58037657,0.5704003,0.5424448,0.52566785,0.5100374,0.508367,0.5010508,0.48874858,0.48811513,0.50337666,0.49577853,0.500108,0.49923185,0.49741706,0.51029384,0.5043375,0.5033605,0.47633234,0.43422312,0.41746885,0.39550528,0.3617194,0.34899014,0.34971276,0.35393468,0.36009872,-0.48862097,-0.40846124,-0.32725376,-0.24705316,-0.16887799,-0.09315898,-0.019981544,0.05075953,0.11923978,0.1857072,0.25039855,0.31359026,0.375544,0.436428,0.49662268,0.5558988,0.613727,0.6704178,0.7262943,0.7808466,0.8345569,0.88792783,0.94070536,1.039814,1.0633433,1.1347868,1.2402133,1.3902116,1.4247366,1.4639585,1.5219662,1.531126,1.5607858,1.6109728,1.6834005,1.8093294,1.8686596,1.8891124,1.8729503,1.9406576,1.9727277,2.0513592,2.0873137,2.0737302,2.1284616,2.1845672,2.1750245,2.2285342,2.3448756,2.4210021,2.5487673,2.6831741,2.8026714,2.9154947,2.9752326,3.0743203,3.12297,3.1533368,3.0537767,3.1653101,3.2238643,3.2544687,3.2885985,3.4167216,3.5030105,3.6691804,3.7986684,3.8219821,3.8469808,3.9977033,4.125697,4.2369556,4.4736943,4.506905,4.842821,4.842778,5.056495,5.253928,5.1248946,5.2829585,5.200986,5.17588,5.357571,5.563337,5.861018,6.013122,5.8968916,6.380154,6.676266,6.946888,7.2626095,7.5628037,7.7608986,8.101281,8.369978,8.824514,9.034959,9.401432,9.791235,9.835556,10.250219,10.765935,11.0056,11.461803,11.990334,12.429636,12.995085,13.781594,14.479202,14.817355,15.557885,16.147352,16.562765,16.9995,17.96241,18.557402,19.826622,20.144129,20.977139,21.716194,22.21206,23.211853,24.148954,24.485992,25.166384,25.737328,26.814905,27.129362,27.55954,28.289833,29.155172,29.805882,30.960121,31.274837,32.01239,32.173466,32.103516,32.454414,32.131817,32.669422,32.36536,32.068264,32.354828,32.749104,32.32653,-0.229646,-0.091873616,-0.287704,-0.60159034,-0.90722924,-1.0647016,-0.77066994,-0.22216028,0.1295798,0.5617637,1.0132705,1.2720356,1.4720963,1.7741209,1.7943302,1.7864391,1.5937322,1.3685653,1.0840977,0.95559275,0.8560624,0.80658907,0.6373883,0.675674,0.89195234,0.85844594,0.8796014,0.7325811,1.0380603,1.250542,1.165429,0.98464674,34.408047,34.184925,33.916027,33.918495,32.947247,-2.1433797,-2.6425679,-3.216312,-3.8656826,-4.5139346,-5.0063233,-5.624454,-6.244985,-6.7881618,-7.210941,-7.5765758,-7.9830933,-8.329957,-8.698354,-9.025375,-9.35014,-9.611692,-9.871107,-10.151156,-10.228161,-10.37371,-10.738197,-11.130115,-11.350052,-11.450142,-11.49416,-11.539159,-11.651347,-11.626795,-11.54473,-11.390783,-11.26747,-11.208668,-11.181744,-11.109093,-11.08117,-10.956716,-10.856849,-10.674278,-10.481751,-10.392035,-10.339028,-10.083869,-9.92353,-9.708531,-9.515886,-9.252756,-8.9926,-8.849177,-8.770087,-8.674102,-8.582583,-8.403539,-8.208151,-8.046458,-7.8952646,-7.72662,-7.5761423,-7.4420652,-7.3078923,-7.240638,-7.105249,-6.984856,-6.8573093,-6.6923394,-6.5686865,-6.3989263,-6.198794,-6.067807,-5.950119,-5.830153,-5.722631,-5.6143613,-5.537535,-5.4641876,-5.3627563,-5.265766,-5.226347,-5.110101,-4.9700203,-4.8778553,-4.741987,-4.6264215,-4.5295844,-4.460566,-4.395789,-4.2963405,-4.1832,-4.055844,-3.970045,-3.8946924,-3.8058167,-3.7193344,-3.635795,-3.5412264,-3.465271,-3.3977919,-3.3280056,-3.2490692,-3.1763868,-3.1048374,-3.036504,-2.942571,-2.8355114,-2.7364142,-2.674699,-2.613208,-2.5594988,-2.5096834,-2.4629064,-2.4324558,-2.3629334,-2.2560458,-2.124194,-1.978431,-1.814292,-1.6799473,-1.5987942,-1.5543187,-1.4753867,-1.4065107,-1.3465564,-1.2970082,-1.2582735,-1.2319149,-1.1984776,-1.1568391,-1.115864,-1.080985,-1.0484359,-1.0185485,-0.98839206,-0.9623578,-0.93393105,-0.90222985,1.6627,1.6457431,1.6131021,1.5781411,1.5548289,1.4798436,1.3342555,1.1462457,1.0105023,0.90292436,0.82564765,0.7458894,0.675143,0.60592175,0.544991,0.50881475,0.47558343,0.45488006,0.4273586,0.3970104,0.3587488,0.32576507,0.30988252,0.29060924,0.26140153,0.2411265,0.23359895,0.22392185,0.2137967,0.19200844,0.18132192,0.18664321,0.19221331,0.18117249,0.18754482,0.19741839,0.223203,0.206462,0.16647583,0.13884895,0.08872296,0.031694792,0.00048270862,-0.025585262,-0.048223272,-0.063452505,-0.06354716,-0.062068798,-0.7238829,-0.59970015,-0.4741137,-0.35015976,-0.22926393,-0.11181042,0.001973696,0.1124893,0.22014366,0.3252671,0.42854112,0.53002757,0.6302167,0.72901183,0.8266856,0.9228328,1.0175257,1.110795,1.2030619,1.295483,1.3888854,1.4834092,1.5790663,1.7151269,1.8328693,1.9286257,2.1055548,2.254195,2.3207483,2.4155176,2.529008,2.6234865,2.6263537,2.700644,2.8293834,2.9383562,3.0566704,3.1146235,3.271771,3.289509,3.349297,3.4829407,3.4078152,3.3478062,3.3487387,3.4780245,3.5815375,3.6744404,3.7189195,3.9346325,4.118532,4.258229,4.4897394,4.604538,4.811772,4.9329095,4.8623934,4.880904,4.871705,4.8287506,4.8563557,4.7869205,4.8828115,4.9622645,5.1977177,5.3024373,5.4637733,5.5507827,5.7300463,5.9394817,6.1546288,6.29791,6.401904,6.6735086,6.9177423,7.0449786,7.1808825,7.3580294,7.4377556,7.613389,7.7773027,7.7993608,8.218512,8.389709,8.69829,8.995415,9.204894,9.41186,9.952709,10.433605,10.441778,10.804901,11.2354145,11.645431,12.072262,12.18504,12.706091,12.636439,12.999887,13.523992,14.015772,14.707814,14.98248,15.557359,16.3812,17.070555,17.75716,18.605358,19.680359,20.214664,20.834837,21.596237,22.24819,22.981575,23.983541,24.35149,25.62345,26.555223,27.417505,28.185007,28.877209,29.957106,30.912806,31.868801,32.269108,33.21336,33.67961,34.62485,35.138542,35.97548,36.81087,37.352417,38.226948,39.191395,39.82977,40.247482,40.212784,40.752243,41.178226,40.90176,40.894726,40.9375,40.597794,40.946262,40.998055,-0.9357353,-0.8000534,-0.9880893,-1.241696,-1.5618106,-1.7805358,-1.2541124,-0.7568665,-0.18720253,0.4893471,0.9291778,1.3750944,1.7584064,1.8879129,2.0944436,2.147115,1.8567245,1.5074764,1.3112621,0.9717103,0.8677844,0.82946396,0.71800363,0.5036089,0.6510161,0.8302556,0.7141939,0.5614579,0.95951104,1.17998,1.147409,0.93496686,43.958206,43.50682,43.19418,42.696484,41.385136,-3.1908817,-3.7477088,-4.4821186,-5.1733465,-5.9926834,-6.705763,-7.557734,-8.414961,-9.082749,-9.608465,-10.05721,-10.4890375,-10.918717,-11.352691,-11.708527,-12.117447,-12.470858,-12.86135,-13.151258,-13.321437,-13.507581,-13.93595,-14.358963,-14.58297,-14.689559,-14.763599,-14.91236,-14.977923,-15.031988,-14.905052,-14.6454315,-14.546093,-14.456164,-14.403182,-14.284742,-14.231888,-14.046321,-13.830314,-13.643763,-13.501136,-13.326866,-13.189315,-12.966064,-12.742688,-12.526319,-12.333098,-12.021771,-11.716393,-11.537774,-11.367243,-11.250705,-11.048033,-10.828,-10.578744,-10.368442,-10.140439,-9.981393,-9.804555,-9.619177,-9.482659,-9.357795,-9.203342,-8.981885,-8.809925,-8.613889,-8.449859,-8.272816,-8.068156,-7.898944,-7.7416177,-7.605165,-7.44934,-7.274377,-7.1898985,-7.0937643,-6.981766,-6.9141297,-6.798796,-6.6234703,-6.43163,-6.262705,-6.109461,-5.965591,-5.8264832,-5.723459,-5.6455464,-5.558744,-5.379249,-5.189643,-5.0396376,-4.941445,-4.84628,-4.729536,-4.6269565,-4.483822,-4.3900647,-4.3063226,-4.213099,-4.1143293,-4.000622,-3.8892539,-3.7892547,-3.6996138,-3.581365,-3.463024,-3.3605928,-3.2881086,-3.2127848,-3.1582403,-3.1257918,-3.0653174,-2.9904833,-2.852428,-2.6890056,-2.5158389,-2.3357904,-2.1642716,-2.0625231,-2.0051627,-1.9015064,-1.8127669,-1.7436613,-1.6869066,-1.6367062,-1.6002517,-1.5622314,-1.5083779,-1.4693114,-1.4242511,-1.3808795,-1.3397858,-1.2992442,-1.2701088,-1.2347207,-1.1946914,1.8037593,1.7797409,1.7296983,1.691924,1.6603134,1.57236,1.3980715,1.1742371,1.0181413,0.9033141,0.8169814,0.72538716,0.6366567,0.563169,0.4909699,0.45717722,0.41708025,0.3888675,0.35231882,0.3006271,0.26385933,0.2444345,0.22071733,0.18515792,0.15518154,0.12825322,0.12312585,0.11264447,0.10412719,0.08936544,0.07671753,0.08047068,0.0847213,0.07018192,0.06262813,0.079021044,0.09237355,0.06496266,0.0326675,-0.0019527242,-0.06433933,-0.109399565,-0.14386003,-0.17735106,-0.20089225,-0.21455346,-0.21409719,-0.2199895
Tax66,0.0,-1.1692991,-0.9346333,-0.6795445,-0.4035225,-0.114283174,0.18317544,0.48564553,0.7701757,1.0707232,1.3357981,1.6318511,1.9270288,2.2222846,2.4661696,2.754446,3.0403903,3.2936935,3.593274,3.9099889,4.285297,4.586244,4.8862643,5.017763,5.2422004,5.544821,5.7747393,6.147097,6.3607855,6.7105484,6.915956,7.216109,7.435511,7.971069,8.382009,8.816178,9.327992,9.77827,9.903975,10.131316,10.309732,10.712707,11.119986,11.712691,12.062278,12.764119,13.273466,13.483978,13.750655,14.240314,14.506508,14.606684,14.918244,15.141675,15.208189,15.555173,15.431228,15.587385,15.394092,15.087378,14.423789,14.06522,13.761438,13.682033,13.762606,13.799536,11.648554,12.193232,15.65645,16.103188,16.671316,17.07737,17.337416,14.430534,18.267723,15.333943,15.994804,16.775377,17.261965,18.073679,18.538265,19.324173,19.912148,20.483595,21.459225,22.229933,27.385618,28.274914,29.384974,30.678495,31.709005,32.433422,33.382145,34.388977,34.416023,34.30956,34.37214,35.256462,35.632717,36.016636,36.083897,36.434563,36.899246,37.56532,38.11287,38.391205,38.977276,39.68124,40.42799,41.15156,41.76464,42.414925,42.671383,42.779522,42.67057,34.549435,35.514553,36.38764,36.476913,36.742832,37.074837,36.8374,37.189564,36.844315,36.549587,36.28019,35.712765,34.155586,33.030304,31.784464,30.63707,29.69058,28.735847,27.493914,26.084175,24.528507,23.171165,21.224539,19.429533,17.485596,15.458352,13.2429905,11.210021,9.85009,8.394878,7.4861264,6.386758,5.0247297,3.7146745,2.4972904,1.6656002,1.5155792,2.7452655,4.1928225,5.285472,6.4026895,7.387264,7.94574,8.321165,8.276363,8.213658,8.019081,7.434898,6.8510857,6.5321302,6.103363,5.951389,6.2324033,5.967841,5.8867636,5.9915147,6.2009826,6.0944314,5.724454,6.6092353,7.0794444,6.5800047,6.2725325,6.256753,6.864524,7.147563,6.654491,5.079037,3.314625,2.0967107,1.2278948,0.41997123,-0.29980025,-0.72605556,-1.2173806,-1.5916187,-1.9491342,-2.1313622,-2.2453153,-2.3783422,-2.4633615,-2.5305302,-2.6045458,-2.556193,-2.5126762,-2.4936397,-2.4541008,-2.370013,-2.215554,-2.2099843,-2.149009,-2.0644646,-1.9629078,-1.8602228,-1.7562193,-1.635612,-1.4710804,-1.3982896,-1.2901638,-1.199249,-1.1304156,-1.0596263,-1.0174985,-0.9145945,-0.7865525,-0.7160812,-0.6171119,-0.5567242,-0.53372675,-0.489844,-0.41444528,-0.3773096,-0.3642864,-0.3336384,-0.29978845,-0.29474533,-0.25976333,-0.23229787,-0.2200958,-0.19580191,-0.17930457,-0.13799717,-0.13644555,-0.11412558,-0.11289904,-0.08932985,-0.088304564,-0.0802495,-0.07063853,-0.06991796,-0.048450787,-0.0405745,-0.04012723,-0.0396735,-0.020197626,-0.019952208,-0.019725785,-0.019511607,-0.019278929,-0.019040078,-0.018843252,-0.011402346,-0.011303611,-0.01120292,-0.0111157745,-0.011033222,-0.010899307,-0.0107446,-0.010600368,-0.01047661,-0.010333,-0.010210929,-0.010113187,-0.010022996,-0.009919958,-0.009796381,-0.009655759,-0.009540134,-0.009423798,-0.009307785,-0.009191969,-0.009063082,-0.008929376,0.0,0.0,0.0,0.0,0.0,0.0,0.0,0.0,0.0,0.0,0.0,0.0,0.0,0.0,0.0,0.0,0.0,0.0,0.0,0.0,0.0,0.0,0.0,0.0,0.0,0.0,0.0,0.0,0.0,0.0,0.0,0.0,0.0,0.0,0.0,0.0,0.0,0.0,0.0,0.0,0.0,0.0,0.0,0.0,0.0,0.0,0.0,0.0,0.0,0.0,0.0,0.0,0.0,0.0,0.0,0.0,0.0,0.0,0.0,0.0,0.0,0.0,0.0,0.0,0.0,0.0,0.0,0.0,0.0,0.0,0.0,0.0,0.0,0.0,0.0,0.0,0.0,0.0,0.0,0.0,0.0,0.0,0.0,0.0,0.0,0.0,0.0,0.0,0.0,0.0,0.0,0.0,0.0,0.0,0.0,0.0,0.0,0.0,0.0,0.0,0.0,0.0,0.0,0.0,0.0,0.0,0.0,0.0,0.0,0.0,0.0,0.0,0.0,0.0,0.0,0.0,0.0,0.0,0.0,0.0,0.0,0.0,0.0,0.0,0.0,0.0,0.0,0.0,0.0,0.0,0.0,0.0,0.0,0.0,0.0,0.0,0.0,0.0,0.0,0.0,0.0,0.0,0.0,0.0,0.0,0.0,0.0,0.0,0.0,0.0,0.0,0.0,0.0,0.0,0.0,0.0,0.0,0.0,0.0,0.0,0.0,0.0,0.0,0.0,0.0,0.0,0.0,0.0,0.0,0.0,0.0,0.0,0.0,0.0,0.0,0.0,0.0,0.0,0.0,0.0,0.0,0.0,0.0,0.0,0.0,0.0,0.0,0.0,0.0,0.0,0.0,0.0,0.0,0.0,0.0,0.0,0.0,0.0,0.0,0.0,0.0,0.0,0.0,0.0,0.0,0.0,0.0,0.0,0.0,0.0,0.0,0.0,0.0,0.0,0.0,0.0,0.0,0.0,0.0,0.0,0.0,0.0,0.0,0.0,0.0,0.0,0.0,0.0,0.0,0.0,0.0,0.0,0.0,0.0,0.0,0.0,0.0,0.0,0.0,0.0,0.0,0.0,0.0,0.0,0.0,0.0,0.0,0.0,0.0,0.0,0.0,0.0,0.0,0.0,0.0,0.0,0.0,0.0,0.0,0.0,0.0,0.0,0.0,0.0,0.0,0.0,0.0,0.0,0.0,0.0,0.0,0.0,0.0,0.0,0.0,0.0,0.0,0.0,0.0,0.0,0.0,0.0,0.0,0.0,0.0,0.0,0.0,0.0,0.0,0.0,0.0,0.0,0.0,0.0,0.0,0.0,0.0,0.0,0.0,0.0,0.0,0.0,0.0,0.0,0.0,0.0,0.0,0.0,0.0,0.0,0.0,0.0,0.0,0.0,0.0,0.0,0.0,0.0,0.0,0.0,0.0,0.0,0.0,0.0,0.0,0.0,0.0,0.0,0.0,0.0,0.0,0.0,0.0,0.0,0.0,0.0,0.0,0.0,0.0,0.0,0.0,0.0,0.0,0.0,0.0,0.0,0.0,0.0,0.0,0.0,0.0,0.0,0.0,0.0,0.0,0.0,0.0,0.0,0.0,0.0,0.0,0.0,0.0,0.0,0.0,0.0,0.0,0.0,0.0,0.0,0.0,0.0,0.0,0.0,0.0,0.0,0.0,0.0,0.0,0.0,0.0,0.0,0.0,0.0,0.0,0.0,0.0,0.0,0.0,0.0,0.0,0.0,0.0,0.0,0.0,0.0,0.0,0.0,0.0,0.0,0.0,0.0,0.0,0.0,0.0,0.0,0.0,0.0,0.0,0.0,0.0,0.0,0.0,0.0,0.0,0.0,0.0,0.0,0.0,0.0,0.0,0.0,0.0,0.0,0.0,0.0,0.0,0.0,0.0,0.0,0.0,0.0,0.0,0.0,0.0,0.0,0.0,0.0,0.0,0.0,0.0,0.0,0.0,0.0,0.0,0.0,0.0,0.0,0.0,0.0,0.0,0.0,0.0,0.0,0.0,0.0,0.0,0.0,0.0,0.0,0.0,0.0,0.0,0.0,0.0,0.0,0.0,0.0,0.0,0.0,0.0,0.0,0.0,0.0,0.0,0.0,0.0,0.0,0.0,0.0,0.0,0.0,0.0,0.0,0.0,0.0,0.0,0.0,0.0,0.0,0.0,0.0,0.0,0.0,0.0,0.0,0.0,0.0,0.0,0.0,0.0,0.0,0.0,0.0,0.0,0.0,0.0,0.0,0.0,0.0,0.0,0.0,0.0,0.0,0.0,0.0,0.0,0.0,0.0,0.0,0.0,0.0,0.0,0.0,0.0,0.0,0.0,0.0,0.0,0.0,0.0,0.0,0.0,0.0,0.0,0.0,0.0,0.0,0.0,0.0,0.0,0.0,0.0,0.0,0.0,0.0,0.0,0.0,0.0,0.0,0.0,0.0,0.0,0.0,0.0,0.0,0.0,0.0,0.0,0.0,0.0,0.0,0.0,0.0,0.0,0.0,0.0,0.0,0.0,0.0,0.0,0.0,0.0,0.0,0.0,0.0,0.0,0.0,0.0,0.0,0.0,0.0,0.0,0.0,0.0,0.0,0.0,0.0,0.0,0.0,0.0,0.0,0.0,0.0,0.0,0.0,0.0,0.0,0.0,0.0,0.0,0.0,0.0,0.0,0.0,0.0,0.0,0.0,0.0,0.0,0.0,0.0,0.0,0.0,0.0,0.0,0.0,0.0,0.0,0.0,0.0,0.0,0.0,0.0,0.0,0.0,0.0,0.0,0.0,0.0,0.0,0.0,0.0,0.0,0.0,0.0,0.0,0.0,0.0,0.0,0.0,0.0,0.0,0.0,0.0,0.0,0.0,0.0,0.0,0.0,0.0,0.0,0.0,0.0,0.0,0.0,0.0,0.0,0.0,0.0,0.0,0.0,0.0,0.0,0.0,0.0,0.0,0.0,0.0,0.0,0.0,0.0,0.0,0.0,0.0,0.0,0.0,0.0,0.0,0.0,0.0,0.0,0.0,0.0,0.0,0.0,0.0,0.0,0.0,0.0,0.0,0.0,0.0,0.0,0.0,0.0,0.0,0.0,0.0,0.0,0.0,0.0,0.0,0.0,0.0,0.0,0.0,0.0,0.0,0.0,0.0,0.0,0.0,0.0,0.0,0.0,0.0,0.0,0.0,0.0,0.0,0.0,0.0,0.0,0.0,0.0,0.0,0.0,0.0,0.0,0.0,0.0,0.0,0.0,0.0,0.0,0.0,0.0,0.0,0.0,0.0,0.0,0.0,0.0,0.0,0.0,0.0,0.0,0.0,0.0,0.0,0.0,0.0,0.0,0.0,0.0,0.0,0.0,0.0,0.0,0.0,0.0,0.0,0.0,0.0,0.0,0.0,0.0,0.0,0.0,0.0,0.0,0.0,0.0,0.0,0.0,0.0,0.0,0.0,0.0,0.0,0.0,0.0,0.0,0.0,0.0,0.0,0.0,0.0,0.0,0.0,0.0,0.0,0.0,0.0,0.0,0.0,0.0,0.0,0.0,0.0,0.0,0.0,0.0,0.0,0.0,0.0,0.0,0.0,0.0,0.0,0.0,0.0,0.0,0.0,0.0,0.0,0.0,0.0,0.0,0.0,0.0,0.0,0.0,0.0,0.0,0.0,0.0,0.0,0.0,0.0,0.0,0.0,0.0,0.0,0.0,0.0,0.0,0.0,0.0,0.0,0.0,0.0,0.0,0.0,0.0,0.0,0.0,0.0,0.0,0.0,0.0,0.0,0.0,0.0,0.0,0.0,0.0,0.0,0.0,0.0,0.0,0.0,0.0,0.0,0.0,0.0,0.0,0.0,0.0,0.0,0.0,0.0,0.0,0.0,0.0,0.0,0.0,0.0,0.0,0.0,0.0,0.0,0.0,0.0,0.0,0.0,0.0,0.0,0.0,0.0,0.0,0.0,0.0,0.0,0.0,0.0,0.0,0.0,0.0,0.0,0.0,0.0,0.0,0.0,0.0,0.0,0.0,0.0,0.0,0.0,0.0,0.0,0.0,0.0,0.0,0.0,0.0,0.0,0.0,0.0,0.0,0.0,0.0,0.0,0.0,0.0,0.0,0.0,0.0,0.0,0.0,0.0,0.0,0.0,0.0,0.0,0.0,0.0,0.0,0.0,0.0,0.0,0.0,0.0,0.0,0.0,0.0,0.0,0.0,0.0,0.0,0.0,0.0,0.0,0.0,0.0,0.0,0.0,0.0,0.0,0.0,0.0,0.0,0.0,0.0,0.0,0.0,0.0,0.0,0.0,0.0,0.0,0.0,0.0,0.0,0.0,0.0,0.0,0.0,0.0,0.0,0.0,0.0,0.0,0.0,0.0,0.0,0.0,0.0,0.0,0.0,0.0,0.0,0.0,0.0,0.0,0.0,0.0,0.0,0.0,0.0,0.0,0.0,0.0,0.0,0.0,0.0,0.0,0.0,0.0,0.0,0.0,0.0,0.0,0.0,0.0,0.0,0.0,0.0,0.0,0.0,0.0,0.0,0.0,0.0,0.0,0.0,0.0,0.0,0.0,0.0,0.0,0.0,0.0,0.0,0.0,0.0,0.0,0.0,0.0,0.0,0.0,0.0,0.0,0.0,0.0,0.0,0.0,0.0,0.0,0.0,0.0,0.0,0.0,0.0,0.0,0.0,0.0,0.0,0.0,0.0,0.0,0.0,0.0,0.0,0.0,0.0,0.0,0.0,0.0,0.0,0.0,0.0,0.0,0.0,0.0,0.0,0.0,0.0,0.0,0.0,0.0,0.0,0.0,0.0,0.0,0.0,0.0,0.0,0.0,0.0,0.0,0.0,0.0,0.0,0.0,0.0,0.0,0.0,0.0,0.0,0.0,0.0,0.0,0.0,0.0,0.0,0.0,0.0,0.0,0.0,0.0,0.0,0.0,0.0,0.0,0.0,0.0,0.0,0.0,0.0,0.0,0.0,0.0,0.0,0.0,0.0,0.0,0.0,0.0,0.0,0.0,0.0,0.0,0.0,0.0,0.0,0.0,0.0,0.0,0.0,0.0,0.0,0.0,0.0,0.0,0.0,0.0,0.0,0.0,0.0,0.0,0.0,0.0,0.0,0.0,0.0,0.0,0.0,0.0,0.0,0.0,0.0,0.0,0.0,0.0,0.0,0.0,0.0,0.0,0.0,0.0,0.0,0.0,0.0,0.0,0.0,0.0,0.0,0.0,0.0,0.0,0.0,0.0,0.0,0.0,0.0,0.0,0.0,0.0,0.0,0.0,0.0,0.0,0.0,0.0,0.0,0.0,0.0,0.0,0.0,0.0,0.0,0.0,0.0,0.0,0.0,0.0,0.0,0.0,0.0,0.0,0.0,0.0,0.0,0.0,0.0,0.0,0.0,0.0,0.0,0.0,0.0,0.0,0.0,0.0,0.0,0.0,0.0,0.0,0.0,0.0,0.0,0.0,0.0,0.0,0.0,0.0,0.0,0.0,0.0,0.0,0.0,0.0,0.0,0.0,0.0,0.0,0.0,0.0,0.0,0.0,0.0,0.0,0.0,0.0,0.0,0.0,0.0,0.0,0.0,0.0,0.0,0.0,0.0,0.0,0.0,0.0,0.0,0.0,0.0,0.0,0.0,0.0,0.0,0.0,0.0,0.0,0.0,0.0,0.0,0.0,0.0,0.0,0.0,0.0,0.0,0.0,0.0,0.0,0.0,0.0,0.0,0.0,0.0,0.0,0.0,0.0,0.0,0.0,0.0,0.0,0.0,0.0,0.0,0.0,0.0,0.0,0.0,0.0,0.0,0.0,0.0,0.0,0.0,0.0,0.0,0.0,0.0,0.0,0.0,0.0,0.0,0.0,0.0,0.0,0.0,0.0,0.0,0.0,0.0,0.0,0.0,0.0,0.0,0.0,0.0,0.0,0.0,0.0,0.0,0.0,0.0,0.0,0.0,0.0,0.0,0.0,0.0,0.0,0.0,0.0,0.0,0.0,0.0,0.0,0.0,0.0,0.0,0.0,0.0,0.0,0.0,0.0,0.0,0.0,0.0,0.0,0.0,0.0,0.0,0.0,0.0,0.0,0.0,0.0,0.0,0.0,0.0,0.0,0.0,0.0,0.0,0.0,0.0,0.0,0.0,0.0,0.0,0.0,0.0,0.0,0.0,0.0,0.0,0.0,0.0,0.0,0.0,0.0,0.0,0.0,0.0,0.0,0.0,0.0,0.0,0.0,0.0,0.0,0.0,0.0,0.0,0.0,0.0,0.0,0.0,0.0,0.0,0.0,0.0,0.0,0.0,0.0,0.0,0.0,0.0,0.0,0.0,0.0,0.0,0.0,0.0,0.0,0.0,0.0,0.0,0.0,0.0,0.0,0.0,0.0,0.0,0.0,0.0,0.0,0.0,0.0,0.0,0.0,0.0,0.0,0.0,0.0,0.0,0.0,0.0,0.0,0.0,0.0,0.0,0.0,0.0,0.0,0.0,0.0,0.0,0.0,0.0,0.0,0.0,0.0,0.0,0.0,0.0,0.0,0.0,0.0,0.0,0.0,0.0,0.0,0.0,0.0,0.0,0.0,0.0,0.0,0.0,0.0,0.0,0.0,0.0,0.0,0.0,0.0,0.0,0.0,0.0,0.0,0.0,0.0,0.0,0.0,0.0,0.0,0.0,0.0,0.0,0.0,0.0,0.0,0.0,0.0,0.0,0.0,0.0,0.0,0.0,0.0,0.0,0.0,0.0,0.0,0.0,0.0,0.0,0.0,0.0,0.0,0.0,0.0,0.0,0.0,0.0,0.0,0.0,0.0,0.0,0.0,0.0,0.0,0.0,0.0,0.0,0.0,0.0,0.0,0.0,0.0,0.0,0.0,0.0,0.0,0.0,0.0,0.0,0.0,0.0,0.0,0.0,0.0,0.0,0.0,0.0,0.0,0.0,0.0,0.0,0.0,0.0,0.0,0.0,0.0,0.0,0.0,0.0,0.0,0.0,0.0,0.0,0.0,0.0,0.0,0.0,0.0,0.0,0.0,0.0,0.0,0.0,0.0,0.0,0.0,0.0,0.0,0.0,0.0,0.0,0.0,0.0,0.0,0.0,0.0,0.0,0.0,0.0,0.0,0.0,0.0,0.0,0.0,0.0,0.0,0.0,0.0,0.0,0.0,0.0,0.0,0.0,0.0,0.0,0.0,0.0,0.0,0.0,0.0,0.0,0.0,0.0,0.0,0.0,0.0,0.0,0.0,0.0,0.0,0.0,0.0,0.0,0.0,0.0,0.0,0.0,0.0,0.0,0.0,0.0,0.0,0.0,0.0,0.0,0.0,0.0,0.0,0.0,0.0,0.0,0.0,0.0,0.0,0.0,0.0,0.0,0.0,0.0,0.0,0.0,0.0,0.0,0.0,0.0,0.0,0.0,0.0,0.0,0.0,0.0,0.0,0.0,0.0,0.0,0.0,0.0,0.0,0.0,0.0,0.0,0.0,0.0,0.0,0.0,0.0,0.0,0.0,0.0,0.0,0.0,0.0,0.0,0.0,0.0,0.0,0.0,0.0,0.0,0.0,0.0,0.0,0.0,0.0,0.0,0.0,0.0,0.0,0.0,0.0,0.0,0.0,0.0,0.0,0.0,0.0,0.0,0.0,0.0,0.0,0.0,0.0,0.0,0.0,0.0,0.0,0.0,0.0,0.0,0.0,0.0,0.0,0.0,0.0,0.0,0.0,0.0,0.0,0.0,0.0,0.0,0.0,0.0,0.0,0.0,0.0,0.0,0.0,0.0,0.0,0.0,0.0,0.0,0.0,0.0,0.0,0.0,0.0,0.0,0.0,0.0,0.0,0.0,0.0,0.0,0.0,0.0,0.0,0.0,0.0,0.0,0.0,0.0,0.0,0.0,0.0,0.0,0.0,0.0,0.0,0.0,0.0,0.0,0.0,0.0,0.0,0.0,0.0,0.0,0.0,0.0,0.0,0.0,0.0,0.0,0.0,0.0,0.0,0.0,0.0,0.0,0.0,0.0,0.0,0.0,0.0,0.0,0.0,0.0,0.0,0.0,0.0,0.0,0.0,0.0,0.0,0.0,0.0,0.0,0.0,0.0,0.0,0.0,0.0,0.0,0.0,0.0,0.0,0.0,0.0,0.0,0.0,0.0,0.0,0.0,0.0,0.0,0.0,0.0,0.0,0.0,0.0,0.0,0.0,0.0,0.0,0.0,0.0,0.0,0.0,0.0,0.0,0.0,0.0,0.0,0.0,0.0,0.0,0.0,0.0,0.0,0.0,0.0,0.0,0.0,0.0,0.0,0.0,0.0,0.0,0.0,0.0,0.0,0.0,0.0,0.0,0.0,0.0,0.0,0.0,0.0,0.0,0.0,0.0,0.0,0.0,0.0,0.0,0.0,0.0,0.0,0.0,0.0,0.0,0.0,0.0,0.0,0.0,0.0,0.0,0.0,0.0,0.0,0.0,0.0,0.0,0.0,0.0,0.0,0.0,0.0,0.0,0.0,0.0,0.0,0.0,0.0,0.0,0.0,0.0,0.0,0.0,0.0,0.0,0.0,0.0,0.0,0.0,0.0,0.0,0.0,0.0,0.0,0.0,0.0,0.0,0.0,0.0,0.0,0.0,0.0,0.0,0.0,0.0,0.0,0.0,0.0,0.0,0.0,0.0,0.0,0.0,0.0,0.0,0.0,0.0,0.0,0.0,0.0,0.0,0.0,0.0,0.0,0.0,0.0,0.0,0.0,0.0,0.0,0.0,0.0,0.0,0.0,0.0,0.0,0.0,0.0,0.0,0.0,0.0,0.0,0.0,0.0,0.0,0.0,0.0,0.0,0.0,0.0,0.0,0.0,0.0,0.0,0.0,0.0,0.0,0.0,0.0,0.0,0.0,0.0,0.0,0.0,0.0,0.0,0.0,0.0,0.0,0.0,0.0,0.0,0.0,0.0,0.0,0.0,0.0,0.0,0.0,0.0,0.0,0.0,0.0,0.0,0.0,0.0,0.0,0.0,0.0,0.0,0.0,0.0,0.0,0.0,0.0,0.0,0.0,0.0,0.0,0.0,0.0,0.0,0.0,0.0,0.0,0.0,0.0,0.0,0.0,0.0,0.0,0.0,0.0,0.0,0.0,0.0,0.0,0.0,0.0,0.0,0.0,0.0,0.0,0.0,0.0,0.0,0.0,0.0,0.0,0.0,0.0,0.0,0.0,0.0,0.0,0.0,0.0,0.0,0.0,0.0,0.0,0.0,0.0,0.0,0.0,0.0,0.0,0.0,0.0,0.0,0.0,0.0,0.0,0.0,0.0,0.0,0.0,0.0,0.0,0.0,0.0,0.0,0.0,0.0,0.0,0.0,0.0,0.0,0.0,0.0,0.0,0.0,0.0,0.0,0.0,0.0,0.0,0.0,0.0,0.0,0.0,0.0,0.0,0.0,0.0,0.0,0.0,0.0,0.0,0.0,0.0,0.0,0.0,0.0,0.0,0.0,0.0,0.0,0.0,0.0,0.0,0.0,0.0,0.0,0.0,0.0,0.0,0.0,0.0,0.0,0.0,0.0,0.0,0.0,0.0,0.0,0.0,0.0,0.0,0.0,0.0,0.0,0.0,0.0,0.0,0.0,0.0,0.0,0.0,0.0,0.0,0.0,0.0,0.0,0.0,0.0,0.0,0.0,0.0,0.0,0.0,0.0,0.0,0.0,0.0,0.0,0.0,0.0,0.0,0.0,0.0,0.0,0.0,0.0,0.0,0.0,0.0,0.0,0.0,0.0,0.0,0.0,0.0,0.0,0.0,0.0,0.0,0.0,0.0,0.0,0.0,0.0,0.0,0.0,0.0,0.0,0.0,0.0,0.0,0.0,0.0,0.0,0.0,0.0,0.0,0.0,0.0,0.0,0.0,0.0,0.0,0.0,0.0,0.0,0.0,0.0,0.0,0.0,0.0,0.0,0.0,0.0,0.0,0.0,0.0,0.0,0.0,0.0,0.0,0.0,0.0,0.0,0.0,0.0,0.0,0.0,0.0,0.0,0.0,0.0,0.0,0.0,0.0,0.0,0.0,0.0,0.0,0.0,0.0,0.0,0.0,0.0,0.0,0.0,0.0,0.0,0.0,0.0,0.0,0.0,0.0,0.0,0.0,0.0,0.0,0.0,0.0,0.0,0.0,0.0,0.0,0.0,0.0,0.0,0.0,0.0,0.0,0.0,0.0,0.0,0.0,0.0,0.0,0.0,0.0,0.0,0.0,0.0,0.0,0.0,0.0,0.0,0.0,0.0,0.0,0.0,0.0,0.0,0.0,0.0,0.0,0.0,0.0,0.0,0.0,0.0,0.0,0.0,0.0,0.0,0.0,0.0,0.0,0.0,0.0,0.0,0.0,0.0,0.0,0.0,0.0,0.0,0.0,0.0,0.0,0.0,0.0,0.0,0.0,0.0,0.0,0.0,0.0,0.0,0.0,0.0,0.0,0.0,0.0,0.0,0.0,0.0,0.0,0.0,0.0,0.0,0.0,0.0,0.0,0.0,0.0,0.0,0.0,0.0,0.0,0.0,0.0,0.0,0.0,0.0,0.0,0.0,0.0,0.0,0.0,0.0,0.0,0.0,0.0,0.0,0.0,0.0,0.0,0.0,0.0,0.0,0.0,0.0,0.0,0.0,0.0,0.0,0.0,0.0,0.0,0.0,0.0,0.0,0.0,0.0,0.0,0.0,0.0,0.0,0.0,0.0,0.0,0.0,0.0,0.0,0.0,0.0,0.0,0.0,0.0,0.0,0.0,0.0,0.0,0.0,0.0,0.0,0.0,0.0,0.0,0.0,0.0,0.0,0.0,0.0,0.0,0.0,0.0,0.0,0.0,0.0,0.0,0.0,0.0,0.0,0.0,0.0,0.0,0.0,0.0,0.0,0.0,0.0,0.0,0.0,0.0,0.0,0.0,0.0,0.0,0.0,0.0,0.0,0.0,0.0,0.0,0.0,0.0,0.0,0.0,0.0,0.0,0.0,0.0,0.0,0.0,0.0,0.0,0.0,0.0,0.0,0.0,0.0,0.0,0.0,0.0,0.0,0.0,0.0,0.0,0.0,0.0,0.0,0.0,0.0,0.0,0.0,0.0,0.0,0.0,0.0,0.0,0.0,0.0,0.0,0.0,0.0,0.0,0.0,0.0,0.0,0.0,0.0,0.0,0.0,0.0,0.0,0.0,0.0,0.0,0.0,0.0,0.0,0.0,0.0,0.0,0.0,0.0,0.0,0.0,0.0,0.0,0.0,0.0,0.0,0.0,0.0,0.0,0.0,0.0,0.0,0.0,0.0,0.0,0.0,0.0,0.0,0.0,0.0,0.0,0.0,0.0,0.0,0.0,0.0,0.0,0.0,0.0,0.0,0.0,0.0,0.0,0.0,0.0,0.0,0.0,0.0,0.0,0.0,0.0,0.0,0.0,0.0,0.0,0.0,0.0,0.0,0.0,0.0,0.0,0.0,0.0,0.0,0.0,0.0,0.0,0.0,0.0,0.0,0.0,0.0,0.0,0.0,0.0,0.0,0.0,0.0,0.0,0.0,0.0,0.0,0.0,0.0,0.0,0.0,0.0,0.0,0.0,0.0,0.0,0.0,0.0,0.0,0.0,0.0,0.0,0.0,0.0,0.0,0.0,0.0,0.0,0.0,0.0,0.0,0.0,0.0,0.0,0.0,0.0
Tax67,0.0,-1.9421363,-1.5876778,-1.2220271,-0.83985025,-0.45099655,-0.05274855,0.34108314,0.7356602,1.1307005,1.5266602,1.9244643,2.3244667,2.7282982,3.1370277,3.5506518,3.9700694,4.395434,4.8417444,5.3132153,5.8073697,6.343269,6.605035,7.1186285,7.6582866,7.97185,8.444363,9.089293,9.529266,9.96849,10.509107,11.2349825,11.660644,12.225913,13.049636,13.286655,13.81727,14.765521,15.072039,15.743055,16.549656,17.264915,18.017212,19.397228,19.971909,21.254732,22.537035,22.915077,23.426407,23.959675,24.710777,25.07892,26.186304,26.4425,27.564749,27.356035,27.786049,28.352398,28.097666,27.689493,26.677479,25.963404,25.765476,25.333498,26.250124,27.093992,18.241844,19.224466,31.05351,32.491867,33.66378,34.694946,35.118164,23.80665,37.899834,25.610561,26.68142,27.810322,28.827488,30.42344,31.41386,32.900486,33.49066,34.918613,36.748634,38.567635,59.386467,60.980637,63.057728,65.95949,68.887146,71.50601,73.352165,74.69179,75.203674,74.85022,75.03027,77.14759,78.04547,78.09798,79.043625,79.544975,81.154106,82.194565,83.39985,83.61314,84.5018,86.29338,87.66456,88.6357,90.38665,91.43522,92.98821,93.272514,91.19808,56.99377,58.476643,59.61755,59.93561,59.957756,59.319324,58.67944,57.851227,56.59041,55.615715,54.920334,53.13342,49.42684,46.646915,44.25232,41.72876,39.49215,37.458874,34.519234,31.658194,28.324953,25.058771,21.344658,17.797037,14.038374,9.97177,5.624888,1.8233858,-0.9514035,-3.2370067,-4.7247534,-6.5493526,-8.802361,-10.956445,-12.863582,-13.928823,-13.533265,-10.533832,-6.991705,-4.182266,-1.5245249,0.9125853,2.654595,3.8822834,4.1810055,4.5844154,4.573594,3.7294567,2.8842711,2.4154932,1.8978971,1.9892237,2.8215,2.632437,2.817416,3.4164467,4.092077,4.2406583,3.6610289,5.528604,6.4967036,5.7244864,5.1002746,5.300126,6.5207834,7.0068564,6.2788367,3.1682918,-0.2134684,-2.4231782,-4.140138,-5.7754126,-7.0985007,-7.788581,-8.675424,-9.23172,-9.669895,-9.6647835,-9.631962,-9.590349,-9.46152,-9.413203,-9.24144,-8.8543825,-8.559075,-8.166612,-7.865035,-7.5783033,-7.2276325,-6.8956194,-6.6543283,-6.386847,-6.1096053,-5.9065433,-5.5333385,-5.061493,-4.6452208,-4.29058,-3.7739441,-3.4934134,-3.1563344,-2.8460202,-2.6738312,-2.4051812,-2.2488034,-2.1252837,-1.927556,-1.7009782,-1.5850413,-1.3574632,-1.2683101,-1.1424193,-1.049645,-0.9153144,-0.7945463,-0.71473414,-0.65030706,-0.6235186,-0.56826586,-0.52186906,-0.46229497,-0.42793772,-0.37113497,-0.34531766,-0.3005906,-0.25815922,-0.2535701,-0.21055388,-0.20730099,-0.20377119,-0.200129,-0.1779092,-0.1546698,-0.15193139,-0.13744693,-0.12903775,-0.107283086,-0.09640224,-0.094659775,-0.08069168,-0.058432497,-0.0508668,-0.050046537,-0.04923147,-0.04846251,-0.047715075,-0.03926334,-0.02912211,-0.028568026,-0.019439666,-0.019066628,-0.018722622,-0.01841008,-0.01810985,-0.017799525,-0.017471142,-0.017128948,-0.016818147,-0.01651081,-0.01620799,-0.015909486,-0.008290985,-0.008126881,0.0,0.0,0.0,0.0,0.0,0.0,0.0,0.0,0.0,0.0,0.0,0.0,0.0,0.0,0.0,0.0,0.0,0.0,0.0,0.0,0.0,0.0,0.0,0.0,0.0,0.0,0.0,0.0,0.0,0.0,0.0,0.0,0.0,0.0,0.0,0.0,0.0,0.0,0.0,0.0,0.0,0.0,0.0,0.0,0.0,0.0,0.0,0.0,0.0,0.0,0.0,0.0,0.0,0.0,0.0,0.0,0.0,0.0,0.0,0.0,0.0,0.0,0.0,0.0,0.0,0.0,0.0,0.0,0.0,0.0,0.0,0.0,0.0,0.0,0.0,0.0,0.0,0.0,0.0,0.0,0.0,0.0,0.0,0.0,0.0,0.0,0.0,0.0,0.0,0.0,0.0,0.0,0.0,0.0,0.0,0.0,0.0,0.0,0.0,0.0,0.0,0.0,0.0,0.0,0.0,0.0,0.0,0.0,0.0,0.0,0.0,0.0,0.0,0.0,0.0,0.0,0.0,0.0,0.0,0.0,0.0,0.0,0.0,0.0,0.0,0.0,0.0,0.0,0.0,0.0,0.0,0.0,0.0,0.0,0.0,0.0,0.0,0.0,0.0,0.0,0.0,0.0,0.0,0.0,0.0,0.0,0.0,0.0,0.0,0.0,0.0,0.0,0.0,0.0,0.0,0.0,0.0,0.0,0.0,0.0,0.0,0.0,0.0,0.0,0.0,0.0,0.0,0.0,0.0,0.0,0.0,0.0,0.0,0.0,0.0,0.0,0.0,0.0,0.0,0.0,0.0,0.0,0.0,0.0,0.0,0.0,0.0,0.0,0.0,0.0,0.0,0.0,0.0,0.0,0.0,0.0,0.0,0.0,0.0,0.0,0.0,0.0,0.0,0.0,0.0,0.0,0.0,0.0,0.0,0.0,0.0,0.0,0.0,0.0,0.0,0.0,0.0,0.0,0.0,0.0,0.0,0.0,0.0,0.0,0.0,0.0,0.0,0.0,0.0,0.0,0.0,0.0,0.0,0.0,0.0,0.0,0.0,0.0,0.0,0.0,0.0,0.0,0.0,0.0,0.0,0.0,0.0,0.0,0.0,0.0,0.0,0.0,0.0,0.0,0.0,0.0,0.0,0.0,0.0,0.0,0.0,0.0,0.0,0.0,0.0,0.0,0.0,0.0,0.0,0.0,0.0,0.0,0.0,0.0,0.0,0.0,0.0,0.0,0.0,0.0,0.0,0.0,0.0,0.0,0.0,0.0,0.0,0.0,0.0,0.0,0.0,0.0,0.0,0.0,0.0,0.0,0.0,0.0,0.0,0.0,0.0,0.0,0.0,0.0,0.0,0.0,0.0,0.0,0.0,0.0,0.0,0.0,0.0,0.0,0.0,0.0,0.0,0.0,0.0,0.0,0.0,0.0,0.0,0.0,0.0,0.0,0.0,0.0,0.0,0.0,0.0,0.0,0.0,0.0,0.0,0.0,0.0,0.0,0.0,0.0,0.0,0.0,0.0,0.0,0.0,0.0,0.0,0.0,0.0,0.0,0.0,0.0,0.0,0.0,0.0,0.0,0.0,0.0,0.0,0.0,0.0,0.0,0.0,0.0,0.0,0.0,0.0,0.0,0.0,0.0,0.0,0.0,0.0,0.0,0.0,0.0,0.0,0.0,0.0,0.0,0.0,0.0,0.0,0.0,0.0,0.0,0.0,0.0,0.0,0.0,0.0,0.0,0.0,0.0,0.0,0.0,0.0,0.0,0.0,0.0,0.0,0.0,0.0,0.0,0.0,0.0,0.0,0.0,0.0,0.0,0.0,0.0,0.0,0.0,0.0,0.0,0.0,0.0,0.0,0.0,0.0,0.0,0.0,0.0,0.0,0.0,0.0,0.0,0.0,0.0,0.0,0.0,0.0,0.0,0.0,0.0,0.0,0.0,0.0,0.0,0.0,0.0,0.0,0.0,0.0,0.0,0.0,0.0,0.0,0.0,0.0,0.0,0.0,0.0,0.0,0.0,0.0,0.0,0.0,0.0,0.0,0.0,0.0,0.0,0.0,0.0,0.0,0.0,0.0,0.0,0.0,0.0,0.0,0.0,0.0,0.0,0.0,0.0,0.0,0.0,0.0,0.0,0.0,0.0,0.0,0.0,0.0,0.0,0.0,0.0,0.0,0.0,0.0,0.0,0.0,0.0,0.0,0.0,0.0,0.0,0.0,0.0,0.0,0.0,0.0,0.0,0.0,0.0,0.0,0.0,0.0,0.0,0.0,0.0,0.0,0.0,0.0,0.0,0.0,0.0,0.0,0.0,0.0,0.0,0.0,0.0,0.0,0.0,0.0,0.0,0.0,0.0,0.0,0.0,0.0,0.0,0.0,0.0,0.0,0.0,0.0,0.0,0.0,0.0,0.0,0.0,0.0,0.0,0.0,0.0,0.0,0.0,0.0,0.0,0.0,0.0,0.0,0.0,0.0,0.0,0.0,0.0,0.0,0.0,0.0,0.0,0.0,0.0,0.0,0.0,0.0,0.0,0.0,0.0,0.0,0.0,0.0,0.0,0.0,0.0,0.0,0.0,0.0,0.0,0.0,0.0,0.0,0.0,0.0,0.0,0.0,0.0,0.0,0.0,0.0,0.0,0.0,0.0,0.0,0.0,0.0,0.0,0.0,0.0,0.0,0.0,0.0,0.0,0.0,0.0,0.0,0.0,0.0,0.0,0.0,0.0,0.0,0.0,0.0,0.0,0.0,0.0,0.0,0.0,0.0,0.0,0.0,0.0,0.0,0.0,0.0,0.0,0.0,0.0,0.0,0.0,0.0,0.0,0.0,0.0,0.0,0.0,0.0,0.0,0.0,0.0,0.0,0.0,0.0,0.0,0.0,0.0,0.0,0.0,0.0,0.0,0.0,0.0,0.0,0.0,0.0,0.0,0.0,0.0,0.0,0.0,0.0,0.0,0.0,0.0,0.0,0.0,0.0,0.0,0.0,0.0,0.0,0.0,0.0,0.0,0.0,0.0,0.0,0.0,0.0,0.0,0.0,0.0,0.0,0.0,0.0,0.0,0.0,0.0,0.0,0.0,0.0,0.0,0.0,0.0,0.0,0.0,0.0,0.0,0.0,0.0,0.0,0.0,0.0,0.0,0.0,0.0,0.0,0.0,0.0,0.0,0.0,0.0,0.0,0.0,0.0,0.0,0.0,0.0,0.0,0.0,0.0,0.0,0.0,0.0,0.0,0.0,0.0,0.0,0.0,0.0,0.0,0.0,0.0,0.0,0.0,0.0,0.0,0.0,0.0,0.0,0.0,0.0,0.0,0.0,0.0,0.0,0.0,0.0,0.0,0.0,0.0,0.0,0.0,0.0,0.0,0.0,0.0,0.0,0.0,0.0,0.0,0.0,0.0,0.0,0.0,0.0,0.0,0.0,0.0,0.0,0.0,0.0,0.0,0.0,0.0,0.0,0.0,0.0,0.0,0.0,0.0,0.0,0.0,0.0,0.0,0.0,0.0,0.0,0.0,0.0,0.0,0.0,0.0,0.0,0.0,0.0,0.0,0.0,0.0,0.0,0.0,0.0,0.0,0.0,0.0,0.0,0.0,0.0,0.0,0.0,0.0,0.0,0.0,0.0,0.0,0.0,0.0,0.0,0.0,0.0,0.0,0.0,0.0,0.0,0.0,0.0,0.0,0.0,0.0,0.0,0.0,0.0,0.0,0.0,0.0,0.0,0.0,0.0,0.0,0.0,0.0,0.0,0.0,0.0,0.0,0.0,0.0,0.0,0.0,0.0,0.0,0.0,0.0,0.0,0.0,0.0,0.0,0.0,0.0,0.0,0.0,0.0,0.0,0.0,0.0,0.0,0.0,0.0,0.0,0.0,0.0,0.0,0.0,0.0,0.0,0.0,0.0,0.0,0.0,0.0,0.0,0.0,0.0,0.0,0.0,0.0,0.0,0.0,0.0,0.0,0.0,0.0,0.0,0.0,0.0,0.0,0.0,0.0,0.0,0.0,0.0,0.0,0.0,0.0,0.0,0.0,0.0,0.0,0.0,0.0,0.0,0.0,0.0,0.0,0.0,0.0,0.0,0.0,0.0,0.0,0.0,0.0,0.0,0.0,0.0,0.0,0.0,0.0,0.0,0.0,0.0,0.0,0.0,0.0,0.0,0.0,0.0,0.0,0.0,0.0,0.0,0.0,0.0,0.0,0.0,0.0,0.0,0.0,0.0,0.0,0.0,0.0,0.0,0.0,0.0,0.0,0.0,0.0,0.0,0.0,0.0,0.0,0.0,0.0,0.0,0.0,0.0,0.0,0.0,0.0,0.0,0.0,0.0,0.0,0.0,0.0,0.0,0.0,0.0,0.0,0.0,0.0,0.0,0.0,0.0,0.0,0.0,0.0,0.0,0.0,0.0,0.0,0.0,0.0,0.0,0.0,0.0,0.0,0.0,0.0,0.0,0.0,0.0,0.0,0.0,0.0,0.0,0.0,0.0,0.0,0.0,0.0,0.0,0.0,0.0,0.0,0.0,0.0,0.0,0.0,0.0,0.0,0.0,0.0,0.0,0.0,0.0,0.0,0.0,0.0,0.0,0.0,0.0,0.0,0.0,0.0,0.0,0.0,0.0,0.0,0.0,0.0,0.0,0.0,0.0,0.0,0.0,0.0,0.0,0.0,0.0,0.0,0.0,0.0,0.0,0.0,0.0,0.0,0.0,0.0,0.0,0.0,0.0,0.0,0.0,0.0,0.0,0.0,0.0,0.0,0.0,0.0,0.0,0.0,0.0,0.0,0.0,0.0,0.0,0.0,0.0,0.0,0.0,0.0,0.0,0.0,0.0,0.0,0.0,0.0,0.0,0.0,0.0,0.0,0.0,0.0,0.0,0.0,0.0,0.0,0.0,0.0,0.0,0.0,0.0,0.0,0.0,0.0,0.0,0.0,0.0,0.0,0.0,0.0,0.0,0.0,0.0,0.0,0.0,0.0,0.0,0.0,0.0,0.0,0.0,0.0,0.0,0.0,0.0,0.0,0.0,0.0,0.0,0.0,0.0,0.0,0.0,0.0,0.0,0.0,0.0,0.0,0.0,0.0,0.0,0.0,0.0,0.0,0.0,0.0,0.0,0.0,0.0,0.0,0.0,0.0,0.0,0.0,0.0,0.0,0.0,0.0,0.0,0.0,0.0,0.0,0.0,0.0,0.0,0.0,0.0,0.0,0.0,0.0,0.0,0.0,0.0,0.0,0.0,0.0,0.0,0.0,0.0,0.0,0.0,0.0,0.0,0.0,0.0,0.0,0.0,0.0,0.0,0.0,0.0,0.0,0.0,0.0,0.0,0.0,0.0,0.0,0.0,0.0,0.0,0.0,0.0,0.0,0.0,0.0,0.0,0.0,0.0,0.0,0.0,0.0,0.0,0.0,0.0,0.0,0.0,0.0,0.0,0.0,0.0,0.0,0.0,0.0,0.0,0.0,0.0,0.0,0.0,0.0,0.0,0.0,0.0,0.0,0.0,0.0,0.0,0.0,0.0,0.0,0.0,0.0,0.0,0.0,0.0,0.0,0.0,0.0,0.0,0.0,0.0,0.0,0.0,0.0,0.0,0.0,0.0,0.0,0.0,0.0,0.0,0.0,0.0,0.0,0.0,0.0,0.0,0.0,0.0,0.0,0.0,0.0,0.0,0.0,0.0,0.0,0.0,0.0,0.0,0.0,0.0,0.0,0.0,0.0,0.0,0.0,0.0,0.0,0.0,0.0,0.0,0.0,0.0,0.0,0.0,0.0,0.0,0.0,0.0,0.0,0.0,0.0,0.0,0.0,0.0,0.0,0.0,0.0,0.0,0.0,0.0,0.0,0.0,0.0,0.0,0.0,0.0,0.0,0.0,0.0,0.0,0.0,0.0,0.0,0.0,0.0,0.0,0.0,0.0,0.0,0.0,0.0,0.0,0.0,0.0,0.0,0.0,0.0,0.0,0.0,0.0,0.0,0.0,0.0,0.0,0.0,0.0,0.0,0.0,0.0,0.0,0.0,0.0,0.0,0.0,0.0,0.0,0.0,0.0,0.0,0.0,0.0,0.0,0.0,0.0,0.0,0.0,0.0,0.0,0.0,0.0,0.0,0.0,0.0,0.0,0.0,0.0,0.0,0.0,0.0,0.0,0.0,0.0,0.0,0.0,0.0,0.0,0.0,0.0,0.0,0.0,0.0,0.0,0.0,0.0,0.0,0.0,0.0,0.0,0.0,0.0,0.0,0.0,0.0,0.0,0.0,0.0,0.0,0.0,0.0,0.0,0.0,0.0,0.0,0.0,0.0,0.0,0.0,0.0,0.0,0.0,0.0,0.0,0.0,0.0,0.0,0.0,0.0,0.0,0.0,0.0,0.0,0.0,0.0,0.0,0.0,0.0,0.0,0.0,0.0,0.0,0.0,0.0,0.0,0.0,0.0,0.0,0.0,0.0,0.0,0.0,0.0,0.0,0.0,0.0,0.0,0.0,0.0,0.0,0.0,0.0,0.0,0.0,0.0,0.0,0.0,0.0,0.0,0.0,0.0,0.0,0.0,0.0,0.0,0.0,0.0,0.0,0.0,0.0,0.0,0.0,0.0,0.0,0.0,0.0,0.0,0.0,0.0,0.0,0.0,0.0,0.0,0.0,0.0,0.0,0.0,0.0,0.0,0.0,0.0,0.0,0.0,0.0,0.0,0.0,0.0,0.0,0.0,0.0,0.0,0.0,0.0,0.0,0.0,0.0,0.0,0.0,0.0,0.0,0.0,0.0,0.0,0.0,0.0,0.0,0.0,0.0,0.0,0.0,0.0,0.0,0.0,0.0,0.0,0.0,0.0,0.0,0.0,0.0,0.0,0.0,0.0,0.0,0.0,0.0,0.0,0.0,0.0,0.0,0.0,0.0,0.0,0.0,0.0,0.0,0.0,0.0,0.0,0.0,0.0,0.0,0.0,0.0,0.0,0.0,0.0,0.0,0.0,0.0,0.0,0.0,0.0,0.0,0.0,0.0,0.0,0.0,0.0,0.0,0.0,0.0,0.0,0.0,0.0,0.0,0.0,0.0,0.0,0.0,0.0,0.0,0.0,0.0,0.0,0.0,0.0,0.0,0.0,0.0,0.0,0.0,0.0,0.0,0.0,0.0,0.0,0.0,0.0,0.0,0.0,0.0,0.0,0.0,0.0,0.0,0.0,0.0,0.0,0.0,0.0,0.0,0.0,0.0,0.0,0.0,0.0,0.0,0.0,0.0,0.0,0.0,0.0,0.0,0.0,0.0,0.0,0.0,0.0,0.0,0.0,0.0,0.0,0.0,0.0,0.0,0.0,0.0,0.0,0.0,0.0,0.0,0.0,0.0,0.0,0.0,0.0,0.0,0.0,0.0,0.0,0.0,0.0,0.0,0.0,0.0,0.0,0.0,0.0,0.0,0.0,0.0,0.0,0.0,0.0,0.0,0.0,0.0,0.0,0.0,0.0,0.0,0.0,0.0,0.0,0.0,0.0,0.0,0.0,0.0,0.0,0.0,0.0,0.0,0.0,0.0,0.0,0.0,0.0,0.0,0.0,0.0,0.0,0.0,0.0,0.0,0.0,0.0,0.0,0.0,0.0,0.0,0.0,0.0,0.0,0.0,0.0,0.0,0.0,0.0,0.0,0.0,0.0,0.0,0.0,0.0,0.0,0.0,0.0,0.0,0.0,0.0,0.0,0.0,0.0,0.0,0.0,0.0,0.0,0.0,0.0,0.0,0.0,0.0,0.0,0.0,0.0,0.0,0.0,0.0,0.0,0.0,0.0,0.0,0.0,0.0,0.0,0.0,0.0,0.0,0.0,0.0,0.0,0.0,0.0,0.0,0.0,0.0,0.0,0.0,0.0,0.0,0.0,0.0,0.0,0.0,0.0,0.0,0.0,0.0,0.0,0.0,0.0,0.0,0.0,0.0,0.0,0.0,0.0,0.0,0.0,0.0,0.0,0.0,0.0,0.0,0.0,0.0,0.0,0.0,0.0,0.0,0.0,0.0,0.0,0.0,0.0,0.0,0.0,0.0,0.0,0.0,0.0,0.0,0.0,0.0,0.0,0.0,0.0,0.0,0.0,0.0,0.0,0.0,0.0,0.0,0.0,0.0,0.0,0.0,0.0,0.0,0.0,0.0,0.0,0.0,0.0,0.0,0.0,0.0,0.0,0.0,0.0,0.0,0.0,0.0,0.0,0.0,0.0,0.0,0.0,0.0,0.0,0.0,0.0,0.0,0.0,0.0,0.0,0.0,0.0,0.0,0.0,0.0,0.0,0.0,0.0,0.0,0.0,0.0,0.0,0.0,0.0,0.0,0.0,0.0,0.0,0.0,0.0,0.0,0.0,0.0,0.0,0.0,0.0,0.0,0.0,0.0,0.0,0.0,0.0,0.0,0.0,0.0,0.0,0.0,0.0,0.0,0.0,0.0,0.0,0.0,0.0,0.0,0.0,0.0,0.0,0.0,0.0,0.0,0.0,0.0,0.0,0.0,0.0,0.0,0.0,0.0,0.0,0.0,0.0,0.0,0.0,0.0,0.0,0.0,0.0,0.0,0.0,0.0,0.0,0.0,0.0,0.0,0.0,0.0,0.0,0.0,0.0,0.0,0.0,0.0,0.0,0.0,0.0,0.0,0.0,0.0,0.0,0.0,0.0,0.0,0.0,0.0,0.0,0.0,0.0,0.0,0.0,0.0,0.0,0.0,0.0,0.0,0.0,0.0,0.0,0.0,0.0,0.0,0.0,0.0,0.0,0.0,0.0,0.0,0.0,0.0,0.0,0.0,0.0,0.0,0.0,0.0,0.0,0.0,0.0,0.0,0.0,0.0,0.0,0.0,0.0,0.0,0.0,0.0,0.0,0.0,0.0,0.0,0.0,0.0,0.0,0.0,0.0,0.0,0.0,0.0,0.0,0.0,0.0,0.0,0.0,0.0,0.0,0.0,0.0,0.0,0.0,0.0,0.0,0.0,0.0,0.0,0.0,0.0,0.0,0.0,0.0,0.0,0.0,0.0,0.0,0.0,0.0,0.0,0.0,0.0,0.0,0.0,0.0,0.0,0.0,0.0,0.0,0.0,0.0,0.0,0.0,0.0,0.0,0.0,0.0,0.0,0.0,0.0,0.0,0.0,0.0,0.0,0.0,0.0,0.0,0.0,0.0,0.0,0.0,0.0,0.0,0.0,0.0,0.0,0.0,0.0,0.0,0.0,0.0,0.0,0.0,0.0,0.0,0.0,0.0,0.0,0.0,0.0,0.0,0.0,0.0,0.0,0.0,0.0,0.0,0.0,0.0,0.0,0.0,0.0,0.0,0.0,0.0,0.0,0.0,0.0,0.0,0.0,0.0,0.0,0.0,0.0,0.0,0.0,0.0,0.0,0.0,0.0,0.0,0.0,0.0,0.0,0.0,0.0,0.0,0.0,0.0,0.0,0.0,0.0,0.0,0.0,0.0,0.0,0.0,0.0,0.0,0.0,0.0,0.0,0.0,0.0,0.0,0.0,0.0,0.0,0.0,0.0,0.0,0.0,0.0,0.0,0.0,0.0,0.0,0.0,0.0,0.0,0.0,0.0,0.0,0.0,0.0,0.0,0.0,0.0,0.0,0.0,0.0,0.0,0.0,0.0,0.0,0.0,0.0,0.0,0.0,0.0,0.0,0.0,0.0,0.0,0.0,0.0,0.0,0.0,0.0,0.0,0.0,0.0,0.0,0.0,0.0,0.0,0.0,0.0,0.0,0.0,0.0,0.0,0.0,0.0,0.0,0.0,0.0,0.0,0.0,0.0,0.0,0.0,0.0,0.0,0.0,0.0,0.0,0.0,0.0,0.0,0.0,0.0,0.0,0.0,0.0,0.0,0.0,0.0,0.0,0.0,0.0,0.0,0.0,0.0,0.0,0.0,0.0,0.0,0.0,0.0,0.0,0.0,0.0,0.0,0.0,0.0,0.0,0.0,0.0,0.0,0.0,0.0,0.0,0.0,0.0,0.0,0.0,0.0,0.0,0.0,0.0,0.0,0.0,0.0,0.0,0.0,0.0,0.0,0.0,0.0,0.0,0.0,0.0,0.0,0.0,0.0,0.0,0.0,0.0,0.0,0.0,0.0,0.0,0.0,0.0,0.0,0.0,0.0,0.0,0.0,0.0,0.0,0.0,0.0,0.0,0.0,0.0,0.0,0.0,0.0,0.0,0.0,0.0,0.0,0.0,0.0,0.0,0.0,0.0,0.0,0.0,0.0,0.0,0.0,0.0,0.0,0.0,0.0,0.0,0.0,0.0,0.0,0.0,0.0,0.0,0.0,0.0,0.0,0.0,0.0,0.0,0.0,0.0,0.0,0.0,0.0,0.0,0.0,0.0,0.0,0.0,0.0,0.0,0.0,0.0,0.0,0.0,0.0,0.0,0.0,0.0,0.0,0.0,0.0,0.0,0.0,0.0,0.0,0.0,0.0,0.0,0.0,0.0,0.0,0.0,0.0,0.0,0.0,0.0,0.0,0.0,0.0,0.0,0.0,0.0,0.0,0.0,0.0,0.0,0.0,0.0,0.0,0.0,0.0,0.0,0.0,0.0,0.0,0.0,0.0,0.0,0.0,0.0,0.0,0.0,0.0,0.0,0.0,0.0,0.0,0.0,0.0,0.0,0.0,0.0,0.0,0.0,0.0,0.0,0.0,0.0,0.0,0.0,0.0,0.0,0.0,0.0,0.0,0.0,0.0,0.0,0.0,0.0,0.0,0.0,0.0,0.0,0.0,0.0,0.0,0.0,0.0,0.0,0.0,0.0,0.0,0.0,0.0,0.0,0.0,0.0,0.0,0.0,0.0,0.0,0.0,0.0,0.0,0.0,0.0,0.0,0.0,0.0,0.0,0.0,0.0,0.0,0.0,0.0,0.0,0.0,0.0,0.0,0.0,0.0,0.0,0.0,0.0,0.0,0.0,0.0,0.0,0.0,0.0,0.0,0.0,0.0,0.0,0.0,0.0,0.0,0.0,0.0,0.0,0.0,0.0,0.0,0.0,0.0,0.0,0.0,0.0,0.0,0.0,0.0,0.0,0.0,0.0,0.0,0.0,0.0,0.0,0.0,0.0,0.0,0.0,0.0,0.0,0.0,0.0,0.0,0.0,0.0,0.0,0.0,0.0,0.0,0.0,0.0,0.0,0.0,0.0,0.0,0.0,0.0,0.0,0.0,0.0,0.0,0.0,0.0,0.0,0.0,0.0,0.0,0.0,0.0,0.0,0.0,0.0,0.0,0.0,0.0,0.0,0.0,0.0,0.0,0.0,0.0,0.0,0.0,0.0,0.0,0.0,0.0,0.0,0.0,0.0,0.0,0.0,0.0,0.0,0.0,0.0,0.0,0.0,0.0,0.0,0.0,0.0,0.0,0.0,0.0,0.0,0.0,0.0,0.0,0.0,0.0,0.0,0.0,0.0,0.0,0.0,0.0,0.0,0.0,0.0,0.0,0.0,0.0,0.0,0.0,0.0,0.0,0.0,0.0,0.0,0.0,0.0,0.0,0.0,0.0,0.0,0.0,0.0,0.0,0.0,0.0,0.0,0.0,0.0,0.0,0.0,0.0,0.0,0.0,0.0,0.0,0.0,0.0,0.0,0.0,0.0,0.0,0.0,0.0,0.0,0.0,0.0,0.0,0.0,0.0,0.0,0.0,0.0,0.0,0.0
Tax68,0.0,-1.2542052,-1.0769955,-0.8657739,-0.62359196,-0.37779975,-0.12320414,0.13683355,0.39750394,0.6598673,0.92278355,1.1854545,1.4470375,1.7069124,1.965401,2.221044,2.4721491,2.7192924,2.961231,3.204581,3.4427004,3.709723,3.9652162,4.263734,4.5234637,4.6577964,4.8812046,4.9812284,5.169098,5.285587,5.487718,5.7546277,6.080838,6.4073014,6.6405625,6.85758,7.214151,7.6525083,7.668321,7.826604,8.073538,8.381791,8.892585,9.441614,9.593383,10.169822,10.854328,11.062662,11.260093,11.589557,12.008063,12.12721,12.482089,12.642415,13.003022,12.821136,12.985513,12.987238,12.861491,12.597693,12.228346,11.874516,11.529131,11.648608,12.087051,12.550608,-0.77206826,-0.630682,13.893835,14.57965,15.20506,15.869567,16.216888,-0.37982786,17.303959,-0.27206784,-0.2230453,-0.08514166,-0.023606041,0.17058639,0.2859686,0.34723622,0.37278616,0.5139503,0.7142215,0.8927484,22.31962,22.74784,24.00418,25.074097,26.372538,26.920708,28.183088,29.109016,29.23797,29.110529,29.344591,30.222109,30.63702,30.757393,31.400934,31.691854,32.50245,32.89933,33.344204,34.065353,34.66314,35.26982,36.580875,36.878727,37.532036,37.977226,38.478207,38.576607,38.26852,-2.7209961,-2.6940937,-2.5222788,-2.6607554,-2.7922668,-2.9829323,-3.1807659,-3.469043,-3.7072804,-4.053978,-4.325488,-4.5973015,-5.177419,-5.749997,-6.16796,-6.601087,-7.000996,-7.3264904,-7.735074,-8.209571,-8.65501,-9.055117,-9.534667,-10.006665,-10.472434,-10.955397,-11.413336,-11.7741585,-12.030112,-12.204426,-12.315978,-12.437259,-12.590112,-12.740504,-12.864673,-12.937876,-12.894747,-12.565784,-12.18817,-11.831101,-11.456224,-11.078808,-10.746078,-10.4755945,-10.293009,-10.10975,-9.963366,-9.909232,-9.870273,-9.80865,-9.771534,-9.663984,-9.465965,-9.373767,-9.228091,-9.04856,-8.865018,-8.733399,-8.6912985,-8.332163,-8.073032,-8.037126,-7.9766507,-7.8279967,-7.5267334,-7.2931256,-7.248277,-7.590038,-7.987686,-8.244398,-8.391706,-8.543049,-8.645572,-8.688498,-8.724727,-8.722498,-8.718167,-8.682647,-8.626522,-8.577586,-8.516572,-8.44637,-8.36511,-8.282012,-8.1946,-8.094924,-7.9790697,-7.861609,-7.7612686,-7.6533685,-7.52733,-7.4061036,-7.2659507,-7.1550984,-7.0313745,-6.9193916,-6.8040295,-6.6932883,-6.5790715,-6.4838524,-6.3845925,-6.28118,-6.180227,-6.0751567,-5.9690757,-5.880709,-5.791726,-5.692204,-5.601791,-5.5017357,-5.4159703,-5.340676,-5.264084,-5.191099,-5.11525,-5.0532584,-4.98347,-4.904082,-4.8330226,-4.7649093,-4.6993527,-4.6311646,-4.56783,-4.5048614,-4.434064,-4.3736157,-4.309106,-4.2451024,-4.178765,-4.1148405,-4.055191,-3.9845307,-3.920888,-3.8552544,-3.8025446,-3.7374392,-3.682681,-3.6318636,-3.5794868,-3.5317557,-3.476409,-3.4218187,-3.362469,-3.3137994,-3.2600255,-3.2065716,-3.1636605,-3.1234927,-3.0794752,-3.0275831,-2.979914,-2.9351034,-2.8893144,-2.8433988,-2.8001359,-2.7628696,-2.7277792,-2.6871333,-2.6481311,-2.6127193,-2.5778792,-2.5382059,-2.5034652,-2.4622266,-2.430156,-2.3956218,-2.3600276,-2.3300707,-2.3003542,-2.271446,-2.2441244,-2.2173984,-2.1914477,-2.1611629,-2.1319818,-2.0998635,-2.0688164,-2.0368073,-2.0091808,-1.9834001,-1.9641569,-1.9455951,-1.931448,-1.9168302,-1.8974903,-1.8758051,-1.8512617,-1.8230574,-1.7861356,-1.7512447,-1.7149675,-1.6755272,-1.6335624,-1.5875257,-1.529069,-1.461404,-1.3860568,-1.3051589,-1.2158505,-1.1146859,-1.000502,-0.86474454,-0.70748657,-0.5248054,-0.34972978,-0.12578306,0.2501255,0.89136684,1.6486474,2.3465276,2.5580928,2.618923,2.697487,2.8221333,2.919081,3.1415176,3.3959863,3.5783846,4.0479703,4.4474382,4.9153233,5.4717493,6.1131964,29.219187,35.63142,43.08963,52.694466,63.50579,76.62468,91.020294,106.29957,120.069496,132.11143,141.43758,147.68974,142.89848,120.14255,83.40856,47.466015,20.524105,4.435502,-2.1757216,-4.666669,-5.1825175,-4.728833,-4.1828275,-3.661499,-3.2942855,-2.7843668,-1.991959,-1.2455753,-8.475787,-7.371385,-6.1634045,-4.9205065,-3.681872,-2.4546716,-1.2530092,-0.07902419,1.051761,2.1594534,3.223449,4.2598567,5.270153,6.245949,7.1821003,8.0927725,8.975824,9.792827,10.613762,11.396821,12.136101,12.882938,13.683512,14.519033,15.206209,16.219738,17.149216,18.16864,19.208162,20.254269,21.161396,22.409431,23.018425,23.896269,24.532621,25.625916,25.51168,25.201267,25.734608,26.458933,27.02548,28.9361,30.801594,31.59339,32.866127,34.372993,34.49078,35.175697,35.694233,36.599754,36.071617,36.63904,36.07876,36.99405,36.30127,36.22313,36.46127,35.85199,34.57889,32.69606,31.644526,30.419355,29.632847,30.542356,31.537968,-8.885197,-8.332837,35.545826,37.574104,38.986298,40.339535,40.757713,-8.037907,42.773273,-7.695051,-7.3545017,-6.830468,-6.4927597,-6.068907,-5.680123,-5.283065,-5.095907,-4.4842854,-3.6708894,-2.891252,60.06815,61.693943,64.494774,65.81012,68.403244,69.84186,71.756905,73.61293,73.11275,73.22281,72.77732,74.52639,75.614876,76.215706,76.76805,77.01658,78.58494,81.068825,82.3706,84.13035,85.36387,87.45098,89.39633,91.77757,93.45363,96.01409,97.90043,98.36218,99.65901,-12.410487,-11.513938,-10.447777,-9.925811,-9.835568,-9.891238,-10.331026,-10.506507,-10.909285,-11.390966,-11.721516,-12.180779,-13.671348,-15.114425,-16.07087,-17.336666,-18.457804,-19.245495,-20.507849,-21.875158,-23.31805,-24.729261,-26.456997,-28.18114,-29.98744,-31.86509,-33.61981,-34.95955,-35.82676,-36.47928,-36.81276,-37.150974,-37.73788,-38.30682,-38.75053,-38.995968,-38.86708,-37.99071,-36.80093,-35.66974,-34.517067,-33.326656,-32.27,-31.282448,-30.627478,-30.005606,-29.435663,-29.260452,-29.126444,-28.921501,-28.81278,-28.43812,-27.80213,-27.49577,-27.024845,-26.471241,-25.87217,-25.427538,-25.272814,-24.051361,-23.1163,-22.98173,-22.82872,-22.313196,-21.256489,-20.428413,-20.28471,-21.541342,-23.062952,-24.061312,-24.73729,-25.285746,-25.686525,-25.878435,-26.057762,-26.16533,-26.219828,-26.162485,-25.983854,-25.813482,-25.579132,-25.387905,-25.162573,-24.855438,-24.576185,-24.261393,-23.94094,-23.618032,-23.293428,-22.925076,-22.534449,-22.166992,-21.802347,-21.460396,-21.099049,-20.721245,-20.378849,-20.040413,-19.723808,-19.414661,-19.10143,-18.796028,-18.501116,-18.191063,-17.8891,-17.59429,-17.318213,-17.03885,-16.770212,-16.500778,-16.248518,-16.010952,-15.781553,-15.546464,-15.343019,-15.150252,-14.920669,-14.689971,-14.471905,-14.263847,-14.056297,-13.83506,-13.640323,-13.437451,-13.243332,-13.05191,-12.86974,-12.665169,-12.443785,-12.266178,-12.091049,-11.918696,-11.751377,-11.568171,-11.385103,-11.220483,-11.05585,-10.899923,-10.7398815,-10.582381,-10.4269905,-10.265703,-10.098853,-9.920968,-9.765788,-9.6129,-9.476124,-9.347216,-9.215263,-9.073727,-8.948389,-8.821388,-8.693023,-8.544878,-8.419658,-8.304851,-8.199678,-8.083266,-7.964681,-7.8386145,-7.724147,-7.611842,-7.5099945,-7.411097,-7.3105993,-7.2003775,-7.098335,-7.0003123,-6.9049687,-6.807437,-6.7259808,-6.6411376,-6.559489,-6.471253,-6.3881836,-6.302723,-6.210911,-6.1164126,-6.024579,-5.9432817,-5.881551,-5.8335633,-5.786513,-5.7441707,-5.6802464,-5.60589,-5.5288963,-5.4423547,-5.351462,-5.241716,-5.1295085,-5.007796,-4.879903,-4.729334,-4.5507107,-4.3554187,-4.1228523,-3.8751543,-3.597476,-3.2870853,-2.954416,-2.5507345,-2.0795486,-1.5373732,-1.0238627,-0.37481064,0.7198709,2.575169,4.7245927,6.638074,7.070569,7.0172334,7.004177,7.094575,7.078002,7.3449454,7.6592774,7.760931,8.472686,8.92297,9.422291,10.013359,10.606166,53.401596,58.94359,63.612408,68.35179,70.89865,72.51844,71.70307,68.43019,61.98114,54.03227,45.50257,37.276657,28.057867,18.025755,10.121426,6.6627064,5.852804,5.4542365,5.9884768,6.046311,6.1824737,6.7602773,7.1202307,7.3719673,7.504392,7.8047447,8.56755,9.246033,-6.0201855,-5.2952323,-4.5190334,-3.714567,-2.921194,-2.1386616,-1.3724357,-0.627424,0.095227495,0.79825675,1.4786637,2.1383507,2.7797325,3.4049344,4.0048347,4.5955257,5.1671367,5.7276464,6.269616,6.7917695,7.308044,7.8007627,8.289207,8.780812,9.2416725,9.757684,10.242963,10.77402,11.72529,12.321199,13.076343,13.981734,14.657216,14.973656,15.276827,15.992363,16.952719,15.686115,15.79121,16.263514,17.060524,18.024387,19.58215,20.21498,21.629662,22.478497,22.797035,23.062588,23.622046,23.865232,23.725107,22.585917,22.071556,22.558035,22.036894,22.009537,22.29147,21.83177,20.943897,19.50658,18.526228,17.720373,17.128532,17.622972,18.254963,-6.303097,-5.9489985,21.008423,22.254372,23.56064,24.431856,24.928036,-5.4599733,26.005917,-5.254878,-5.10094,-4.729763,-4.5067687,-4.2331476,-3.935136,-3.6506684,-3.524575,-3.1043148,-2.538169,-1.9218941,38.034847,39.712627,41.885307,43.253357,44.86081,46.33184,47.486862,48.05571,47.168026,47.1683,46.990623,48.08808,48.70832,49.642254,49.930195,50.29948,50.67471,51.987335,53.722702,54.526546,55.80163,57.41441,58.43507,60.091106,61.63067,63.240406,64.74391,65.39606,64.88189,-7.655843,-6.8916407,-6.2554326,-5.954229,-5.809159,-5.7295456,-5.9145045,-6.08512,-6.210902,-6.5911617,-6.7770643,-6.9400725,-8.222108,-9.219933,-9.782705,-10.631526,-11.391276,-11.894017,-12.803466,-13.761957,-14.842256,-15.86201,-17.075623,-18.229181,-19.504751,-20.754131,-21.9271,-22.835182,-23.440151,-23.896912,-24.127232,-24.368341,-24.754892,-25.109875,-25.40185,-25.579054,-25.49771,-24.94278,-24.17996,-23.431717,-22.674074,-21.90471,-21.175838,-20.54522,-20.071198,-19.614641,-19.213345,-19.04019,-18.964962,-18.814043,-18.747543,-18.514662,-18.08023,-17.859924,-17.563644,-17.196327,-16.793087,-16.473991,-16.36212,-15.521757,-14.856775,-14.752944,-14.651845,-14.2878685,-13.519943,-12.910241,-12.77027,-13.693286,-14.840017,-15.625445,-16.147152,-16.603916,-16.91719,-17.078997,-17.239573,-17.32681,-17.353899,-17.291992,-17.19009,-17.098448,-16.977388,-16.817625,-16.651205,-16.467604,-16.242386,-16.046307,-15.838732,-15.60346,-15.352625,-15.124275,-14.892497,-14.656956,-14.431838,-14.170317,-13.913802,-13.677561,-13.449085,-13.244193,-13.051077,-12.839816,-12.636725,-12.427086,-12.226179,-12.027079,-11.838445,-11.663825,-11.492295,-11.318948,-11.145562,-10.971391,-10.802844,-10.652977,-10.500887,-10.345448,-10.202741,-10.073098,-9.9279175,-9.775904,-9.622019,-9.448449,-9.31891,-9.177938,-9.052864,-8.896978,-8.774499,-8.655265,-8.525243,-8.406168,-8.256326,-8.135738,-8.020094,-7.9062357,-7.794599,-7.6828313,-7.5684824,-7.4624114,-7.3551016,-7.2508264,-7.1502085,-7.0550275,-6.9456506,-6.8332334,-6.7292366,-6.622542,-6.5043073,-6.402572,-6.3111925,-6.230943,-6.147024,-6.0638366,-5.9855027,-5.89749,-5.8139873,-5.7250257,-5.6365433,-5.5513253,-5.477545,-5.400386,-5.3104277,-5.239577,-5.154903,-5.083374,-5.018995,-4.9493747,-4.882707,-4.812781,-4.741394,-4.677864,-4.61478,-4.5509834,-4.496063,-4.442279,-4.382489,-4.326261,-4.2733784,-4.2143755,-4.1559677,-4.0982985,-4.034741,-3.9872127,-3.941223,-3.9001272,-3.870777,-3.8361824,-3.7950735,-3.7514896,-3.6987603,-3.641399,-3.5827522,-3.5175574,-3.4394474,-3.3554392,-3.2647486,-3.1707242,-3.052526,-2.9230714,-2.7786562,-2.6216953,-2.4464474,-2.2512684,-2.042,-1.7913823,-1.5019723,-1.1645075,-0.8488638,-0.448958,0.22129355,1.3516939,2.6603742,3.8242505,4.0868516,4.05372,4.048314,4.106468,4.0995054,4.272607,4.471419,4.540608,4.985719,5.2842727,5.599693,5.981659,6.379673,32.901287,36.518482,39.65106,43.032066,45.212013,46.998985,47.595177,46.87684,44.420456,41.17216,37.55808,34.124794,29.747396,23.228193,15.8154335,10.7322035,8.146308,6.8319225,6.8139105,6.711883,6.725554,7.2505436,7.5573826,7.827549,7.9301414,8.259978,8.871541,9.36983,-3.960648,-3.4505246,-2.9495778,-2.4305847,-1.9221545,-1.4217064,-0.92699003,-0.4513724,0.012342401,0.46695608,0.90324813,1.3264985,1.7382214,2.1316893,2.5180573,2.8996239,3.274412,3.6313674,3.9787316,4.3273287,4.670413,5.009426,5.335875,5.65609,5.942193,6.281351,6.5981426,6.953713,7.52406,7.8716106,8.412114,9.007289,9.372196,9.620931,9.744531,10.299602,11.17558,10.000081,10.14863,10.60422,11.038313,11.670092,12.651145,13.274886,14.2121315,14.94988,15.105463,15.322495,15.612568,15.616617,15.472812,14.483587,14.10231,14.072922,13.772497,13.8117485,14.143579,13.714087,13.138344,12.040493,11.299863,10.749276,10.405125,10.765109,11.160905,-4.2338605,-4.025728,12.954238,13.856102,14.8135605,15.378799,15.80541,-3.607663,16.487059,-3.5155435,-3.4045694,-3.1943517,-3.0454516,-2.8574798,-2.6942637,-2.511201,-2.4068863,-2.1480887,-1.7632338,-1.3749019,24.117493,25.388073,26.772556,27.814623,28.92645,30.030668,30.442585,31.072216,30.406181,29.728617,29.736042,30.65573,30.784458,31.201384,31.644972,32.113815,32.55859,33.5835,33.776825,34.210423,35.002235,35.733288,36.8782,38.357887,39.328922,40.48829,41.75306,42.30724,42.09562,-4.8197064,-4.4530826,-4.0237403,-3.724492,-3.577851,-3.5397735,-3.6913435,-3.8340416,-3.9059906,-4.0882287,-4.1652055,-4.351565,-5.13378,-5.730932,-6.1147504,-6.663089,-7.155804,-7.4729366,-8.08766,-8.742914,-9.456608,-10.130783,-10.924967,-11.720545,-12.5681,-13.383353,-14.162201,-14.742614,-15.135155,-15.401188,-15.523459,-15.674144,-15.905946,-16.154316,-16.344414,-16.462723,-16.416758,-16.077906,-15.616681,-15.157662,-14.671591,-14.127483,-13.644153,-13.234013,-12.930279,-12.621145,-12.376662,-12.262203,-12.189325,-12.1043,-12.035087,-11.868913,-11.5626,-11.402318,-11.206422,-10.953696,-10.701838,-10.501061,-10.418492,-9.873333,-9.4465275,-9.365888,-9.295726,-9.057817,-8.567428,-8.165897,-8.078301,-8.687785,-9.445551,-9.964804,-10.330471,-10.637851,-10.853029,-10.968752,-11.072259,-11.123862,-11.149081,-11.120865,-11.0662775,-10.988555,-10.885642,-10.80457,-10.700787,-10.588197,-10.449644,-10.327235,-10.168098,-10.025315,-9.875444,-9.720541,-9.571277,-9.416807,-9.260685,-9.108801,-8.962449,-8.800484,-8.639947,-8.496908,-8.372259,-8.250552,-8.117985,-7.9937005,-7.8726735,-7.750491,-7.6208506,-7.5087585,-7.3933945,-7.285444,-7.1620245,-7.0508533,-6.9495015,-6.845089,-6.737531,-6.6444316,-6.5380807,-6.4578433,-6.3645706,-6.2417707,-6.1523347,-6.066292,-5.9712486,-5.885708,-5.784531,-5.7052584,-5.6219807,-5.54566,-5.4705567,-5.3802676,-5.2929406,-5.214706,-5.1359525,-5.0654187,-4.987087,-4.9192266,-4.844562,-4.7707667,-4.7000575,-4.635588,-4.564147,-4.492962,-4.4306493,-4.361132,-4.2956815,-4.2197895,-4.154555,-4.0932403,-4.0348916,-3.9834824,-3.9259548,-3.8638644,-3.8052719,-3.7462866,-3.6934292,-3.6374874,-3.5781968,-3.530691,-3.4785974,-3.4213111,-3.3727214,-3.3277495,-3.2834892,-3.2412033,-3.195695,-3.1520877,-3.107349,-3.0575233,-3.0168154,-2.975264,-2.9316375,-2.8946795,-2.8595839,-2.817489,-2.7799308,-2.7453809,-2.711691,-2.6721368,-2.6361887,-2.5978312,-2.559045,-2.5287173,-2.5011303,-2.4791048,-2.4549732,-2.4352114,-2.4099805,-2.3821187,-2.350997,-2.3090565,-2.27222,-2.2300317,-2.1829157,-2.1289887,-2.0779986,-2.022375,-1.9524982,-1.876992,-1.7865447,-1.6885877,-1.5789838,-1.4532903,-1.3245276,-1.1700162,-0.9937561,-0.79153234,-0.5979195,-0.3562183,0.048548497,0.7314368,1.5190867,2.220249,2.3729923,2.3522794,2.342633,2.3763835,2.3718472,2.4745848,2.5960896,2.6372352,2.9080415,3.0873995,3.2880912,3.5292702,3.7706907,19.750244,21.93853,23.919336,26.031435,27.564907,28.914509,29.562023,29.505371,28.390629,26.652075,24.705198,22.919605,20.499573,16.656454,11.836862,8.256516,6.2286067,5.015578,4.7782016,4.6199512,4.646442,4.9765487,5.192117,5.364683,5.463286,5.678101,6.069464,6.610153,-2.719645,-2.4244196,-2.1098175,-1.78922,-1.4670378,-1.1515943,-0.83861053,-0.539551,-0.24898031,0.032942224,0.30626956,0.5715673,0.82618135,1.0755115,1.3177516,1.5541167,1.7826077,2.004785,2.221138,2.432442,2.640054,2.832001,3.0174422,3.1942983,3.3797014,3.5743427,3.7641282,3.9401813,4.112382,4.2958217,4.708624,4.922585,5.118016,5.520569,5.737067,5.846091,5.9588523,6.043899,6.21722,6.5928583,6.298054,6.1835113,6.3368063,6.647283,6.8355947,7.084589,7.504938,7.9764585,8.239498,8.419393,8.749988,9.009257,9.208633,9.413434,9.582996,9.791642,9.806144,8.828752,8.634029,8.625839,8.769768,9.099091,9.310668,9.589765,9.990507,10.305769,10.531861,10.952309,11.16223,11.554783,12.132173,12.707003,13.175115,13.680121,14.306906,14.638725,15.055911,15.380314,15.687711,15.982477,16.239132,16.502584,17.214502,18.01827,18.823149,19.490847,19.94275,20.955492,21.6777,22.723492,23.26984,24.55473,25.112192,25.504784,26.494308,27.376188,27.811716,29.071104,29.932915,31.141094,32.240044,32.8541,33.76723,34.924053,35.890358,37.226154,38.855385,40.22412,41.866066,43.907722,45.345383,46.13978,47.783558,48.953827,50.805332,52.328613,53.92921,55.99664,57.405624,58.97133,61.262012,62.81519,65.661224,67.08838,68.21662,70.32069,72.41061,73.23649,74.81017,76.623024,79.06583,79.660736,81.67173,83.94841,84.5361,85.61289,85.70822,86.97472,87.5779,87.55802,87.29145,87.65059,87.393814,88.1616,88.24228,-11.363302,-11.492819,-11.815508,-12.4359455,-12.851616,-12.9960375,-11.8213625,-10.260362,-9.163838,-7.981906,-6.762817,-5.9655676,-4.9617867,-4.4325485,-3.909075,-3.564175,-3.9128337,-4.1616898,-4.3578696,-4.5814385,-4.4477673,-3.97686,-3.8928263,-3.990175,-3.3771281,-3.1780465,-2.8301342,-2.7870207,-1.5564795,-0.9736825,-0.90092427,-1.0538261,115.56489,115.38,116.54255,119.54603,118.31657,-6.027348,-7.0977087,-8.371559,-9.829885,-11.427289,-12.811904,-14.412258,-15.904546,-17.479729,-18.591461,-19.57426,-20.569279,-21.5206,-22.77723,-23.96593,-24.725388,-25.663628,-26.610994,-27.412598,-27.816917,-28.266342,-29.441967,-30.644115,-31.319712,-31.712437,-32.10695,-32.600136,-32.963226,-33.158657,-33.04735,-32.720634,-32.659588,-32.64103,-32.631207,-32.62348,-32.704174,-32.585335,-32.40592,-32.20986,-32.019123,-31.817972,-31.718676,-31.46455,-31.174843,-30.873646,-30.527868,-29.958279,-29.29652,-29.000782,-28.883976,-28.657757,-28.436998,-28.094908,-27.719942,-27.404297,-27.050165,-26.734806,-26.370213,-26.052593,-25.805809,-25.61076,-25.32489,-25.041443,-24.7256,-24.436993,-24.072834,-23.748558,-23.422071,-23.105448,-22.836342,-22.559708,-22.229952,-22.014894,-21.826086,-21.625547,-21.441446,-21.291939,-21.171974,-20.869473,-20.514532,-20.192322,-19.871574,-19.539984,-19.265085,-19.087193,-18.949757,-18.75197,-18.473438,-18.107891,-17.857079,-17.623674,-17.38135,-17.087002,-16.797054,-16.474112,-16.189123,-15.945249,-15.676071,-15.438923,-15.156655,-14.845509,-14.565519,-14.235247,-13.879799,-13.551667,-13.262939,-13.000508,-12.782394,-12.592371,-12.451886,-12.298419,-12.016562,-11.520363,-10.89754,-10.154685,-9.312793,-8.519697,-7.9814534,-7.6234674,-7.1103354,-6.6351514,-6.241928,-5.881287,-5.5663533,-5.338647,-5.1215224,-4.832108,-4.61972,-4.4061956,-4.2090545,-4.0462728,-3.9046016,-3.8141947,-3.7103026,-3.5844014,19.434849,19.12358,18.59104,18.055218,17.506762,16.61279,15.275502,13.760536,12.720023,11.96609,11.444723,10.919387,10.414689,10.083916,9.726096,9.513701,9.405116,9.261733,9.183246,8.933281,8.8074255,8.72078,8.653507,8.563242,8.424446,8.233827,8.264055,8.531349,8.570577,8.561535,8.666859,8.843719,9.080289,9.095889,9.157826,9.340079,9.789003,9.927146,9.887662,9.996602,9.530094,9.463241,9.583226,9.346212,9.278653,9.393175,9.551721,9.639351,-3.4853704,-3.0803366,-2.6589508,-2.227154,-1.7868531,-1.3628715,-0.9467681,-0.54150367,-0.15207192,0.22076309,0.58280265,0.9294208,1.2634974,1.5859209,1.8881924,2.1844995,2.4666052,2.7365258,2.9922945,3.2356703,3.4689498,3.6941204,3.9071765,4.0880733,4.307333,4.5991015,4.8497033,5.057291,5.3219633,5.5497975,6.049126,6.369879,6.45252,6.7289906,6.897922,7.1774354,7.318597,7.460914,7.506328,7.596106,7.7614436,7.7668004,8.077584,8.196419,8.5264435,8.781663,9.10915,9.304943,9.789971,10.155255,10.673666,10.518239,10.7495165,10.827194,11.171094,11.412063,11.638544,11.603395,11.627566,11.7855835,11.876478,11.880298,12.029983,12.644394,12.752385,13.228205,13.521279,13.793456,14.299122,14.810348,15.295911,15.848124,16.139717,16.660421,17.197119,17.973274,18.49147,18.706917,19.289913,19.460388,20.0677,20.186638,20.969467,21.78834,22.769146,23.18159,24.660173,25.760784,26.790585,27.814909,28.838587,30.032995,31.137726,32.412766,33.899128,34.797195,36.384815,37.458477,38.55798,40.17312,41.517075,43.43074,45.090878,46.767258,48.4402,50.49441,52.414402,54.035553,56.371334,58.926983,61.1925,63.92961,66.2462,68.80284,70.40309,73.38128,75.771164,79.003136,82.346146,85.13433,88.797615,90.83443,93.58888,95.69291,97.59655,99.853775,101.79229,104.35268,106.26452,108.04535,110.64803,113.39511,115.950806,118.54821,119.50145,119.928665,120.52099,120.92823,121.25133,121.12063,119.87429,119.98902,119.172935,118.94799,119.134346,-15.417553,-15.508447,-15.933873,-16.902624,-17.781586,-18.36516,-17.410341,-15.940552,-14.753721,-13.471076,-12.43881,-11.376911,-10.531318,-9.806682,-9.289831,-9.131801,-9.6254835,-10.24743,-10.773984,-11.357504,-11.186063,-11.080726,-11.097864,-11.159491,-10.9580765,-10.536798,-10.411721,-10.535396,-9.591721,-8.784224,-9.039528,-9.341787,120.93565,120.72229,120.89973,121.10707,119.04821,-16.893358,-18.311796,-19.77456,-21.40704,-23.074833,-24.613277,-26.14156,-27.876469,-29.388039,-30.54508,-31.636421,-32.4847,-33.402515,-34.468468,-35.448227,-36.171516,-36.91478,-37.756985,-38.460632,-38.787247,-39.115303,-40.218853,-41.275658,-41.79505,-42.075954,-42.369175,-42.70217,-42.945457,-43.040363,-42.740276,-42.33077,-42.130577,-42.033154,-41.939625,-41.832638,-41.764256,-41.48675,-41.184704,-40.85373,-40.51723,-40.20219,-39.962517,-39.530117,-39.101257,-38.66578,-38.25164,-37.57612,-36.859253,-36.48313,-36.294594,-35.951385,-35.625355,-35.19226,-34.728218,-34.26673,-33.820145,-33.41497,-32.959633,-32.553913,-32.17045,-31.884493,-31.536434,-31.149118,-30.778643,-30.386822,-29.931408,-29.513493,-29.084042,-28.687954,-28.331713,-27.978128,-27.60274,-27.291952,-27.01828,-26.760458,-26.4855,-26.257847,-26.046919,-25.678274,-25.26076,-24.840134,-24.454065,-24.077179,-23.765278,-23.493418,-23.29356,-23.059185,-22.71868,-22.308445,-22.00299,-21.711067,-21.397635,-21.083277,-20.742441,-20.367872,-20.028673,-19.744514,-19.436722,-19.147104,-18.834309,-18.504253,-18.176994,-17.805243,-17.417978,-17.064486,-16.730331,-16.442566,-16.191847,-15.95426,-15.762644,-15.563948,-15.259815,-14.7518425,-14.117971,-13.387335,-12.5748005,-11.811067,-11.291871,-10.950442,-10.46685,-10.017964,-9.638175,-9.303692,-9.008204,-8.778472,-8.5487175,-8.260196,-8.011121,-7.7714133,-7.542796,-7.320769,-7.1127043,-6.937845,-6.7380586,-6.519969,14.424948,14.313392,14.066957,13.773733,13.57342,13.031838,11.956656,10.632767,9.6505785,8.937218,8.390349,7.8529654,7.3621006,6.8935475,6.494183,6.2412734,6.0549765,5.8666945,5.695175,5.425754,5.241336,5.025704,4.9037685,4.770136,4.6169276,4.4688067,4.448545,4.4287853,4.3633204,4.304262,4.223497,4.325715,4.3944535,4.3385196,4.3093786,4.4653363,4.614646,4.5454316,4.3631444,4.1918783,3.868053,3.5860329,3.4006484,3.2427955,3.0927422,2.9930844,3.0296803,3.0388467,-3.7626157,-3.3196204,-2.8465848,-2.3512778,-1.8695606,-1.388783,-0.9243331,-0.47591004,-0.041131556,0.3782662,0.78358024,1.1750579,1.552431,1.9170694,2.262593,2.5998476,2.9193356,3.2177274,3.516506,3.7889254,4.074369,4.2974825,4.56886,4.8118143,5.0885606,5.3761835,5.674373,5.9957805,6.2961345,6.604662,7.06522,7.3387566,7.66406,7.982868,8.186266,8.243763,8.521755,8.546907,8.817953,9.080122,9.24699,9.129009,9.088669,9.205956,9.624162,9.791809,10.208336,10.791259,11.082264,11.403975,11.705479,11.581928,12.078361,12.112839,12.337036,12.614757,12.824777,13.035821,12.893832,12.7008705,12.879789,13.139793,13.181212,13.4557905,13.984712,14.101458,14.8811455,15.5113125,15.991337,16.393816,17.064074,17.664692,17.841778,18.710413,19.544487,19.87532,20.624178,20.918781,21.28042,21.860508,22.641594,22.999039,23.620016,24.464106,25.464487,26.767138,27.588734,28.90565,30.102573,31.003275,31.92489,33.23193,34.30359,35.403458,36.42392,37.240143,38.585175,39.750053,40.878372,42.115585,43.33738,44.70357,46.606903,48.124676,49.692688,51.849045,53.52625,55.07901,57.96782,59.569313,61.776802,63.566647,66.22382,68.091286,70.14508,72.04699,74.38156,76.741684,79.99476,82.118805,85.14197,86.95223,89.80675,91.27535,93.12641,95.72677,96.66111,98.00128,100.008316,101.557976,103.99867,105.51083,107.693924,109.022285,110.25638,110.4111,110.32833,110.87443,110.91285,109.82012,109.158714,108.00647,107.85359,107.4769,106.87696,-18.63961,-18.67229,-19.34014,-20.06045,-20.885216,-21.25146,-20.406307,-19.104412,-17.843197,-16.703289,-15.620342,-14.443902,-13.67551,-13.198054,-12.665572,-12.620384,-13.007714,-13.623353,-14.054218,-14.431216,-14.496567,-14.464037,-14.534526,-14.539964,-14.287762,-13.916637,-13.787513,-13.968732,-13.084821,-12.304647,-12.472504,-12.7067995,104.151085,103.20053,103.10353,103.03195,99.83161,-20.4431,-21.565536,-22.95878,-24.408981,-26.073488,-27.310053,-28.696644,-30.021448,-31.289927,-32.28187,-33.097073,-33.81204,-34.535904,-35.293865,-36.092545,-36.65356,-37.288048,-37.950542,-38.42877,-38.625305,-38.844196,-39.59629,-40.429626,-40.846523,-41.09126,-41.27026,-41.55728,-41.678062,-41.65937,-41.418137,-41.035,-40.785004,-40.632256,-40.469486,-40.276997,-40.13782,-39.879063,-39.539684,-39.223293,-38.90581,-38.60429,-38.370163,-37.948265,-37.550285,-37.1653,-36.7669,-36.14696,-35.448544,-35.092216,-34.884285,-34.530155,-34.173145,-33.723618,-33.26279,-32.811512,-32.413017,-32.011257,-31.61991,-31.250204,-30.89785,-30.582182,-30.231726,-29.85484,-29.490467,-29.10088,-28.704542,-28.276468,-27.908497,-27.500933,-27.160898,-26.81409,-26.452898,-26.174526,-25.941647,-25.689133,-25.404356,-25.181192,-24.978674,-24.615637,-24.209206,-23.845901,-23.487038,-23.132648,-22.802546,-22.5366,-22.318466,-22.085121,-21.741226,-21.3507,-21.057549,-20.761847,-20.47377,-20.181194,-19.851936,-19.482803,-19.158052,-18.87591,-18.586298,-18.317102,-17.991936,-17.682302,-17.381659,-17.05264,-16.706572,-16.36635,-16.0572,-15.79037,-15.549925,-15.330628,-15.154497,-14.961711,-14.68486,-14.230533,-13.663229,-13.001973,-12.288021,-11.628891,-11.1668825,-10.858728,-10.446653,-10.049022,-9.7270775,-9.435076,-9.162275,-8.954312,-8.744042,-8.471164,-8.235773,-8.002584,-7.7589674,-7.540561,-7.3270574,-7.1455007,-6.9434624,-6.723559,10.993383,10.900389,10.719693,10.517153,10.38253,9.917985,9.03202,7.909491,7.0762053,6.4893494,6.0776377,5.611245,5.170322,4.782648,4.4442587,4.2629066,4.099486,3.962049,3.8160467,3.5968904,3.3893108,3.1985648,3.1011813,2.960444,2.8012402,2.659582,2.607306,2.5859368,2.5294652,2.4662237,2.4104166,2.464831,2.5039191,2.459224,2.4630709,2.5390089,2.6597078,2.5715265,2.3906147,2.2297993,1.9496416,1.6778046,1.5060886,1.3420987,1.22246,1.1495488,1.1548617,1.142939,-3.4457638,-3.0561714,-2.6357546,-2.2032094,-1.7686324,-1.3329045,-0.9073103,-0.49923882,-0.10309243,0.28055573,0.6522453,1.0000982,1.3464018,1.6842448,2.0075135,2.3182168,2.6174686,2.9074829,3.1812494,3.4438672,3.7041934,3.9699435,4.2014117,4.4483223,4.6758013,4.933361,5.172165,5.504716,5.7795877,6.1595707,6.5248227,6.8116555,7.0824428,7.371374,7.4612794,7.569827,7.6834235,7.7207217,8.02638,8.274607,8.464874,8.448027,8.594445,8.832238,8.907889,9.067222,9.485632,9.877257,10.068105,10.358544,10.47787,10.714183,11.135436,11.473545,11.685965,11.935282,12.239863,12.362569,12.416138,12.471644,12.401218,12.594235,12.930466,13.453502,13.824663,14.15595,14.647225,15.0097275,15.312018,15.508653,15.9661,16.523296,16.93193,17.405758,17.745285,18.439447,18.99089,19.340221,19.699911,20.118433,20.700151,21.116983,21.61554,22.319124,23.260435,24.155268,24.99714,25.652172,27.142069,28.306519,28.839912,29.405655,30.751553,31.76013,32.69777,33.756165,34.5137,35.714443,36.14074,37.069252,38.252697,39.782017,40.530136,42.25646,43.738617,45.144836,46.99624,48.757122,50.248627,52.135563,53.942364,55.138973,57.152782,58.57348,60.561417,62.55579,64.24363,66.77745,69.08831,71.05047,72.736786,74.77932,77.55387,79.560616,79.56685,81.66737,82.83504,84.26326,85.615875,86.54422,87.38651,89.34646,90.77844,92.08816,92.244385,92.384254,92.78411,92.9495,92.59629,93.16172,92.30038,91.55097,91.291504,91.49889,90.56669,-16.888832,-16.898933,-17.304514,-18.070545,-18.706564,-18.969185,-18.271114,-17.03484,-16.05563,-14.956801,-13.984834,-13.114358,-12.484996,-11.994961,-11.587573,-11.3721,-11.859791,-12.290225,-12.548961,-12.941946,-12.984026,-12.8971405,-12.973212,-12.986456,-12.874673,-12.542036,-12.414275,-12.618541,-11.8744955,-11.24888,-11.285258,-11.574989,89.06485,87.98747,87.11111,86.75137,84.143585,-18.29854,-19.431519,-20.552418,-21.883276,-23.17953,-24.19767,-25.398754,-26.644505,-27.666857,-28.480167,-29.152973,-29.85968,-30.41982,-31.087921,-31.73851,-32.248142,-32.731083,-33.201015,-33.596207,-33.80621,-33.945717,-34.559166,-35.194443,-35.54895,-35.68325,-35.84609,-36.057316,-36.156567,-36.114,-35.83437,-35.47404,-35.191383,-34.987076,-34.838753,-34.71463,-34.582417,-34.318592,-34.028816,-33.736797,-33.464733,-33.175533,-32.929142,-32.592934,-32.23951,-31.888496,-31.554491,-30.998701,-30.425558,-30.058867,-29.870056,-29.588034,-29.282515,-28.897577,-28.523268,-28.14886,-27.80843,-27.467463,-27.113976,-26.782753,-26.474966,-26.232008,-25.944077,-25.590086,-25.286648,-24.967258,-24.607832,-24.29537,-23.996191,-23.653105,-23.370142,-23.0834,-22.772749,-22.505968,-22.299107,-22.094078,-21.85508,-21.65897,-21.457159,-21.168474,-20.829405,-20.515547,-20.205597,-19.88773,-19.61638,-19.416643,-19.207762,-18.987,-18.709114,-18.391329,-18.151497,-17.91184,-17.656523,-17.395136,-17.12176,-16.820175,-16.549974,-16.311422,-16.055632,-15.827932,-15.567287,-15.31884,-15.059208,-14.752165,-14.441063,-14.155937,-13.891811,-13.6506195,-13.428615,-13.243001,-13.0909605,-12.925298,-12.690652,-12.315456,-11.844241,-11.301127,-10.728836,-10.151859,-9.776131,-9.521766,-9.171822,-8.84795,-8.580504,-8.328646,-8.097771,-7.91707,-7.7305403,-7.491131,-7.2949476,-7.0993223,-6.9027457,-6.7173457,-6.5321865,-6.3756485,-6.2018666,-6.0117874,8.716523,8.640027,8.486644,8.327507,8.229577,7.8619623,7.1256785,6.1871257,5.5190344,5.030085,4.6834984,4.3085265,3.9439316,3.6342306,3.3489492,3.1937895,3.0599303,2.9486632,2.808284,2.6128948,2.4705935,2.3335469,2.2625852,2.137989,1.9877532,1.8758633,1.839204,1.8179249,1.7595735,1.7218428,1.6753665,1.7033893,1.7432439,1.6926035,1.6916072,1.7348495,1.8332866,1.7509819,1.5777632,1.4431163,1.1996654,1.0025392,0.8656245,0.7201862,0.6101406,0.5444115,0.52954054,0.5056237
Tax69,0.0,-0.82774574,-0.67147684,-0.48544717,-0.28965214,-0.08384132,0.13012227,0.3429406,0.5561049,0.76792926,0.9762152,1.1803261,1.3786535,1.5837696,1.7731452,1.9546273,2.1372476,2.3528943,2.5067377,2.655136,2.8117764,3.0021124,3.1911168,3.3522506,3.4934998,3.607262,3.7819266,3.9594595,4.1032605,4.231485,4.3930497,4.5058403,4.648102,4.882078,5.0552654,5.132743,5.2823925,5.5333204,5.558153,5.6820736,5.8314834,6.0122867,6.261477,6.529794,6.6050854,6.903961,7.2600284,7.3218775,7.4271517,7.6647525,7.6510634,7.6735725,7.8604217,7.907952,8.157315,8.131439,8.003818,8.123444,7.877656,7.614701,7.2020135,6.9784784,6.999759,6.921552,7.106687,7.152589,0.27510402,0.31690052,7.789356,7.9867945,8.232256,8.389637,8.45462,0.41684517,8.772426,0.45592096,0.49975902,0.5644998,0.57700586,0.61076415,0.65902674,0.69105184,0.70197546,0.76442295,0.8286374,0.94829327,10.541229,10.635226,10.975142,11.343873,11.705636,11.849761,12.022886,12.250604,12.115218,12.070649,11.888771,11.980825,12.052515,12.272167,12.338646,12.339425,12.261067,12.3679695,12.562625,12.604788,12.807104,12.921902,13.119134,13.043665,13.112272,13.101313,13.331639,13.144669,12.9750595,-0.085532285,-0.074609905,-0.029772324,-0.03122644,-0.12389312,-0.19951282,-0.2778863,-0.3573925,-0.5092193,-0.58636063,-0.7247309,-0.777229,-1.0142032,-1.2247224,-1.3929509,-1.5304443,-1.7112783,-1.8193331,-1.9619465,-2.1377745,-2.3139725,-2.472721,-2.656556,-2.8534224,-3.0359375,-3.2373714,-3.4261284,-3.585109,-3.710058,-3.8072205,-3.8679636,-3.93985,-4.03,-4.117836,-4.198364,-4.250859,-4.2548656,-4.1301203,-4.000736,-3.8872886,-3.7612934,-3.6340706,-3.5302887,-3.4376538,-3.3893032,-3.3289914,-3.2709603,-3.2684855,-3.2794762,-3.2777345,-3.2660174,-3.228731,-3.1540463,-3.1311493,-3.089573,-3.0291073,-2.9643447,-2.9220667,-2.9267008,-2.791888,-2.6964939,-2.7012339,-2.705662,-2.6527023,-2.5357425,-2.457112,-2.4657333,-2.652685,-2.8683143,-3.0081568,-3.1174338,-3.221398,-3.289755,-3.3350494,-3.3705835,-3.4095716,-3.4404404,-3.461744,-3.4624314,-3.4734278,-3.4659617,-3.4720497,-3.4727185,-3.4472353,-3.423261,-3.397149,-3.3582585,-3.3203862,-3.2820396,-3.2575321,-3.2353268,-3.205417,-3.1654623,-3.134058,-3.093731,-3.0525706,-3.0041432,-2.9609869,-2.9381363,-2.908653,-2.8759174,-2.844181,-2.7961206,-2.7638848,-2.720396,-2.6447542,-2.5930078,-2.5653632,-2.5425577,-2.5029306,-2.472659,-2.445006,-2.4105265,-2.3912477,-2.373787,-2.3528178,-2.320964,-2.3004482,-2.264052,-2.2350478,-2.2131839,-2.1792111,-2.1420088,-2.1208463,-2.0903492,-2.062579,-2.046578,-2.0138903,-1.9799434,-1.9585314,-1.9320441,-1.9069443,-1.8880601,-1.8600696,-1.8454555,-1.8197093,-1.7957044,-1.7750034,-1.7576989,-1.744446,-1.7254399,-1.7059466,-1.6860943,-1.6715622,-1.6523343,-1.6291326,-1.607384,-1.5961874,-1.5802554,-1.56793,-1.5528672,-1.5376874,-1.5097084,-1.4889734,-1.4730171,-1.45812,-1.439333,-1.4282323,-1.4022516,-1.3883175,-1.373706,-1.3550552,-1.3370572,-1.3196573,-1.3027253,-1.2931573,-1.274718,-1.2620459,-1.2500188,-1.2414668,-1.2261177,-1.2151642,-1.2077818,-1.1889815,-1.1762291,-1.1676725,-1.1556343,-1.1388905,-1.1236018,-1.1167341,-1.1086527,-1.1046546,-1.0982404,-1.0935253,-1.0864639,-1.0745909,-1.0514905,-1.035054,-1.0095162,-0.98875827,-0.9680101,-0.94058174,-0.9149789,-0.8858206,-0.84717065,-0.8029544,-0.7484105,-0.6891581,-0.6226516,-0.5438502,-0.45645767,-0.3507813,-0.2262302,-0.08196638,0.05664125,0.2347842,0.5364575,1.0453335,1.6464375,2.2012148,2.371439,2.407514,2.4674184,2.5624232,2.622995,2.7862384,2.9729154,3.0977,3.4246786,3.708712,4.035006,4.423952,4.8560796,19.69149,22.624186,25.744444,29.527966,33.310127,37.431713,41.34341,44.457226,46.41158,47.214394,47.362053,47.241955,44.743412,37.997574,27.107958,15.9069,7.135656,1.768623,-0.45571905,-1.3819004,-1.6112169,-1.556229,-1.4656528,-1.3591938,-1.2780893,-1.1562357,-0.9515442,-0.78066874,-2.2098534,-1.9273772,-1.6114835,-1.2772993,-0.9370397,-0.60276395,-0.2751691,0.045337345,0.35916665,0.6599724,0.9457968,1.2228329,1.47793,1.7271862,1.9662791,2.1932817,2.4039645,2.6082103,2.7966697,2.9724116,3.135737,3.2913966,3.4124103,3.5581834,3.7215059,3.8413672,4.001916,4.1902127,4.3634825,4.6063566,4.7558594,5.099803,5.308221,5.5096345,5.6284595,5.7334027,5.854471,5.8470407,5.7366295,5.9581885,5.9576163,6.277936,6.596222,6.673417,6.8839226,7.0299683,6.891778,6.896871,6.9085546,6.913745,6.9054055,6.933719,6.861941,7.0137343,6.9127483,6.7796288,6.7720585,6.5907288,6.259535,5.879069,5.652339,5.4211884,5.3300223,5.397949,5.552619,-1.1255815,-1.0372947,6.15409,6.3752856,6.6339045,6.8125334,6.749185,-0.9035066,7.1109343,-0.86056507,-0.8321377,-0.7222524,-0.6632741,-0.5992962,-0.5541471,-0.49650893,-0.477738,-0.36048192,-0.23116034,-0.079632506,9.666944,9.817894,10.145767,10.319371,10.46876,10.73582,10.851856,11.016186,10.888717,10.762391,10.5630665,10.641236,10.695571,10.700168,10.688071,10.551513,10.673166,10.725748,10.836175,10.996067,11.220423,11.406645,11.591236,11.824475,11.974952,12.012407,12.226189,12.4344635,12.374706,-0.78203934,-0.73888516,-0.6403441,-0.520181,-0.5497941,-0.5045227,-0.5809802,-0.60608083,-0.6746545,-0.7535226,-0.81607556,-0.8462979,-1.0762668,-1.2711173,-1.4130745,-1.5570418,-1.7143633,-1.8364497,-1.9995025,-2.1696103,-2.3666856,-2.5840476,-2.7966828,-3.042673,-3.2778347,-3.553581,-3.787103,-3.9777448,-4.1145945,-4.232225,-4.293387,-4.373948,-4.459859,-4.5753307,-4.6752067,-4.7387857,-4.712532,-4.5991592,-4.447854,-4.3062315,-4.1492944,-3.9997842,-3.869164,-3.7618923,-3.682479,-3.6073506,-3.566088,-3.5608656,-3.577566,-3.5817468,-3.5848496,-3.552055,-3.4678926,-3.4456582,-3.380228,-3.3193471,-3.2311468,-3.1790974,-3.1493545,-2.9777846,-2.8506856,-2.8660064,-2.8634489,-2.7898428,-2.6243653,-2.5186186,-2.5033162,-2.7374606,-3.0183487,-3.2167242,-3.3525395,-3.483542,-3.589674,-3.6519902,-3.716711,-3.7783113,-3.8106074,-3.8180308,-3.8329377,-3.8354669,-3.8269289,-3.8229277,-3.8182447,-3.7947087,-3.7781336,-3.7489452,-3.7269936,-3.6862724,-3.6661327,-3.6292937,-3.5979428,-3.5506012,-3.5021012,-3.46705,-3.429709,-3.3733847,-3.3366425,-3.2942524,-3.2505624,-3.223552,-3.1874263,-3.1443746,-3.0840156,-3.049887,-3.0174966,-2.9835732,-2.946658,-2.9210413,-2.8743837,-2.8354774,-2.8052158,-2.7658918,-2.7382967,-2.6830232,-2.6499019,-2.6174793,-2.5913267,-2.5615847,-2.5355453,-2.5147681,-2.4743395,-2.4387162,-2.4196775,-2.3892837,-2.3656163,-2.347222,-2.3179815,-2.2990417,-2.2676055,-2.228934,-2.199146,-2.1775408,-2.1478813,-2.1310456,-2.0936494,-2.0582037,-2.0421066,-2.0172126,-1.9759066,-1.957509,-1.9363275,-1.9196346,-1.8914001,-1.8664362,-1.8285853,-1.8084899,-1.7901974,-1.76688,-1.736706,-1.7132918,-1.6852057,-1.6681622,-1.6540897,-1.6308807,-1.6122497,-1.5961711,-1.561838,-1.5428054,-1.5259032,-1.5143508,-1.493379,-1.4786552,-1.4685256,-1.4491938,-1.4387368,-1.4209479,-1.3975643,-1.378432,-1.3553144,-1.3418248,-1.320973,-1.3042437,-1.2922345,-1.2801677,-1.2633336,-1.2458739,-1.2363436,-1.2220879,-1.2126939,-1.1853095,-1.1721737,-1.1507415,-1.1448448,-1.1371585,-1.1259811,-1.1132932,-1.0984944,-1.0846348,-1.0621401,-1.0338906,-1.0110592,-0.9811239,-0.9505009,-0.9146256,-0.86645675,-0.810307,-0.75097126,-0.68666726,-0.61221457,-0.529718,-0.43889588,-0.32520348,-0.19365948,-0.039205145,0.10725369,0.2944539,0.61169577,1.1485435,1.7625929,2.310148,2.4351037,2.4195824,2.4084337,2.4299905,2.41866,2.488603,2.5669506,2.5821507,2.749587,2.8499508,2.954353,3.0740275,3.183948,13.120539,13.780157,14.069766,14.190048,13.694231,12.789814,11.476764,9.812737,7.83261,5.9006367,4.2825346,3.0905278,2.292831,1.7321941,1.4003904,1.3473254,1.456866,1.4743074,1.5510142,1.5717499,1.5816596,1.6913872,1.7277335,1.7583338,1.7769488,1.7625691,1.81212,1.9424005,-0.80496377,-0.7080347,-0.6018199,-0.49157563,-0.38017553,-0.2694342,-0.16058207,-0.054254577,0.04914072,0.15011817,0.24627888,0.3368946,0.42582723,0.51163334,0.5978574,0.67653185,0.74819905,0.8195301,0.88808733,0.9531458,1.0140816,1.0726753,1.128705,1.1826277,1.2223395,1.2705247,1.3144984,1.3513638,1.379081,1.409635,1.5266154,1.6047629,1.7391928,1.7623838,1.7863902,1.825116,1.8587152,1.829956,1.8734642,1.9222038,2.0041955,2.0564306,2.204563,2.3215187,2.2848067,2.4313796,2.412596,2.285099,2.2778997,2.2566428,2.19376,2.2359462,2.247472,2.2754762,2.2371564,2.2149038,2.257278,2.1641693,2.0769882,1.8959894,1.8092918,1.7562675,1.6783199,1.6909547,1.7704971,-0.42351916,-0.40419444,1.9807714,2.0798073,2.1809933,2.2469912,2.2459795,-0.34190366,2.3182614,-0.31071943,-0.30594814,-0.27504984,-0.2669613,-0.23392025,-0.2114037,-0.19025856,-0.19357225,-0.15235613,-0.10076723,-0.052144825,3.2220237,3.272125,3.457154,3.4929569,3.5680473,3.6525023,3.691812,3.776823,3.6704178,3.5195277,3.4650948,3.6489835,3.591604,3.6352422,3.4836648,3.5938656,3.5206375,3.6573122,3.7059004,3.7523541,3.882384,3.9600065,3.9891293,4.088056,4.2732577,4.222627,4.2454886,4.2642794,4.1800966,-0.2610787,-0.2608178,-0.18794505,-0.19181068,-0.1689465,-0.20091324,-0.20847696,-0.21417698,-0.23781067,-0.26542252,-0.28743026,-0.3070715,-0.37119272,-0.43391216,-0.49354565,-0.54097927,-0.59961706,-0.62735313,-0.6997976,-0.76955223,-0.8227834,-0.8970095,-0.98493826,-1.0659479,-1.152721,-1.2490987,-1.3394893,-1.4059571,-1.4555418,-1.4985268,-1.5247921,-1.5554638,-1.5973706,-1.6340959,-1.6734982,-1.6944392,-1.6997621,-1.655862,-1.6013622,-1.5481251,-1.4858891,-1.4284092,-1.3692231,-1.3259109,-1.3001931,-1.2743093,-1.2486944,-1.2516845,-1.2597467,-1.2616723,-1.2683133,-1.2600801,-1.2261462,-1.2123469,-1.1916301,-1.1680086,-1.1413071,-1.1230934,-1.1254693,-1.0570651,-1.0053008,-1.0086538,-1.0100516,-0.98642975,-0.91562617,-0.8690264,-0.8692819,-0.96690303,-1.083572,-1.16909,-1.2318773,-1.2889844,-1.3352579,-1.3644542,-1.3859138,-1.4108613,-1.4264586,-1.4323936,-1.4303263,-1.4361238,-1.4386914,-1.4417204,-1.4421616,-1.4390222,-1.4246254,-1.414711,-1.40861,-1.4011369,-1.3931623,-1.3770478,-1.367311,-1.3566766,-1.338615,-1.3272653,-1.3152179,-1.3030837,-1.2910353,-1.2800342,-1.2588842,-1.240559,-1.2293799,-1.2181915,-1.1934706,-1.1822661,-1.1608645,-1.144691,-1.1258863,-1.1101599,-1.0949123,-1.0727069,-1.0635911,-1.0550736,-1.0462233,-1.0378687,-1.0302649,-1.0170457,-1.0040733,-0.99528635,-0.98684186,-0.9787896,-0.95898396,-0.93236387,-0.92509085,-0.9177915,-0.9105107,-0.90343595,-0.8964419,-0.8891497,-0.8701407,-0.85181963,-0.84523594,-0.8385216,-0.83190423,-0.8208431,-0.8106943,-0.8002934,-0.7879721,-0.78171957,-0.7757445,-0.76352423,-0.7573507,-0.74378633,-0.71716774,-0.7110471,-0.69207335,-0.6803238,-0.67142534,-0.6667484,-0.6565418,-0.6468353,-0.63692427,-0.6320097,-0.6267267,-0.6167684,-0.61173296,-0.60382307,-0.59199536,-0.5874531,-0.5829878,-0.5741612,-0.5698359,-0.55805945,-0.55086946,-0.54236406,-0.53443456,-0.5268882,-0.5189607,-0.5153584,-0.51175684,-0.50826657,-0.5014981,-0.4983624,-0.49084795,-0.4875822,-0.48094353,-0.47746462,-0.46937302,-0.4656251,-0.46204948,-0.45921662,-0.45713642,-0.45548034,-0.45401242,-0.45208126,-0.44547817,-0.4416969,-0.43736267,-0.43202817,-0.42548028,-0.41552636,-0.40368077,-0.39384767,-0.3831722,-0.37102932,-0.35264337,-0.33440414,-0.3119519,-0.28763455,-0.26043326,-0.227703,-0.19353291,-0.15127459,-0.10171706,-0.043644655,0.011656497,0.08226175,0.20178472,0.40390223,0.6367318,0.83498657,0.88096195,0.8745103,0.86640024,0.87441397,0.8707081,0.89777476,0.92862403,0.93659264,1.0057147,1.0473626,1.0917963,1.1437174,1.1940012,4.954149,5.2393184,5.281578,5.399937,5.3222036,5.126751,4.738122,4.1990337,3.5410774,2.8742933,2.2555707,1.7808858,1.4548163,1.1789694,0.9479478,0.8536759,0.83534104,0.81248057,0.8863067,0.83923244,0.8481262,0.89926493,0.89846015,0.9034023,0.89347553,0.9037952,0.976592,1.0451695,-0.18984994,-0.16695593,-0.14201203,-0.11615781,-0.09006495,-0.06414293,-0.038647063,-0.013706367,0.010626126,0.034232974,0.05715306,0.0793555,0.1008223,0.12162368,0.1417556,0.16128512,0.18022132,0.19864848,0.21651024,0.23333184,0.24888667,0.26382482,0.27805063,0.29161176,0.30469388,0.31744,0.32967725,0.34097126,0.35090524,0.359831,0.40781614,0.4210387,0.4472323,0.45354447,0.44561684,0.46732178,0.47664726,0.47259393,0.4831724,0.48786756,0.5251392,0.52635294,0.5448339,0.55424136,0.5445296,0.5766244,0.5743315,0.56950283,0.56770766,0.585847,0.5806924,0.58291817,0.5638451,0.5676549,0.5355773,0.55214924,0.58051777,0.5484488,0.5300394,0.4869809,0.4599221,0.44542298,0.44140822,0.43588814,0.45637372,-0.10600181,-0.09813977,0.51352715,0.53355944,0.55416125,0.59090245,0.59274083,-0.08915013,0.58707595,-0.08047677,-0.079030395,-0.0697613,-0.06612616,-0.061300755,-0.056316435,-0.055898543,-0.056392357,-0.048130594,-0.03971957,-0.027806109,0.7434759,0.7584702,0.7880564,0.81097287,0.849897,0.84930587,0.8920525,0.89181453,0.88815206,0.8932786,0.8221841,0.8494502,0.84392315,0.8695672,0.86411804,0.9016857,0.8659809,0.9078127,0.97490215,0.925488,0.9575299,1.0083089,0.9696988,0.99555993,1.036565,1.0692791,1.021577,1.0331044,1.0101647,-0.05451072,-0.076277964,-0.046642072,-0.035731226,-0.05106661,-0.050116766,-0.04084379,-0.047829855,-0.04781926,-0.0672322,-0.04786075,-0.055665188,-0.07448564,-0.100371815,-0.116539374,-0.116840646,-0.13378508,-0.14309251,-0.15995711,-0.17805825,-0.19457577,-0.21267417,-0.23461005,-0.25341678,-0.27566653,-0.30103523,-0.32206678,-0.34052375,-0.35242233,-0.36228305,-0.36732438,-0.37415424,-0.3834324,-0.39307496,-0.4018762,-0.40810356,-0.40924117,-0.4006299,-0.38789567,-0.37525412,-0.36172715,-0.34797063,-0.33536276,-0.32457832,-0.3179203,-0.3113702,-0.30660927,-0.30138886,-0.30302188,-0.29833063,-0.29970604,-0.29769164,-0.29093406,-0.28895134,-0.28511685,-0.27940458,-0.2730597,-0.26858306,-0.26432735,-0.2485051,-0.2304949,-0.22691846,-0.22697763,-0.22132623,-0.20673263,-0.19582497,-0.19539823,-0.21869959,-0.247262,-0.26707336,-0.28173807,-0.29505298,-0.3058432,-0.31267983,-0.3197782,-0.31812948,-0.3228858,-0.32550088,-0.32684198,-0.32812774,-0.32866976,-0.32930273,-0.32934272,-0.3285716,-0.3275533,-0.32648337,-0.32502422,-0.3232544,-0.32137161,-0.3194257,-0.31714076,-0.31465456,-0.31206992,-0.30941474,-0.3066066,-0.30378205,-0.30097973,-0.29841334,-0.2960723,-0.293597,-0.29095915,-0.2883215,-0.2857358,-0.28306907,-0.2805868,-0.2781496,-0.27584466,-0.2734664,-0.27106214,-0.26867124,-0.26639628,-0.25928533,-0.2571174,-0.25506616,-0.25319093,-0.2515336,-0.24954526,-0.24286368,-0.24081278,-0.2388534,-0.23697366,-0.23516129,-0.2333282,-0.23148976,-0.2296566,-0.22290121,-0.22117612,-0.21938214,-0.21747504,-0.2157197,-0.21405333,-0.2123565,-0.21068373,-0.20455906,-0.20296405,-0.20142321,-0.1998532,-0.19827072,-0.1967553,-0.19527394,-0.19370028,-0.19205868,-0.18632488,-0.18474461,-0.18311578,-0.18147594,-0.18009788,-0.17383951,-0.17258103,-0.17124492,-0.17001575,-0.16870543,-0.16327572,-0.1618867,-0.16057014,-0.15936294,-0.15382192,-0.1526427,-0.15148273,-0.15033624,-0.14920346,-0.14814034,-0.14711145,-0.14068723,-0.13966553,-0.1344845,-0.13347155,-0.13254061,-0.1316104,-0.12727517,-0.12645933,-0.12565973,-0.1212151,-0.12040284,-0.11607349,-0.115232214,-0.11435383,-0.10909773,-0.10826044,-0.10758826,-0.107083604,-0.10309295,-0.10273791,-0.10228421,-0.101623856,-0.10076682,-0.09979038,-0.098597705,-0.09714276,-0.09545033,-0.093522824,-0.09132735,-0.08894682,-0.08624405,-0.08267882,-0.07861023,-0.07360981,-0.063024804,-0.057432372,-0.05100997,-0.043949116,-0.035225384,-0.025001671,-0.013030374,-0.0016329811,0.012907047,0.037503712,0.079073876,0.12692015,0.16922745,0.1786563,0.17722169,0.17665695,0.1783085,0.17757316,0.18331078,0.18989985,0.191782,0.20653155,0.21566185,0.22552647,0.23716982,0.24871503,1.0559273,1.1203132,1.1609442,1.1982279,1.1925894,1.1659636,1.1003878,0.99488074,0.8540015,0.7157819,0.5852308,0.49505892,0.4186134,0.3477523,0.2601396,0.23962826,0.22218563,0.22216387,0.23407002,0.2076711,0.22373772,0.23681784,0.2503206,0.24740894,0.24294344,0.24844728,0.2569729,0.28162354,-0.15187995,-0.1327362,-0.112308204,-0.09134452,-0.0702991,-0.049454466,-0.028973868,-0.0089665875,0.010525899,0.029471837,0.047848348,0.06567723,0.0829659,0.099728435,0.11595714,0.13175347,0.14717434,0.16224794,0.17702907,0.19147429,0.20570333,0.2193662,0.23259468,0.24540201,0.25750434,0.2771267,0.28863207,0.2997755,0.31584334,0.33970347,0.3510797,0.36430565,0.3710394,0.38369405,0.41827944,0.42542428,0.43449366,0.43597782,0.44079387,0.45660502,0.4726242,0.4145056,0.42201522,0.44476596,0.46498546,0.45161822,0.46046788,0.47628468,0.48810753,0.4954241,0.51401293,0.50460744,0.5460292,0.5303257,0.5453943,0.54338014,0.5296424,0.5153489,0.5220442,0.4916439,0.4658714,0.45907792,0.48227715,0.48736396,0.5138625,0.50488937,0.5209144,0.54565006,0.5486977,0.56494373,0.5942203,0.61762273,0.64719236,0.6801831,0.6862263,0.72411424,0.7145645,0.72360706,0.719477,0.73688555,0.7328397,0.778714,0.72401285,0.81021106,0.81557643,0.87110215,0.90611196,0.9217821,0.90245354,0.94893277,0.92515606,0.99859256,1.0593125,1.0375254,1.0809929,1.137259,1.238644,1.1909741,1.2082882,1.22114,1.2703273,1.3418127,1.3284223,1.3897802,1.3859559,1.4417886,1.3417366,1.4121767,1.4381522,1.4495617,1.5002315,1.566517,1.6810082,1.6669692,1.7631713,1.819544,1.7609614,1.7506187,1.8519675,1.9240273,2.0086415,2.0526545,2.051562,2.1026475,2.2218456,2.1137633,2.2643757,2.2170289,2.2398047,2.1478715,2.1993892,2.24769,2.3204641,2.333496,2.287788,2.2704186,2.3820522,2.336585,2.344185,2.3488662,2.3892145,2.3727603,2.3344352,2.3129776,2.3333359,-0.097631924,-0.1204264,-0.14601369,-0.16791199,-0.17472382,-0.17240584,-0.14486617,-0.11872618,-0.1001288,-0.03900413,-0.023184085,-0.017982854,0.028481986,0.043344364,0.04268153,0.034723684,0.038542315,0.031989887,0.013438772,0.0032380086,0.020824082,0.00079230336,-0.0022806234,-0.0063610524,-0.0019921581,0.019472174,-0.013446192,0.02143588,0.04342471,0.061778814,0.052013908,0.072265506,2.7910008,2.8412468,2.8248818,2.8987827,2.7959733,-0.02641645,-0.03365066,-0.116739765,-0.13087164,-0.18219589,-0.21205938,-0.2641964,-0.29362962,-0.3270648,-0.35832202,-0.39080787,-0.40320998,-0.42783788,-0.46207702,-0.48331642,-0.49780458,-0.5213523,-0.5533604,-0.57602847,-0.5871437,-0.6028843,-0.6325327,-0.66845185,-0.68728185,-0.7030768,-0.71749735,-0.7343459,-0.74965584,-0.7592074,-0.7604763,-0.75029093,-0.75220597,-0.7583138,-0.7643099,-0.7701537,-0.77297217,-0.7701263,-0.77089375,-0.77169704,-0.7726513,-0.7737987,-0.7775787,-0.77593994,-0.7732298,-0.7627305,-0.7597189,-0.7416548,-0.7278491,-0.7259365,-0.7302619,-0.722373,-0.7217848,-0.7118443,-0.6981359,-0.6942894,-0.69074035,-0.68706805,-0.67727834,-0.6738837,-0.6719649,-0.66403246,-0.66173464,-0.6583166,-0.6479069,-0.6438111,-0.63851935,-0.6337779,-0.6295938,-0.6250016,-0.6219346,-0.61887103,-0.6137151,-0.61264324,-0.61318153,-0.613255,-0.61263245,-0.6143016,-0.61615884,-0.61112535,-0.6030155,-0.5965938,-0.59102947,-0.5844035,-0.5799134,-0.57877785,-0.57927746,-0.5783711,-0.5726105,-0.5637016,-0.5541536,-0.5501532,-0.54529095,-0.54028386,-0.53395116,-0.52575904,-0.51899415,-0.51413953,-0.5088669,-0.5040286,-0.49748787,-0.49036968,-0.48317665,-0.46143603,-0.45097962,-0.4418156,-0.43347183,-0.42643502,-0.42137423,-0.4176872,-0.41616005,-0.41365242,-0.40183032,-0.3839541,-0.3588906,-0.328896,-0.2949363,-0.2627312,-0.2422184,-0.23050325,-0.21184278,-0.19458559,-0.18105666,-0.16921034,-0.159239,-0.15306744,-0.14690384,-0.13715805,-0.13027038,-0.12124977,-0.11360231,-0.10829329,-0.10203814,-0.09797856,-0.09141498,-0.085319296,0.91059303,0.9053171,0.86665016,0.8473771,0.8293523,0.7869015,0.7433331,0.6691136,0.6304891,0.5846613,0.56653315,0.5618329,0.53541577,0.5192167,0.48933664,0.49585202,0.47895536,0.4774709,0.47381368,0.44713587,0.4609493,0.45234624,0.44824305,0.43439636,0.4326204,0.44231653,0.43608862,0.41595906,0.42678934,0.4387818,0.43998352,0.42983082,0.4241073,0.4376242,0.4414246,0.44821504,0.43634853,0.45123503,0.41937888,0.42822215,0.39970082,0.40879834,0.41187122,0.41392082,0.38655487,0.404633,0.4205517,0.43255445,-0.10631597,-0.09368071,-0.07985838,-0.06549771,-0.050992023,-0.0365992,-0.022508353,-0.008789031,0.004540522,0.017318293,0.029548798,0.041224264,0.05233342,0.06289612,0.07287234,0.08223777,0.09105231,0.099303216,0.10690966,0.113978565,0.1205771,0.12629573,0.13132021,0.13585714,0.14000471,0.15201749,0.15567654,0.158787,0.16331474,0.17222804,0.18473586,0.19904783,0.21977542,0.2276353,0.23845854,0.23899813,0.23520981,0.23818415,0.23476702,0.23723152,0.24962623,0.25180903,0.21101493,0.21145576,0.21131274,0.22552168,0.23859043,0.23667048,0.22839302,0.25374055,0.25353906,0.24828024,0.21111919,0.21506584,0.23560104,0.2644334,0.2549245,0.25392765,0.25188756,0.26131833,0.24309666,0.24915366,0.2437144,0.26546252,0.29613727,0.29730543,0.28262535,0.31143984,0.29624686,0.28593582,0.3717739,0.4134941,0.38153735,0.38812485,0.40732944,0.42864153,0.42518717,0.45915616,0.43070468,0.48832816,0.4620464,0.42705142,0.4324377,0.47611353,0.50412357,0.52132154,0.545759,0.58581233,0.61194974,0.62316036,0.6899779,0.7119458,0.60932314,0.68019557,0.74191546,0.71196735,0.7406293,0.7768479,0.7682302,0.78180474,0.84749466,0.8147511,0.80787176,0.852379,0.8848879,0.91725695,0.9742222,0.9711446,0.9850974,0.99490184,1.0192006,1.1113462,1.0661399,1.0915444,1.070766,1.10446,1.1495283,1.1988463,1.1960431,1.3079401,1.2830344,1.3282794,1.3041149,1.3425124,1.4101543,1.3855746,1.4603643,1.4600511,1.4502153,1.5343399,1.4767482,1.44244,1.4558544,1.5691707,1.56753,1.5316446,1.4960048,1.5620192,1.495532,1.5267423,1.4962196,1.4623752,1.4800081,1.4850903,1.4369383,-0.057516903,-0.07131701,-0.09762358,-0.10504564,-0.101740606,-0.11392742,-0.11420745,-0.09286896,-0.07902493,-0.06871308,-0.06788315,-0.05572766,-0.03607534,-0.028072266,-0.033185203,-0.022853658,-0.02994593,-0.035565306,-0.03679459,-0.06081654,-0.048655372,-0.040024955,-0.045916762,-0.03680387,-0.039962526,-0.039918754,-0.040529903,-0.04870235,-0.03774514,-0.027099483,-0.021618128,-0.013707673,1.461445,1.4101987,1.3715497,1.3861362,1.3428898,-0.09227619,-0.114527196,-0.12778667,-0.14613952,-0.16701904,-0.18768744,-0.20901147,-0.23971002,-0.26597288,-0.27247655,-0.2753154,-0.29572895,-0.30907327,-0.32155567,-0.33623683,-0.34858158,-0.36491853,-0.36941212,-0.3803962,-0.39014137,-0.39427394,-0.41155237,-0.42910197,-0.43838415,-0.44446433,-0.446679,-0.45482385,-0.46053314,-0.4664067,-0.46592727,-0.46375254,-0.46543005,-0.4671446,-0.46960562,-0.47165996,-0.46805844,-0.46786124,-0.4673301,-0.46650934,-0.46042943,-0.46011534,-0.46112975,-0.45951116,-0.45750925,-0.44579,-0.43510932,-0.42938766,-0.42234492,-0.42110813,-0.4227219,-0.42224538,-0.42135495,-0.41869977,-0.41593108,-0.4135055,-0.41123933,-0.4089175,-0.4065546,-0.4043537,-0.39751413,-0.39726827,-0.39558366,-0.3933623,-0.3909896,-0.3884432,-0.3853112,-0.38246208,-0.37990475,-0.377136,-0.37513256,-0.3731175,-0.3700805,-0.36907083,-0.3688249,-0.3683493,-0.3603686,-0.36066723,-0.36104584,-0.3580872,-0.35366893,-0.34178656,-0.33871934,-0.33516303,-0.33263373,-0.33167866,-0.3314879,-0.3306266,-0.32748213,-0.32287097,-0.32037103,-0.31806648,-0.30852434,-0.3058072,-0.298174,-0.29407212,-0.28572893,-0.283212,-0.2757521,-0.2732797,-0.27007014,-0.26265842,-0.25923005,-0.25484294,-0.24992599,-0.24174637,-0.23785698,-0.2345383,-0.23207216,-0.23018892,-0.22922313,-0.22782308,-0.2242694,-0.21059139,-0.19976552,-0.18692002,-0.17250688,-0.15894489,-0.15037355,-0.14548594,-0.13764873,-0.13036531,-0.1245626,-0.11937541,-0.11489295,-0.11190241,-0.1087741,-0.104073636,-0.10048733,-0.09689474,-0.093507394,-0.090360045,-0.087321945,-0.08498439,-0.082040355,-0.07860432,0.33616787,0.33325022,0.328924,0.32257614,0.31826618,0.30657434,0.28673026,0.25834945,0.23719637,0.22004199,0.20882446,0.19705221,0.18718587,0.17972445,0.16919947,0.16598123,0.16623706,0.16377413,0.1582031,0.15663268,0.15189506,0.14580843,0.14285357,0.13938151,0.13760547,0.13198398,0.1348175,0.13310085,0.13578305,0.13502467,0.13032113,0.1349729,0.13253611,0.13372447,0.13325097,0.13899495,0.14359497,0.1446405,0.14305548,0.14004327,0.13365206,0.12570107,0.122475535,0.11700928,0.10296165,0.10453117,0.10298054,0.103349954,-0.09112798,-0.080643006,-0.06911604,-0.05708826,-0.044899732,-0.03276701,-0.020842602,-0.0091977585,0.0021199877,0.013028243,0.023511453,0.03355147,0.043140937,0.05229459,0.061006214,0.06920661,0.076919325,0.084230155,0.09109027,0.09756221,0.103723295,0.10927553,0.11441746,0.119246095,0.12374768,0.12770192,0.13116324,0.1340119,0.143211,0.15365165,0.15670854,0.16877514,0.18292134,0.19068094,0.17978132,0.18568105,0.18647878,0.18282399,0.18950969,0.1858638,0.17406325,0.1937158,0.20175393,0.19457944,0.19585854,0.20142876,0.19497976,0.20696832,0.20050257,0.21784121,0.22790687,0.20767227,0.22645083,0.2217528,0.22205822,0.22585951,0.22882663,0.20553702,0.22465461,0.23095338,0.21107109,0.20071101,0.20078589,0.20001714,0.20440441,0.21109293,0.22551385,0.24036592,0.23239474,0.2375786,0.27300256,0.26677892,0.2464482,0.23732115,0.24801917,0.2927205,0.24493787,0.2731484,0.26101932,0.21808404,0.23542601,0.25106704,0.25901562,0.28625387,0.28887504,0.30487207,0.33757475,0.33511814,0.3529368,0.34948283,0.34333766,0.36117113,0.3667275,0.36909634,0.35649654,0.4194004,0.4159653,0.41443652,0.40304762,0.44647667,0.45491317,0.4429461,0.40942204,0.46569344,0.47192252,0.51582485,0.5491369,0.5622849,0.55542076,0.52634996,0.5451912,0.57487273,0.6069955,0.6043319,0.6567569,0.6367283,0.61635715,0.6596236,0.66069466,0.6997511,0.7202648,0.69287145,0.72979414,0.8018245,0.73498243,0.77615726,0.77627283,0.7622958,0.7442545,0.75570375,0.77534616,0.83163524,0.7602803,0.83117193,0.81861955,0.8484374,0.85634977,0.75871867,0.746249,0.7145578,0.70268786,0.70858544,0.6970492,0.70271903,0.6876278,-0.07207013,-0.05993489,-0.06559715,-0.068421766,-0.0754384,-0.08854053,-0.07513556,-0.06837526,-0.063626386,-0.062444076,-0.052628845,-0.050969977,-0.038865395,-0.028740775,-0.021206398,-0.027216112,-0.015270509,-0.03564601,-0.0403472,-0.03850717,-0.05263514,-0.050541777,-0.03828017,-0.039297912,-0.043272868,-0.047272246,-0.049408685,-0.04680679,-0.034902625,-0.034360595,-0.04269392,-0.04963643,0.6836825,0.6923894,0.661758,0.65743893,0.6360997,-0.07913861,-0.08809336,-0.09697737,-0.112207785,-0.11437246,-0.13352428,-0.1410818,-0.14793889,-0.1544925,-0.16104099,-0.1680233,-0.17740051,-0.18328533,-0.19314538,-0.19973981,-0.2003621,-0.20636477,-0.21134672,-0.2194448,-0.22342561,-0.22704484,-0.23139286,-0.23982738,-0.2449707,-0.24888071,-0.25070992,-0.2548851,-0.2581212,-0.26030663,-0.260494,-0.2592123,-0.25934106,-0.26029342,-0.26112446,-0.26198676,-0.26331073,-0.2633159,-0.2628433,-0.2626185,-0.26219165,-0.2619603,-0.26237258,-0.26145098,-0.26030764,-0.25922745,-0.2520795,-0.24891452,-0.24512215,-0.24439928,-0.24508189,-0.24462618,-0.24397732,-0.24240708,-0.24079055,-0.23936462,-0.23801705,-0.2366602,-0.23526588,-0.23394628,-0.23300087,-0.23267622,-0.2315905,-0.23024319,-0.22882256,-0.22731389,-0.22550489,-0.22385153,-0.22235392,-0.21189716,-0.21073326,-0.20956577,-0.20788714,-0.207222,-0.2069393,-0.20652759,-0.20593628,-0.2059145,-0.20593506,-0.20425129,-0.20183167,-0.19985178,-0.19809522,-0.19009162,-0.1886631,-0.18802746,-0.1877742,-0.18717931,-0.18542714,-0.1829438,-0.18153296,-0.1802227,-0.17871071,-0.17717043,-0.17532447,-0.1663708,-0.1645118,-0.16309583,-0.16158357,-0.16016679,-0.15836412,-0.15643646,-0.15450346,-0.15206614,-0.14935312,-0.14695808,-0.1447626,-0.14287688,-0.14144585,-0.14032853,-0.13970241,-0.13884068,-0.13682784,-0.13241611,-0.12253535,-0.11562628,-0.10790254,-0.10066139,-0.09608705,-0.09344591,-0.08920722,-0.085237116,-0.07987156,-0.07700815,-0.07446941,-0.0726457,-0.07071865,-0.06792587,-0.06571347,-0.06342789,-0.061128132,-0.058980662,-0.056937844,-0.05528426,-0.053230826,-0.05104554,0.17185546,0.17008486,0.167145,0.16371259,0.1601156,0.15324517,0.14115812,0.12685373,0.1172024,0.10958708,0.10411758,0.10110987,0.093241856,0.088099994,0.08328562,0.08034645,0.08024069,0.07807706,0.07381321,0.07299637,0.07300948,0.07043941,0.069258496,0.06704224,0.064539045,0.06227041,0.061279766,0.06054317,0.056314096,0.05528801,0.058007978,0.06003147,0.059808284,0.05839321,0.056894034,0.061978757,0.062991634,0.061105393,0.053204987,0.052679885,0.049083482,0.045206983,0.042552948,0.0360256,0.03898114,0.038244672,0.035476834,0.034575693,-0.030375991,-0.024808269,-0.019041007,-0.013235485,-0.0074816905,-0.0018196402,0.0037196376,0.009132817,0.014419302,0.019580118,0.02463563,0.029591583,0.034465514,0.0392591,0.043975092,0.048488367,0.052943386,0.05737236,0.061779607,0.06617479,0.07052234,0.07487313,0.079275906,0.08356534,0.08711954,0.09046948,0.093648456,0.09651742,0.09939231,0.112532094,0.11601594,0.118747264,0.1217989,0.13215038,0.14709798,0.1507468,0.14528319,0.14849658,0.14332032,0.14585048,0.14818946,0.1628074,0.13972075,0.14197046,0.1475685,0.149251,0.12171917,0.13404001,0.13098677,0.1340717,0.12325349,0.1294001,0.13059182,0.13698786,0.12681799,0.13689797,0.1455874,0.14489931,0.1593164,0.15641479,0.15452681,0.15361618,0.15669607,0.15152493,0.15686175,0.15269698,0.15446971,0.16614816,0.16273579,0.16871868,0.17402078,0.20258513,0.18774118,0.18935633,0.18828116,0.21034105,0.2139267,0.21191828,0.20746768,0.20825088,0.20449105,0.21076201,0.21392256,0.20173673,0.2105802,0.24606048,0.24171284,0.24553183,0.2571801,0.26145035,0.27979952,0.26078722,0.24501435,0.26744118,0.23930326,0.25793794,0.28176838,0.28274068,0.30226138,0.28970167,0.2890118,0.27919567,0.29342696,0.2788349,0.31326205,0.31460622,0.30143666,0.34374556,0.3502958,0.3589718,0.38086298,0.41062218,0.42181692,0.42921576,0.43050575,0.4217159,0.45916787,0.44422403,0.4467607,0.47583675,0.47331706,0.4631691,0.44338775,0.49004743,0.5160657,0.5065079,0.5084303,0.5006164,0.4812131,0.5367596,0.5326614,0.49388847,0.4921236,0.49810013,0.5109444,0.5126818,0.5339793,0.47666824,0.50481373,0.47097147,0.4750274,0.50058615,0.49334228,0.45521957,0.44723472,-0.05865243,-0.04932355,-0.0531171,-0.055020943,-0.065414965,-0.06636083,-0.05952058,-0.060002998,-0.0518898,-0.043748375,-0.04608431,-0.040268067,-0.03791573,-0.033739857,-0.03139228,-0.0310049,-0.03411762,-0.038390838,-0.039811675,-0.04422894,-0.04990462,-0.047524106,-0.04441104,-0.042584687,-0.04524549,-0.038829498,-0.046222266,-0.04718738,-0.035217736,-0.034702405,-0.041611258,-0.04505337,0.43963635,0.42145553,0.39715955,0.37876442,0.38670322,-0.07208702,-0.07760086,-0.08326743,-0.088294834,-0.09256874,-0.09699144,-0.10448974,-0.10942048,-0.116244234,-0.114576206,-0.12364685,-0.12787504,-0.12686174,-0.13120037,-0.13649242,-0.14151663,-0.14344485,-0.14511733,-0.14817724,-0.14929216,-0.15065786,-0.15378392,-0.15948708,-0.16145884,-0.16370517,-0.15874606,-0.16109206,-0.16239302,-0.1635292,-0.16371481,-0.16259271,-0.16279228,-0.1631798,-0.16338104,-0.16360962,-0.16435441,-0.16407335,-0.1637224,-0.16324748,-0.16282529,-0.16257316,-0.16266555,-0.161947,-0.16115357,-0.16042066,-0.15962712,-0.15766197,-0.15533844,-0.15484947,-0.15518466,-0.1548298,-0.15436243,-0.15334655,-0.15230489,-0.15139687,-0.15053582,-0.14965108,-0.1487472,-0.1478976,-0.14727536,-0.14702724,-0.14632376,-0.14545257,-0.1445333,-0.14356369,-0.14240848,-0.14135349,-0.13344267,-0.13247104,-0.1317281,-0.1309822,-0.12992582,-0.12948808,-0.12927689,-0.12899145,-0.12859891,-0.12854664,-0.12851562,-0.127468,-0.12598696,-0.124770045,-0.123685375,-0.12245186,-0.12153826,-0.12111386,-0.12091721,-0.12051077,-0.11940004,-0.11783882,-0.11693755,-0.10831115,-0.10331629,-0.10243662,-0.10138601,-0.10009762,-0.09900275,-0.0981596,-0.09726292,-0.096423134,-0.09536484,-0.0942357,-0.093103744,-0.09168447,-0.09010857,-0.08871236,-0.08368142,-0.08262913,-0.08182631,-0.08119285,-0.080824465,-0.08032821,-0.07920398,-0.07677798,-0.073475815,-0.069595195,-0.065273464,-0.061236348,-0.058702447,-0.05724805,-0.054916892,-0.05274228,-0.050992377,-0.049406193,-0.04801004,-0.04702496,-0.04597243,-0.044440947,-0.043250177,-0.0420109,-0.040754966,-0.03962915,-0.038522203,-0.037640348,-0.036531776,-0.035318438,0.087993674,0.087076604,0.08546151,0.083867274,0.08298833,0.07950723,0.07270561,0.06443142,0.058492243,0.054168392,0.05109271,0.047930956,0.044673886,0.04178365,0.039150476,0.037577458,0.03608798,0.034770615,0.03336782,0.03148109,0.029952861,0.02843516,0.027809191,0.026590355,0.02574995,0.024619555,0.024185171,0.023860594,0.023208639,0.022569578,0.022570523,0.022708299,0.022696557,0.021940792,0.021957057,0.022065938,0.023497581,0.020695876,0.019095443,0.01849567,0.015744543,0.015678791,0.0140088,0.013423275,0.0115595665,0.011544725,0.011372516,0.010989953
Tax70,0.0,-2.17665,-1.8784426,-1.5757318,-1.2754695,-0.97320116,-0.6907565,-0.41768044,-0.14944783,0.102361575,0.34465566,0.5780003,0.8025156,1.0194851,1.227958,1.4270456,1.624902,1.8548139,2.0509756,2.2496822,2.4533842,2.7358954,2.923348,3.0831032,3.251299,3.463167,3.712168,3.8884113,4.2193923,4.2704816,4.558448,4.7020755,5.051914,5.225022,5.5615973,5.7995696,6.0687637,6.1787724,6.098876,6.2881846,6.3798637,6.545133,6.9112444,7.3912067,7.606155,7.844034,8.178718,8.322109,8.354578,7.951187,8.124278,8.151665,7.961704,8.270399,8.225011,8.040417,7.834745,8.105542,7.8892794,7.4372444,6.8890033,6.568411,6.186638,5.814208,5.96999,6.0846624,-0.9081674,-0.823811,6.730795,6.9146495,7.1362867,7.348211,7.392689,-0.63333136,7.741697,-0.61072654,-0.5467205,-0.38237098,-0.29620746,-0.25087184,-0.10051328,-0.071538456,-0.103993356,0.033090476,0.14138581,0.33938658,9.572732,9.352047,9.576224,9.767653,9.991543,10.032989,10.259125,10.093183,9.7439575,9.2606125,8.936715,9.112999,8.770508,8.622192,8.249837,8.174793,8.186391,7.762698,7.670447,7.669419,7.3719754,7.344053,7.1228724,6.896278,6.802657,6.6298304,6.275547,5.9558325,5.457319,-4.163296,-4.0948124,-4.088043,-4.1887097,-4.1940527,-4.2946343,-4.4339657,-4.5607176,-4.7028303,-4.7998605,-4.888064,-4.9648123,-5.207309,-5.4660354,-5.579635,-5.714789,-5.765107,-5.8838553,-5.9165974,-5.984854,-6.1069922,-6.1390233,-6.2226987,-6.314671,-6.4253345,-6.522863,-6.550235,-6.568268,-6.545552,-6.5002294,-6.4154844,-6.3012843,-6.244434,-6.158387,-6.087026,-5.9940095,-5.8145156,-5.565021,-5.2927513,-5.0776377,-4.872957,-4.6110926,-4.42501,-4.2213097,-4.095877,-3.9855006,-3.8656104,-3.8274786,-3.7595801,-3.6942062,-3.6571107,-3.585314,-3.4438982,-3.3647168,-3.2734199,-3.1682024,-3.0823464,-2.9756985,-2.9250076,-2.7957265,-2.6835315,-2.62797,-2.594937,-2.5247219,-2.4263012,-2.3222332,-2.2660725,-2.3331704,-2.390282,-2.4186635,-2.402855,-2.396573,-2.353351,-2.2840097,-2.2220528,-2.179243,-2.0949807,-2.0359187,-1.960333,-1.9298966,-1.8837903,-1.8484492,-1.7818711,-1.7113615,-1.6433965,-1.5922257,-1.5387189,-1.4960915,-1.4541321,-1.3840404,-1.3431275,-1.3006041,-1.252588,-1.2249658,-1.1694674,-1.1327199,-1.0740215,-1.016021,-0.972087,-0.9119094,-0.8833318,-0.8109898,-0.78970045,-0.7629999,-0.7377458,-0.7092495,-0.6885282,-0.6556804,-0.6081267,-0.5621419,-0.5229783,-0.48975718,-0.4754841,-0.44330686,-0.42343143,-0.3858291,-0.36328804,-0.33625394,-0.31727493,-0.30130032,-0.28495014,-0.2755167,-0.24551034,-0.2369563,-0.22554435,-0.20817867,-0.20374525,-0.17929381,-0.16504346,-0.15763505,-0.14005025,-0.13456698,-0.13170278,-0.12669525,-0.11635857,-0.113873996,-0.10932444,-0.09701444,-0.09195597,-0.08477707,-0.07310874,-0.06418661,-0.060577944,-0.05929524,-0.058043245,-0.052624814,-0.05150095,-0.048562873,-0.04476185,-0.03719033,-0.036392465,-0.033641398,-0.0329278,-0.029961253,-0.027519101,-0.023317756,-0.022816684,-0.018738125,-0.016541978,-0.014356928,-0.012243728,-0.01198077,-0.00992867,-0.007909434,-0.0059460746,-0.0058186133,-0.0020615873,-0.0020171665,-0.0019736942,-0.0019310291,-0.0018889458,-0.0018476672,0.0,0.0,0.0,0.0,0.0,0.0,0.0,0.0,0.0,0.0,0.0,0.0,0.0,0.0,0.0,0.0,0.0,0.0,0.0,0.0,0.0,0.0,0.0,0.0,0.0,0.0,0.0,0.0,0.0,0.0,0.0,0.0,0.0,0.0,0.0,0.0,0.0,0.0,0.0,0.0,0.0,0.0,0.0,0.0,0.0,0.0,0.0,0.0,0.0,0.0,0.0,0.0,0.0,0.0,0.0,0.0,0.0,0.0,0.0,0.0,0.0,0.0,0.0,0.0,0.0,0.0,0.0,0.0,0.0,0.0,0.0,0.0,0.0,0.0,0.0,0.0,0.0,0.0,0.0,0.0,0.0,0.0,0.0,0.0,0.0,0.0,0.0,0.0,0.0,0.0,0.0,0.0,0.0,0.0,0.0,0.0,0.0,0.0,0.0,0.0,0.0,0.0,0.0,0.0,0.0,0.0,0.0,0.0,0.0,0.0,0.0,0.0,0.0,0.0,0.0,0.0,0.0,0.0,0.0,0.0,0.0,0.0,0.0,0.0,0.0,0.0,0.0,0.0,0.0,0.0,0.0,0.0,0.0,0.0,0.0,0.0,0.0,0.0,0.0,0.0,0.0,0.0,0.0,0.0,0.0,0.0,0.0,0.0,0.0,0.0,0.0,0.0,0.0,0.0,0.0,0.0,0.0,0.0,0.0,0.0,0.0,0.0,0.0,0.0,0.0,0.0,0.0,0.0,0.0,0.0,0.0,0.0,0.0,0.0,0.0,0.0,0.0,0.0,0.0,0.0,0.0,0.0,0.0,0.0,0.0,0.0,0.0,0.0,0.0,0.0,0.0,0.0,0.0,0.0,0.0,0.0,0.0,0.0,0.0,0.0,0.0,0.0,0.0,0.0,0.0,0.0,0.0,0.0,0.0,0.0,0.0,0.0,0.0,0.0,0.0,0.0,0.0,0.0,0.0,0.0,0.0,0.0,0.0,0.0,0.0,0.0,0.0,0.0,0.0,0.0,0.0,0.0,0.0,0.0,0.0,0.0,0.0,0.0,0.0,0.0,0.0,0.0,0.0,0.0,0.0,0.0,0.0,0.0,0.0,0.0,0.0,0.0,0.0,0.0,0.0,0.0,0.0,0.0,0.0,0.0,0.0,0.0,0.0,0.0,0.0,0.0,0.0,0.0,0.0,0.0,0.0,0.0,0.0,0.0,0.0,0.0,0.0,0.0,0.0,0.0,0.0,0.0,0.0,0.0,0.0,0.0,0.0,0.0,0.0,0.0,0.0,0.0,0.0,0.0,0.0,0.0,0.0,0.0,0.0,0.0,0.0,0.0,0.0,0.0,0.0,0.0,0.0,0.0,0.0,0.0,0.0,0.0,0.0,0.0,0.0,0.0,0.0,0.0,0.0,0.0,0.0,0.0,0.0,0.0,0.0,0.0,0.0,0.0,0.0,0.0,0.0,0.0,0.0,0.0,0.0,0.0,0.0,0.0,0.0,0.0,0.0,0.0,0.0,0.0,0.0,0.0,0.0,0.0,0.0,0.0,0.0,0.0,0.0,0.0,0.0,0.0,0.0,0.0,0.0,0.0,0.0,0.0,0.0,0.0,0.0,0.0,0.0,0.0,0.0,0.0,0.0,0.0,0.0,0.0,0.0,0.0,0.0,0.0,0.0,0.0,0.0,0.0,0.0,0.0,0.0,0.0,0.0,0.0,0.0,0.0,0.0,0.0,0.0,0.0,0.0,0.0,0.0,0.0,0.0,0.0,0.0,0.0,0.0,0.0,0.0,0.0,0.0,0.0,0.0,0.0,0.0,0.0,0.0,0.0,0.0,0.0,0.0,0.0,0.0,0.0,0.0,0.0,0.0,0.0,0.0,0.0,0.0,0.0,0.0,0.0,0.0,0.0,0.0,0.0,0.0,0.0,0.0,0.0,0.0,0.0,0.0,0.0,0.0,0.0,0.0,0.0,0.0,0.0,0.0,0.0,0.0,0.0,0.0,0.0,0.0,0.0,0.0,0.0,0.0,0.0,0.0,0.0,0.0,0.0,0.0,0.0,0.0,0.0,0.0,0.0,0.0,0.0,0.0,0.0,0.0,0.0,0.0,0.0,0.0,0.0,0.0,0.0,0.0,0.0,0.0,0.0,0.0,0.0,0.0,0.0,0.0,0.0,0.0,0.0,0.0,0.0,0.0,0.0,0.0,0.0,0.0,0.0,0.0,0.0,0.0,0.0,0.0,0.0,0.0,0.0,0.0,0.0,0.0,0.0,0.0,0.0,0.0,0.0,0.0,0.0,0.0,0.0,0.0,0.0,0.0,0.0,0.0,0.0,0.0,0.0,0.0,0.0,0.0,0.0,0.0,0.0,0.0,0.0,0.0,0.0,0.0,0.0,0.0,0.0,0.0,0.0,0.0,0.0,0.0,0.0,0.0,0.0,0.0,0.0,0.0,0.0,0.0,0.0,0.0,0.0,0.0,0.0,0.0,0.0,0.0,0.0,0.0,0.0,0.0,0.0,0.0,0.0,0.0,0.0,0.0,0.0,0.0,0.0,0.0,0.0,0.0,0.0,0.0,0.0,0.0,0.0,0.0,0.0,0.0,0.0,0.0,0.0,0.0,0.0,0.0,0.0,0.0,0.0,0.0,0.0,0.0,0.0,0.0,0.0,0.0,0.0,0.0,0.0,0.0,0.0,0.0,0.0,0.0,0.0,0.0,0.0,0.0,0.0,0.0,0.0,0.0,0.0,0.0,0.0,0.0,0.0,0.0,0.0,0.0,0.0,0.0,0.0,0.0,0.0,0.0,0.0,0.0,0.0,0.0,0.0,0.0,0.0,0.0,0.0,0.0,0.0,0.0,0.0,0.0,0.0,0.0,0.0,0.0,0.0,0.0,0.0,0.0,0.0,0.0,0.0,0.0,0.0,0.0,0.0,0.0,0.0,0.0,0.0,0.0,0.0,0.0,0.0,0.0,0.0,0.0,0.0,0.0,0.0,0.0,0.0,0.0,0.0,0.0,0.0,0.0,0.0,0.0,0.0,0.0,0.0,0.0,0.0,0.0,0.0,0.0,0.0,0.0,0.0,0.0,0.0,0.0,0.0,0.0,0.0,0.0,0.0,0.0,0.0,0.0,0.0,0.0,0.0,0.0,0.0,0.0,0.0,0.0,0.0,0.0,0.0,0.0,0.0,0.0,0.0,0.0,0.0,0.0,0.0,0.0,0.0,0.0,0.0,0.0,0.0,0.0,0.0,0.0,0.0,0.0,0.0,0.0,0.0,0.0,0.0,0.0,0.0,0.0,0.0,0.0,0.0,0.0,0.0,0.0,0.0,0.0,0.0,0.0,0.0,0.0,0.0,0.0,0.0,0.0,0.0,0.0,0.0,0.0,0.0,0.0,0.0,0.0,0.0,0.0,0.0,0.0,0.0,0.0,0.0,0.0,0.0,0.0,0.0,0.0,0.0,0.0,0.0,0.0,0.0,0.0,0.0,0.0,0.0,0.0,0.0,0.0,0.0,0.0,0.0,0.0,0.0,0.0,0.0,0.0,0.0,0.0,0.0,0.0,0.0,0.0,0.0,0.0,0.0,0.0,0.0,0.0,0.0,0.0,0.0,0.0,0.0,0.0,0.0,0.0,0.0,0.0,0.0,0.0,0.0,0.0,0.0,0.0,0.0,0.0,0.0,0.0,0.0,0.0,0.0,0.0,0.0,0.0,0.0,0.0,0.0,0.0,0.0,0.0,0.0,0.0,0.0,0.0,0.0,0.0,0.0,0.0,0.0,0.0,0.0,0.0,0.0,0.0,0.0,0.0,0.0,0.0,0.0,0.0,0.0,0.0,0.0,0.0,0.0,0.0,0.0,0.0,0.0,0.0,0.0,0.0,0.0,0.0,0.0,0.0,0.0,0.0,0.0,0.0,0.0,0.0,0.0,0.0,0.0,0.0,0.0,0.0,0.0,0.0,0.0,0.0,0.0,0.0,0.0,0.0,0.0,0.0,0.0,0.0,0.0,0.0,0.0,0.0,0.0,0.0,0.0,0.0,0.0,0.0,0.0,0.0,0.0,0.0,0.0,0.0,0.0,0.0,0.0,0.0,0.0,0.0,0.0,0.0,0.0,0.0,0.0,0.0,0.0,0.0,0.0,0.0,0.0,0.0,0.0,0.0,0.0,0.0,0.0,0.0,0.0,0.0,0.0,0.0,0.0,0.0,0.0,0.0,0.0,0.0,0.0,0.0,0.0,0.0,0.0,0.0,0.0,0.0,0.0,0.0,0.0,0.0,0.0,0.0,0.0,0.0,0.0,0.0,0.0,0.0,0.0,0.0,0.0,0.0,0.0,0.0,0.0,0.0,0.0,0.0,0.0,0.0,0.0,0.0,0.0,0.0,0.0,0.0,0.0,0.0,0.0,0.0,0.0,0.0,0.0,0.0,0.0,0.0,0.0,0.0,0.0,0.0,0.0,0.0,0.0,0.0,0.0,0.0,0.0,0.0,0.0,0.0,0.0,0.0,0.0,0.0,0.0,0.0,0.0,0.0,0.0,0.0,0.0,0.0,0.0,0.0,0.0,0.0,0.0,0.0,0.0,0.0,0.0,0.0,0.0,0.0,0.0,0.0,0.0,0.0,0.0,0.0,0.0,0.0,0.0,0.0,0.0,0.0,0.0,0.0,0.0,0.0,0.0,0.0,0.0,0.0,0.0,0.0,0.0,0.0,0.0,0.0,0.0,0.0,0.0,0.0,0.0,0.0,0.0,0.0,0.0,0.0,0.0,0.0,0.0,0.0,0.0,0.0,0.0,0.0,0.0,0.0,0.0,0.0,0.0,0.0,0.0,0.0,0.0,0.0,0.0,0.0,0.0,0.0,0.0,0.0,0.0,0.0,0.0,0.0,0.0,0.0,0.0,0.0,0.0,0.0,0.0,0.0,0.0,0.0,0.0,0.0,0.0,0.0,0.0,0.0,0.0,0.0,0.0,0.0,0.0,0.0,0.0,0.0,0.0,0.0,0.0,0.0,0.0,0.0,0.0,0.0,0.0,0.0,0.0,0.0,0.0,0.0,0.0,0.0,0.0,0.0,0.0,0.0,0.0,0.0,0.0,0.0,0.0,0.0,0.0,0.0,0.0,0.0,0.0,0.0,0.0,0.0,0.0,0.0,0.0,0.0,0.0,0.0,0.0,0.0,0.0,0.0,0.0,0.0,0.0,0.0,0.0,0.0,0.0,0.0,0.0,0.0,0.0,0.0,0.0,0.0,0.0,0.0,0.0,0.0,0.0,0.0,0.0,0.0,0.0,0.0,0.0,0.0,0.0,0.0,0.0,0.0,0.0,0.0,0.0,0.0,0.0,0.0,0.0,0.0,0.0,0.0,0.0,0.0,0.0,0.0,0.0,0.0,0.0,0.0,0.0,0.0,0.0,0.0,0.0,0.0,0.0,0.0,0.0,0.0,0.0,0.0,0.0,0.0,0.0,0.0,0.0,0.0,0.0,0.0,0.0,0.0,0.0,0.0,0.0,0.0,0.0,0.0,0.0,0.0,0.0,0.0,0.0,0.0,0.0,0.0,0.0,0.0,0.0,0.0,0.0,0.0,0.0,0.0,0.0,0.0,0.0,0.0,0.0,0.0,0.0,0.0,0.0,0.0,0.0,0.0,0.0,0.0,0.0,0.0,0.0,0.0,0.0,0.0,0.0,0.0,0.0,0.0,0.0,0.0,0.0,0.0,0.0,0.0,0.0,0.0,0.0,0.0,0.0,0.0,0.0,0.0,0.0,0.0,0.0,0.0,0.0,0.0,0.0,0.0,0.0,0.0,0.0,0.0,0.0,0.0,0.0,0.0,0.0,0.0,0.0,0.0,0.0,0.0,0.0,0.0,0.0,0.0,0.0,0.0,0.0,0.0,0.0,0.0,0.0,0.0,0.0,0.0,0.0,0.0,0.0,0.0,0.0,0.0,0.0,0.0,0.0,0.0,0.0,0.0,0.0,0.0,0.0,0.0,0.0,0.0,0.0,0.0,0.0,0.0,0.0,0.0,0.0,0.0,0.0,0.0,0.0,0.0,0.0,0.0,0.0,0.0,0.0,0.0,0.0,0.0,0.0,0.0,0.0,0.0,0.0,0.0,0.0,0.0,0.0,0.0,0.0,0.0,0.0,0.0,0.0,0.0,0.0,0.0,0.0,0.0,0.0,0.0,0.0,0.0,0.0,0.0,0.0,0.0,0.0,0.0,0.0,0.0,0.0,0.0,0.0,0.0,0.0,0.0,0.0,0.0,0.0,0.0,0.0,0.0,0.0,0.0,0.0,0.0,0.0,0.0,0.0,0.0,0.0,0.0,0.0,0.0,0.0,0.0,0.0,0.0,0.0,0.0,0.0,0.0,0.0,0.0,0.0,0.0,0.0,0.0,0.0,0.0,0.0,0.0,0.0,0.0,0.0,0.0,0.0,0.0,0.0,0.0,0.0,0.0,0.0,0.0,0.0,0.0,0.0,0.0,0.0,0.0,0.0,0.0,0.0,0.0,0.0,0.0,0.0,0.0,0.0,0.0,0.0,0.0,0.0,0.0,0.0,0.0,0.0,0.0,0.0,0.0,0.0,0.0,0.0,0.0,0.0,0.0,0.0,0.0,0.0,0.0,0.0,0.0,0.0,0.0,0.0,0.0,0.0,0.0,0.0,0.0,0.0,0.0,0.0,0.0,0.0,0.0,0.0,0.0,0.0,0.0,0.0,0.0,0.0,0.0,0.0,0.0,0.0,0.0,0.0,0.0,0.0,0.0,0.0,0.0,0.0,0.0,0.0,0.0,0.0,0.0,0.0,0.0,0.0,0.0,0.0,0.0,0.0,0.0,0.0,0.0,0.0,0.0,0.0,0.0,0.0,0.0,0.0,0.0,0.0,0.0,0.0,0.0,0.0,0.0,0.0,0.0,0.0,0.0,0.0,0.0,0.0,0.0,0.0,0.0,0.0,0.0,0.0,0.0,0.0,0.0,0.0,0.0,0.0,0.0,0.0,0.0,0.0,0.0,0.0,0.0,0.0,0.0,0.0,0.0,0.0,0.0,0.0,0.0,0.0,0.0,0.0,0.0,0.0,0.0,0.0,0.0,0.0,0.0,0.0,0.0,0.0,0.0,0.0,0.0,0.0,0.0,0.0,0.0,0.0,0.0,0.0,0.0,0.0,0.0,0.0,0.0,0.0,0.0,0.0,0.0,0.0,0.0,0.0,0.0,0.0,0.0,0.0,0.0,0.0,0.0,0.0,0.0,0.0,0.0,0.0,0.0,0.0,0.0,0.0,0.0,0.0,0.0,0.0,0.0,0.0,0.0,0.0,0.0,0.0,0.0,0.0,0.0,0.0,0.0,0.0,0.0,0.0,0.0,0.0,0.0,0.0,0.0,0.0,0.0,0.0,0.0,0.0,0.0,0.0,0.0,0.0,0.0,0.0,0.0,0.0,0.0,0.0,0.0,0.0,0.0,0.0,0.0,0.0,0.0,0.0,0.0,0.0,0.0,0.0,0.0,0.0,0.0,0.0,0.0,0.0,0.0,0.0,0.0,0.0,0.0,0.0,0.0,0.0,0.0,0.0,0.0,0.0,0.0,0.0,0.0,0.0,0.0,0.0,0.0,0.0,0.0,0.0,0.0,0.0,0.0,0.0,0.0,0.0,0.0,0.0,0.0,0.0,0.0,0.0,0.0,0.0,0.0,0.0,0.0,0.0,0.0,0.0,0.0,0.0,0.0,0.0,0.0,0.0,0.0,0.0,0.0,0.0,0.0,0.0,0.0,0.0,0.0,0.0,0.0,0.0,0.0,0.0,0.0,0.0,0.0,0.0,0.0,0.0,0.0,0.0,0.0,0.0,0.0,0.0,0.0,0.0,0.0,0.0,0.0,0.0,0.0,0.0,0.0,0.0,0.0,0.0,0.0,0.0,0.0,0.0,0.0,0.0,0.0,0.0,0.0,0.0,0.0,0.0,0.0,0.0,0.0,0.0,0.0,0.0,0.0,0.0,0.0,0.0,0.0,0.0,0.0,0.0,0.0,0.0,0.0,0.0,0.0,0.0,0.0,0.0,0.0,0.0,0.0,0.0,0.0,0.0,0.0,0.0,0.0,0.0,0.0,0.0,0.0,0.0,0.0,0.0,0.0,0.0,0.0,0.0,0.0,0.0,0.0,0.0,0.0,0.0,0.0,0.0,0.0,0.0,0.0,0.0,0.0,0.0,0.0,0.0,0.0,0.0,0.0,0.0,0.0,0.0,0.0,0.0,0.0,0.0,0.0,0.0,0.0,0.0,0.0,0.0,0.0,0.0,0.0,0.0,0.0,0.0,0.0,0.0,0.0,0.0,0.0,0.0,0.0,0.0,0.0,0.0,0.0,0.0,0.0,0.0,0.0,0.0,0.0,0.0,0.0,0.0,0.0,0.0,0.0,0.0,0.0,0.0,0.0,0.0,0.0,0.0,0.0,0.0,0.0,0.0,0.0,0.0,0.0,0.0,0.0,0.0,0.0,0.0,0.0,0.0,0.0,0.0,0.0,0.0,0.0,0.0,0.0,0.0,0.0,0.0,0.0,0.0,0.0,0.0,0.0,0.0,0.0,0.0,0.0,0.0,0.0,0.0,0.0,0.0,0.0,0.0,0.0,0.0,0.0,0.0,0.0,0.0,0.0,0.0,0.0,0.0,0.0,0.0,0.0,0.0,0.0,0.0,0.0,0.0,0.0,0.0,0.0,0.0,0.0,0.0,0.0,0.0,0.0,0.0,0.0,0.0,0.0,0.0,0.0,0.0,0.0,0.0,0.0,0.0,0.0,0.0,0.0,0.0,0.0,0.0,0.0,0.0,0.0,0.0,0.0,0.0,0.0,0.0,0.0,0.0,0.0,0.0,0.0,0.0,0.0,0.0,0.0,0.0,0.0,0.0,0.0,0.0,0.0,0.0,0.0,0.0,0.0,0.0,0.0,0.0,0.0,0.0,0.0,0.0,0.0,0.0,0.0,0.0,0.0,0.0,0.0,0.0,0.0,0.0,0.0,0.0,0.0,0.0,0.0,0.0,0.0,0.0,0.0,0.0,0.0,0.0,0.0,0.0,0.0,0.0,0.0,0.0,0.0,0.0,0.0,0.0,0.0,0.0,0.0,0.0,0.0,0.0,0.0,0.0,0.0,0.0,0.0,0.0,0.0,0.0,0.0,0.0,0.0,0.0,0.0,0.0,0.0,0.0,0.0,0.0,0.0,0.0,0.0,0.0,0.0,0.0,0.0,0.0,0.0,0.0,0.0,0.0,0.0,0.0,0.0,0.0,0.0,0.0,0.0,0.0,0.0,0.0,0.0,0.0,0.0,0.0,0.0,0.0,0.0,0.0,0.0,0.0,0.0,0.0,0.0,0.0,0.0,0.0,0.0,0.0,0.0,0.0,0.0,0.0,0.0,0.0,0.0,0.0,0.0,0.0,0.0,0.0,0.0,0.0,0.0,0.0,0.0,0.0,0.0,0.0,0.0,0.0,0.0,0.0,0.0,0.0,0.0,0.0,0.0,0.0,0.0,0.0,0.0,0.0,0.0,0.0,0.0,0.0,0.0,0.0,0.0,0.0,0.0,0.0,0.0,0.0,0.0,0.0,0.0,0.0,0.0,0.0,0.0,0.0,0.0,0.0,0.0,0.0,0.0,0.0,0.0,0.0,0.0,0.0,0.0,0.0,0.0,0.0,0.0,0.0,0.0,0.0,0.0,0.0,0.0,0.0,0.0,0.0,0.0,0.0,0.0,0.0,0.0,0.0,0.0,0.0,0.0,0.0,0.0,0.0,0.0,0.0,0.0,0.0,0.0,0.0,0.0,0.0,0.0,0.0,0.0,0.0,0.0,0.0,0.0,0.0,0.0,0.0,0.0,0.0,0.0,0.0,0.0,0.0,0.0,0.0,0.0,0.0,0.0,0.0,0.0,0.0,0.0,0.0,0.0,0.0,0.0,0.0,0.0,0.0,0.0,0.0,0.0,0.0,0.0,0.0,0.0,0.0,0.0,0.0,0.0,0.0,0.0,0.0,0.0,0.0,0.0,0.0,0.0,0.0,0.0,0.0,0.0,0.0,0.0,0.0,0.0,0.0,0.0,0.0,0.0,0.0,0.0,0.0,0.0,0.0,0.0,0.0,0.0,0.0,0.0,0.0,0.0,0.0,0.0,0.0,0.0,0.0,0.0,0.0,0.0,0.0,0.0,0.0,0.0,0.0,0.0,0.0,0.0,0.0,0.0,0.0,0.0,0.0,0.0,0.0,0.0,0.0,0.0,0.0,0.0,0.0,0.0,0.0,0.0,0.0,0.0,0.0,0.0,0.0,0.0,0.0,0.0,0.0,0.0,0.0,0.0,0.0,0.0,0.0,0.0,0.0,0.0,0.0,0.0,0.0,0.0,0.0,0.0,0.0,0.0,0.0,0.0,0.0,0.0,0.0,0.0,0.0,0.0,0.0,0.0,0.0,0.0,0.0,0.0,0.0,0.0,0.0,0.0,0.0,0.0,0.0,0.0,0.0,0.0,0.0,0.0,0.0,0.0,0.0,0.0,0.0,0.0,0.0,0.0,0.0,0.0,0.0,0.0,0.0,0.0,0.0,0.0,0.0,0.0,0.0,0.0,0.0,0.0,0.0,0.0,0.0,0.0,0.0,0.0,0.0,0.0,0.0,0.0,0.0,0.0,0.0,0.0,0.0,0.0,0.0,0.0,0.0,0.0,0.0,0.0,0.0,0.0,0.0,0.0,0.0,0.0,0.0,0.0,0.0,0.0,0.0,0.0,0.0,0.0,0.0,0.0,0.0,0.0,0.0,0.0,0.0,0.0,0.0,0.0,0.0,0.0,0.0,0.0,0.0,0.0,0.0,0.0,0.0,0.0,0.0,0.0,0.0,0.0,0.0,0.0,0.0,0.0,0.0,0.0,0.0,0.0,0.0,0.0,0.0,0.0,0.0,0.0,0.0,0.0,0.0,0.0,0.0,0.0,0.0,0.0,0.0,0.0,0.0,0.0,0.0,0.0,0.0,0.0,0.0,0.0,0.0,0.0,0.0,0.0,0.0,0.0,0.0,0.0,0.0,0.0,0.0,0.0,0.0,0.0,0.0,0.0,0.0,0.0,0.0,0.0,0.0,0.0,0.0,0.0,0.0,0.0,0.0,0.0,0.0,0.0,0.0,0.0,0.0,0.0,0.0,0.0,0.0,0.0,0.0,0.0,0.0,0.0,0.0,0.0,0.0,0.0,0.0,0.0,0.0,0.0,0.0,0.0,0.0,0.0,0.0,0.0,0.0,0.0,0.0,0.0,0.0,0.0,0.0,0.0,0.0,0.0,0.0,0.0,0.0,0.0,0.0,0.0,0.0,0.0,0.0,0.0,0.0,0.0,0.0,0.0,0.0,0.0,0.0,0.0,0.0,0.0,0.0,0.0,0.0,0.0,0.0,0.0,0.0,0.0,0.0,0.0,0.0,0.0,0.0,0.0,0.0,0.0,0.0,0.0,0.0,0.0,0.0,0.0,0.0,0.0,0.0,0.0,0.0,0.0,0.0,0.0,0.0,0.0,0.0,0.0,0.0,0.0,0.0,0.0,0.0,0.0,0.0,0.0,0.0,0.0,0.0,0.0,0.0,0.0,0.0
Tax71,0.0,-0.47154737,-0.399043,-0.2977337,-0.17831242,-0.04438421,0.0995889,0.25018194,0.40076807,0.5557625,0.71085936,0.8645627,1.0154932,1.1629772,1.3065063,1.4446203,1.576439,1.7014548,1.8117415,1.9202834,2.031014,2.135466,2.2238152,2.3329644,2.4366214,2.5405443,2.6699977,2.7352555,2.8085847,2.8829184,2.9242983,2.9814978,3.1090157,3.1606488,3.2504303,3.312952,3.4211493,3.4830647,3.4467027,3.4634893,3.4685204,3.5300963,3.5927856,3.7034001,3.6841667,3.809511,3.8893847,3.9030223,3.8650663,3.8504567,3.857939,3.8019602,3.8610191,3.8055222,3.77302,3.6447773,3.6353476,3.6022606,3.5157278,3.3858125,3.2069685,3.0680454,2.963525,2.8895035,2.9221482,2.9164267,1.2165245,1.2523873,3.080148,3.157166,3.2320583,3.2380285,3.1539834,1.3776938,3.300076,1.4300709,1.4280695,1.4729615,1.5190343,1.5702119,1.568285,1.6058526,1.6084815,1.6667868,1.7569351,1.7817773,3.9893708,4.1034145,4.12309,4.1964245,4.2962413,4.335275,4.280381,4.281091,4.2020454,4.1087737,4.030414,4.006105,3.9268744,3.9993804,3.9369762,3.918097,3.9428277,3.8914528,3.9225378,3.7949266,3.9847593,3.9669952,3.9023745,3.8686357,3.7963169,3.774556,3.8106346,3.7229602,3.5860596,1.5283604,1.5314078,1.5260652,1.519253,1.5057095,1.456853,1.431797,1.4147307,1.3939469,1.3425858,1.330846,1.2764674,1.1958176,1.1479875,1.0802413,1.0119027,0.97023547,0.9440967,0.89822614,0.8386169,0.7666143,0.6857872,0.6568958,0.58776975,0.51824415,0.44942403,0.35702577,0.27690858,0.21591392,0.16877002,0.1346798,0.09398205,0.04265733,-0.0067194756,-0.04948259,-0.07763323,-0.07925924,-0.033155747,0.025585396,0.07538624,0.12576361,0.17737164,0.20916991,0.23492202,0.24218075,0.25325882,0.2575129,0.23788686,0.20730191,0.19684072,0.18282256,0.17391615,0.19489938,0.19389077,0.19761977,0.20531115,0.22301696,0.23104367,0.21964799,0.2728058,0.3041664,0.28830937,0.2719353,0.27469307,0.3140878,0.3330794,0.3116453,0.224141,0.1262326,0.059626203,0.010030715,-0.03409495,-0.07206287,-0.09714861,-0.12328715,-0.14676833,-0.17012317,-0.18723944,-0.19767216,-0.20837809,-0.21703056,-0.22920612,-0.24222744,-0.241412,-0.24592474,-0.24802552,-0.25074762,-0.25575376,-0.24870813,-0.24328457,-0.24138811,-0.24154721,-0.23060939,-0.22040491,-0.22328681,-0.2217757,-0.21952724,-0.21600369,-0.20845006,-0.19303055,-0.19346656,-0.19020419,-0.18261184,-0.18289885,-0.16345495,-0.15504831,-0.14639987,-0.14195898,-0.12508945,-0.11386764,-0.11359275,-0.11320203,-0.112891816,-0.11249358,-0.10823255,-0.09427549,-0.090345606,-0.08638858,-0.082119815,-0.07550871,-0.07522022,-0.074902244,-0.07460434,-0.074317664,-0.06602334,-0.06575638,-0.06548866,-0.0652649,-0.06164298,-0.061424088,-0.049929775,-0.04973956,-0.04954534,-0.04934601,-0.049146462,-0.048932105,-0.048734598,-0.048547678,-0.048340835,-0.04812536,-0.043118246,-0.04298751,-0.038701996,-0.03858188,-0.03847865,-0.038380474,-0.038215183,-0.038020685,-0.03783724,-0.037679292,-0.037492417,-0.03412873,-0.02810354,-0.028016206,-0.02413313,-0.024025565,-0.02390077,-0.023798013,-0.023693856,-0.023589004,-0.02348328,-0.023363039,-0.023236291,-0.02310598,-0.022990163,-0.022876967,-0.022771975,-0.022643724,-0.022515632,-0.016928967,-0.016807804,-0.016680771,-0.016543342,-0.016423866,-0.016294697,-0.016194172,-0.016111024,-0.010795583,-0.0107458625,-0.010643531,-0.010469259,-0.0076199593,-0.007339567,-0.0023973945,-0.0022467591,-0.0021037476,-0.0019756316,-0.0017956451,-0.0015880888,-0.001363252,-0.0011222117,-0.000848201,-0.0005617003,-0.00024101464,0.00018657884,0.00065512955,0.0012241742,0.0018254456,0.0024875929,0.0032413988,0.00406849,0.0050876224,0.0062774327,0.0076748347,0.009024679,0.010742437,0.013560675,0.018192278,0.023603465,0.028712021,0.030777607,0.031887565,0.033183597,0.034841325,0.03630695,0.038650125,0.04126738,0.043475773,0.04777488,0.051752117,0.05634842,0.061737828,0.06780681,0.14192201,0.16039829,0.18008651,0.20433353,0.22878072,0.25750962,0.28706902,0.15828727,0.16914569,0.17655824,0.18196149,0.18631,0.17848179,0.15352416,0.11281767,0.07238805,0.0387101,0.016901381,0.0074116746,0.0034080897,0.0020204862,0.0020943922,0.0022899676,0.0025390238,0.0026551974,0.0029782117,0.0037085996,0.0044022473,-0.0041363803,-0.003378754,-0.0025015003,-0.0015576733,-0.0005807837,0.0004075775,0.0013936281,0.0023691906,0.0033272307,0.004263738,0.0051760436,0.0060615726,0.006920819,0.0077520492,0.00855606,0.00933354,0.010084056,0.01081044,0.011515057,0.012200737,0.012869472,0.013524411,0.01416529,0.014793521,0.015398571,0.015994675,0.016605763,0.017225144,0.017852422,0.018524522,0.019215615,0.020424651,0.021289824,0.022264116,0.023259033,0.024429966,0.02597308,0.025425531,0.025402606,0.025627468,0.025372505,0.027105086,0.028434152,0.02878802,0.02351759,0.024209566,0.02447496,0.024744973,0.025015244,0.025190447,0.025252797,0.025535781,0.025642896,0.030825082,0.029959362,0.029215224,0.028809972,0.02784629,0.030406516,0.028080558,0.026578303,0.025039218,0.023139162,0.023473136,0.023859622,0.011069028,0.007922541,0.023777667,0.023924256,0.014644651,0.014911949,0.017535383,0.010227283,0.024832975,0.011467939,0.0141104795,0.01000151,0.013513213,0.013572873,0.013586249,0.013573103,0.009913554,0.014025085,0.014278749,0.014426617,0.032095835,0.027075753,0.030886794,0.029823247,0.041104116,0.035192613,0.033787597,0.0209728,0.026472649,0.027324036,0.027645512,0.020919206,0.027796084,0.026774058,0.024412334,0.025600368,0.035325218,0.036621947,0.031141266,0.03845651,0.026326846,0.028177498,0.024357565,0.028695406,0.02783852,0.028840551,0.029407553,0.028744414,0.027824972,0.012427693,0.010323247,0.010782002,0.012442781,0.012394199,0.0148622375,0.014247727,0.013673527,0.009921126,0.012227362,0.009021036,0.013616229,0.009294526,0.0119146835,0.009835361,0.011342255,0.010670099,0.01213228,0.0071128067,0.008935836,0.007874022,0.0064272797,0.0064336625,0.005719522,0.005629769,0.0040803235,0.00309208,0.0027037365,0.002148129,0.0015245043,0.0013341606,0.0009352579,0.00046597002,-5.6997407e-05,-0.0005472414,-0.00090257544,-0.0009878823,-0.00054008653,9.140419e-05,0.00070387684,0.0013138759,0.0019359887,0.0024728198,0.0029056696,0.0031327768,0.0033873888,0.0036007864,0.0034986571,0.0033514202,0.0033002384,0.003207386,0.0033117505,0.003697991,0.003794048,0.0040066266,0.004323888,0.0046328316,0.0047924942,0.004668922,0.005561141,0.0061812145,0.0060007656,0.0058756988,0.0061225654,0.00693818,0.0074577783,0.0072985203,0.0056781042,0.003771022,0.0024399073,0.0014427821,0.0004872647,-0.000338641,-0.0009013349,-0.0015483028,-0.0021374703,0.0,0.0,0.0,0.0,0.0,0.0,0.0,0.0,0.0,0.0,0.0,0.0,0.0,0.0,0.0,0.0,0.0,0.0,0.0,0.0,0.0,0.0,0.0,0.0,0.0,0.0,0.0,0.0,0.0,0.0,0.0,0.0,0.0,0.0,0.0,0.0,0.0,0.0,0.0,0.0,0.0,0.0,0.0,0.0,0.0,0.0,0.0,0.0,0.0,0.0,0.0,0.0,0.0,0.0,0.0,0.0,0.0,0.0,0.0,0.0,0.0,0.0,0.0,0.0,0.0,0.0,0.0,0.0,0.0,0.0,0.0,0.0,0.0,0.0,0.0,0.0,0.0,0.0,0.0,0.0,0.0,0.0,0.0,0.0,0.0,0.0,0.0,0.0,0.0,0.0,0.0,0.0,0.0,0.0,0.0,0.0,0.0,0.0,0.0,0.0,0.0,0.0,0.0,0.0,0.0,0.0,0.0,0.0,0.0,0.0,0.0,0.0,0.0,0.0,0.0,0.0,0.0,0.0,0.0,0.0,0.0,0.0,0.0,0.0,0.0,0.0,0.0,0.0,0.0,0.0,0.0,0.0,0.0,0.0,0.0,0.0,0.0,0.0,0.0,0.0,0.0,0.0,0.0,0.0,0.0,0.0,0.0,0.0,0.0,0.0,0.0,0.0,0.0,0.0,0.0,0.0,0.0,0.0,0.0,0.0,0.0,0.0,0.0,0.0,0.0,0.0,0.0,0.0,0.0,0.0,0.0,0.0,0.0,0.0,0.0,0.0,0.0,0.0,0.0,0.0,0.0,0.0,0.0,0.0,0.0,0.0,0.0,0.0,0.0,0.0,0.0,0.0,0.0,0.0,0.0,0.0,0.0,0.0,0.0,0.0,0.0,0.0,0.0,0.0,0.0,0.0,0.0,0.0,0.0,0.0,0.0,0.0,0.0,0.0,0.0,0.0,0.0,0.0,0.0,0.0,0.0,0.0,0.0,0.0,0.0,0.0,0.0,0.0,0.0,0.0,0.0,0.0,0.0,0.0,0.0,0.0,0.0,0.0,0.0,0.0,0.0,0.0,0.0,0.0,0.0,0.0,0.0,0.0,0.0,0.0,0.0,0.0,0.0,0.0,0.0,0.0,0.0,0.0,0.0,0.0,0.0,0.0,0.0,0.0,0.0,0.0,0.0,0.0,0.0,0.0,0.0,0.0,0.0,0.0,0.0,0.0,0.0,0.0,0.0,0.0,0.0,0.0,0.0,0.0,0.0,0.0,0.0,0.0,0.0,0.0,0.0,0.0,0.0,0.0,0.0,0.0,0.0,0.0,0.0,0.0,0.0,0.0,0.0,0.0,0.0,0.0,0.0,0.0,0.0,0.0,0.0,0.0,0.0,0.0,0.0,0.0,0.0,0.0,0.0,0.0,0.0,0.0,0.0,0.0,0.0,0.0,0.0,0.0,0.0,0.0,0.0,0.0,0.0,0.0,0.0,0.0,0.0,0.0,0.0,0.0,0.0,0.0,0.0,0.0,0.0,0.0,0.0,0.0,0.0,0.0,0.0,0.0,0.0,0.0,0.0,0.0,0.0,0.0,0.0,0.0,0.0,0.0,0.0,0.0,0.0,0.0,0.0,0.0,0.0,0.0,0.0,0.0,0.0,0.0,0.0,0.0,0.0,0.0,0.0,0.0,0.0,0.0,0.0,0.0,0.0,0.0,0.0,0.0,0.0,0.0,0.0,0.0,0.0,0.0,0.0,0.0,0.0,0.0,0.0,0.0,0.0,0.0,0.0,0.0,0.0,0.0,0.0,0.0,0.0,0.0,0.0,0.0,0.0,0.0,0.0,0.0,0.0,0.0,0.0,0.0,0.0,0.0,0.0,0.0,0.0,0.0,0.0,0.0,0.0,0.0,0.0,0.0,0.0,0.0,0.0,0.0,0.0,0.0,0.0,0.0,0.0,0.0,0.0,0.0,0.0,0.0,0.0,0.0,0.0,0.0,0.0,0.0,0.0,0.0,0.0,0.0,0.0,0.0,0.0,0.0,0.0,0.0,0.0,0.0,0.0,0.0,0.0,0.0,0.0,0.0,0.0,0.0,0.0,0.0,0.0,0.0,0.0,0.0,0.0,0.0,0.0,0.0,0.0,0.0,0.0,0.0,0.0,0.0,0.0,0.0,0.0,0.0,0.0,0.0,0.0,0.0,0.0,0.0,0.0,0.0,0.0,0.0,0.0,0.0,0.0,0.0,0.0,0.0,0.0,0.0,0.0,0.0,0.0,0.0,0.0,0.0,0.0,0.0,0.0,0.0,0.0,0.0,0.0,0.0,0.0,0.0,0.0,0.0,0.0,0.0,0.0,0.0,0.0,0.0,0.0,0.0,0.0,0.0,0.0,0.0,0.0,0.0,0.0,0.0,0.0,0.0,0.0,0.0,0.0,0.0,0.0,0.0,0.0,0.0,0.0,0.0,0.0,0.0,0.0,0.0,0.0,0.0,0.0,0.0,0.0,0.0,0.0,0.0,0.0,0.0,0.0,0.0,0.0,0.0,0.0,0.0,0.0,0.0,0.0,0.0,0.0,0.0,0.0,0.0,0.0,0.0,0.0,0.0,0.0,0.0,0.0,0.0,0.0,0.0,0.0,0.0,0.0,0.0,0.0,0.0,0.0,0.0,0.0,0.0,0.0,0.0,0.0,0.0,0.0,0.0,0.0,0.0,0.0,0.0,0.0,0.0,0.0,0.0,0.0,0.0,0.0,0.0,0.0,0.0,0.0,0.0,0.0,0.0,0.0,0.0,0.0,0.0,0.0,0.0,0.0,0.0,0.0,0.0,0.0,0.0,0.0,0.0,0.0,0.0,0.0,0.0,0.0,0.0,0.0,0.0,0.0,0.0,0.0,0.0,0.0,0.0,0.0,0.0,0.0,0.0,0.0,0.0,0.0,0.0,0.0,0.0,0.0,0.0,0.0,0.0,0.0,0.0,0.0,0.0,0.0,0.0,0.0,0.0,0.0,0.0,0.0,0.0,0.0,0.0,0.0,0.0,0.0,0.0,0.0,0.0,0.0,0.0,0.0,0.0,0.0,0.0,0.0,0.0,0.0,0.0,0.0,0.0,0.0,0.0,0.0,0.0,0.0,0.0,0.0,0.0,0.0,0.0,0.0,0.0,0.0,0.0,0.0,0.0,0.0,0.0,0.0,0.0,0.0,0.0,0.0,0.0,0.0,0.0,0.0,0.0,0.0,0.0,0.0,0.0,0.0,0.0,0.0,0.0,0.0,0.0,0.0,0.0,0.0,0.0,0.0,0.0,0.0,0.0,0.0,0.0,0.0,0.0,0.0,0.0,0.0,0.0,0.0,0.0,0.0,0.0,0.0,0.0,0.0,0.0,0.0,0.0,0.0,0.0,0.0,0.0,0.0,0.0,0.0,0.0,0.0,0.0,0.0,0.0,0.0,0.0,0.0,0.0,0.0,0.0,0.0,0.0,0.0,0.0,0.0,0.0,0.0,0.0,0.0,0.0,0.0,0.0,0.0,0.0,0.0,0.0,0.0,0.0,0.0,0.0,0.0,0.0,0.0,0.0,0.0,0.0,0.0,0.0,0.0,0.0,0.0,0.0,0.0,0.0,0.0,0.0,0.0,0.0,0.0,0.0,0.0,0.0,0.0,0.0,0.0,0.0,0.0,0.0,0.0,0.0,0.0,0.0,0.0,0.0,0.0,0.0,0.0,0.0,0.0,0.0,0.0,0.0,0.0,0.0,0.0,0.0,0.0,0.0,0.0,0.0,0.0,0.0,0.0,0.0,0.0,0.0,0.0,0.0,0.0,0.0,0.0,0.0,0.0,0.0,0.0,0.0,0.0,0.0,0.0,0.0,0.0,0.0,0.0,0.0,0.0,0.0,0.0,0.0,0.0,0.0,0.0,0.0,0.0,0.0,0.0,0.0,0.0,0.0,0.0,0.0,0.0,0.0,0.0,0.0,0.0,0.0,0.0,0.0,0.0,0.0,0.0,0.0,0.0,0.0,0.0,0.0,0.0,0.0,0.0,0.0,0.0,0.0,0.0,0.0,0.0,0.0,0.0,0.0,0.0,0.0,0.0,0.0,0.0,0.0,0.0,0.0,0.0,0.0,0.0,0.0,0.0,0.0,0.0,0.0,0.0,0.0,0.0,0.0,0.0,0.0,0.0,0.0,0.0,0.0,0.0,0.0,0.0,0.0,0.0,0.0,0.0,0.0,0.0,0.0,0.0,0.0,0.0,0.0,0.0,0.0,0.0,0.0,0.0,0.0,0.0,0.0,0.0,0.0,0.0,0.0,0.0,0.0,0.0,0.0,0.0,0.0,0.0,0.0,0.0,0.0,0.0,0.0,0.0,0.0,0.0,0.0,0.0,0.0,0.0,0.0,0.0,0.0,0.0,0.0,0.0,0.0,0.0,0.0,0.0,0.0,0.0,0.0,0.0,0.0,0.0,0.0,0.0,0.0,0.0,0.0,0.0,0.0,0.0,0.0,0.0,0.0,0.0,0.0,0.0,0.0,0.0,0.0,0.0,0.0,0.0,0.0,0.0,0.0,0.0,0.0,0.0,0.0,0.0,0.0,0.0,0.0,0.0,0.0,0.0,0.0,0.0,0.0,0.0,0.0,0.0,0.0,0.0,0.0,0.0,0.0,0.0,0.0,0.0,0.0,0.0,0.0,0.0,0.0,0.0,0.0,0.0,0.0,0.0,0.0,0.0,0.0,0.0,0.0,0.0,0.0,0.0,0.0,0.0,0.0,0.0,0.0,0.0,0.0,0.0,0.0,0.0,0.0,0.0,0.0,0.0,0.0,0.0,0.0,0.0,0.0,0.0,0.0,0.0,0.0,0.0,0.0,0.0,0.0,0.0,0.0,0.0,0.0,0.0,0.0,0.0,0.0,0.0,0.0,0.0,0.0,0.0,0.0,0.0,0.0,0.0,0.0,0.0,0.0,0.0,0.0,0.0,0.0,0.0,0.0,0.0,0.0,0.0,0.0,0.0,0.0,0.0,0.0,0.0,0.0,0.0,0.0,0.0,0.0,0.0,0.0,0.0,0.0,0.0,0.0,0.0,0.0,0.0,0.0,0.0,0.0,0.0,0.0,0.0,0.0,0.0,0.0,0.0,0.0,0.0,0.0,0.0,0.0,0.0,0.0,0.0,0.0,0.0,0.0,0.0,0.0,0.0,0.0,0.0,0.0,0.0,0.0,0.0,0.0,0.0,0.0,0.0,0.0,0.0,0.0,0.0,0.0,0.0,0.0,0.0,0.0,0.0,0.0,0.0,0.0,0.0,0.0,0.0,0.0,0.0,0.0,0.0,0.0,0.0,0.0,0.0,0.0,0.0,0.0,0.0,0.0,0.0,0.0,0.0,0.0,0.0,0.0,0.0,0.0,0.0,0.0,0.0,0.0,0.0,0.0,0.0,0.0,0.0,0.0,0.0,0.0,0.0,0.0,0.0,0.0,0.0,0.0,0.0,0.0,0.0,0.0,0.0,0.0,0.0,0.0,0.0,0.0,0.0,0.0,0.0,0.0,0.0,0.0,0.0,0.0,0.0,0.0,0.0,0.0,0.0,0.0,0.0,0.0,0.0,0.0,0.0,0.0,0.0,0.0,0.0,0.0,0.0,0.0,0.0,0.0,0.0,0.0,0.0,0.0,0.0,0.0,0.0,0.0,0.0,0.0,0.0,0.0,0.0,0.0,0.0,0.0,0.0,0.0,0.0,0.0,0.0,0.0,0.0,0.0,0.0,0.0,0.0,0.0,0.0,0.0,0.0,0.0,0.0,0.0,0.0,0.0,0.0,0.0,0.0,0.0,0.0,0.0,0.0,0.0,0.0,0.0,0.0,0.0,0.0,0.0,0.0,0.0,0.0,0.0,0.0,0.0,0.0,0.0,0.0,0.0,0.0,0.0,0.0,0.0,0.0,0.0,0.0,0.0,0.0,0.0,0.0,0.0,0.0,0.0,0.0,0.0,0.0,0.0,0.0,0.0,0.0,0.0,0.0,0.0,0.0,0.0,0.0,0.0,0.0,0.0,0.0,0.0,0.0,0.0,0.0,0.0,0.0,0.0,0.0,0.0,0.0,0.0,0.0,0.0,0.0,0.0,0.0,0.0,0.0,0.0,0.0,0.0,0.0,0.0,0.0,0.0,0.0,0.0,0.0,0.0,0.0,0.0,0.0,0.0,0.0,0.0,0.0,0.0,0.0,0.0,0.0,0.0,0.0,0.0,0.0,0.0,0.0,0.0,0.0,0.0,0.0,0.0,0.0,0.0,0.0,0.0,0.0,0.0,0.0,0.0,0.0,0.0,0.0,0.0,0.0,0.0,0.0,0.0,0.0,0.0,0.0,0.0,0.0,0.0,0.0,0.0,0.0,0.0,0.0,0.0,0.0,0.0,0.0,0.0,0.0,0.0,0.0,0.0,0.0,0.0,0.0,0.0,0.0,0.0,0.0,0.0,0.0,0.0,0.0,0.0,0.0,0.0,0.0,0.0,0.0,0.0,0.0,0.0,0.0,0.0,0.0,0.0,0.0,0.0,0.0,0.0,0.0,0.0,0.0,0.0,0.0,0.0,0.0,0.0,0.0,0.0,0.0,0.0,0.0,0.0,0.0,0.0,0.0,0.0,0.0,0.0,0.0,0.0,0.0,0.0,0.0,0.0,0.0,0.0,0.0,0.0,0.0,0.0,0.0,0.0,0.0,0.0,0.0,0.0,0.0,0.0,0.0,0.0,0.0,0.0,0.0,0.0,0.0,0.0,0.0,0.0,0.0,0.0,0.0,0.0,0.0,0.0,0.0,0.0,0.0,0.0,0.0,0.0,0.0,0.0,0.0,0.0,0.0,0.0,0.0,0.0,0.0,0.0,0.0,0.0,0.0,0.0,0.0,0.0,0.0,0.0,0.0,0.0,0.0,0.0,0.0,0.0,0.0,0.0,0.0,0.0,0.0,0.0,0.0,0.0,0.0,0.0,0.0,0.0,0.0,0.0,0.0,0.0,0.0,0.0,0.0,0.0,0.0,0.0,0.0,0.0,0.0,0.0,0.0,0.0,0.0,0.0,0.0,0.0,0.0,0.0,0.0,0.0,0.0,0.0,0.0,0.0,0.0,0.0,0.0,0.0,0.0,0.0,0.0,0.0,0.0,0.0,0.0,0.0,0.0,0.0,0.0,0.0,0.0,0.0,0.0,0.0,0.0,0.0,0.0,0.0,0.0,0.0,0.0,0.0,0.0,0.0,0.0,0.0,0.0,0.0,0.0,0.0,0.0,0.0,0.0,0.0,0.0,0.0,0.0,0.0,0.0,0.0,0.0,0.0,0.0,0.0,0.0,0.0,0.0,0.0,0.0,0.0,0.0,0.0,0.0,0.0,0.0,0.0,0.0,0.0,0.0,0.0,0.0,0.0,0.0,0.0,0.0,0.0,0.0,0.0,0.0,0.0,0.0,0.0,0.0,0.0,0.0,0.0,0.0,0.0,0.0,0.0,0.0,0.0,0.0,0.0,0.0,0.0,0.0,0.0,0.0,0.0,0.0,0.0,0.0,0.0,0.0,0.0,0.0,0.0,0.0,0.0,0.0,0.0,0.0,0.0,0.0,0.0,0.0,0.0,0.0,0.0,0.0,0.0,0.0,0.0,0.0,0.0,0.0,0.0,0.0,0.0,0.0,0.0,0.0,0.0,0.0,0.0,0.0,0.0,0.0,0.0,0.0,0.0,0.0,0.0,0.0,0.0,0.0,0.0,0.0,0.0,0.0,0.0,0.0,0.0,0.0,0.0,0.0,0.0,0.0,0.0,0.0,0.0,0.0,0.0,0.0,0.0,0.0,0.0,0.0,0.0,0.0,0.0,0.0,0.0,0.0,0.0,0.0,0.0,0.0,0.0,0.0,0.0,0.0,0.0,0.0,0.0,0.0,0.0,0.0,0.0,0.0,0.0,0.0,0.0,0.0,0.0,0.0,0.0,0.0,0.0,0.0,0.0,0.0,0.0,0.0,0.0,0.0,0.0,0.0,0.0,0.0,0.0,0.0,0.0,0.0,0.0,0.0,0.0,0.0,0.0,0.0,0.0,0.0,0.0,0.0,0.0,0.0,0.0,0.0,0.0,0.0,0.0,0.0,0.0,0.0,0.0,0.0,0.0,0.0,0.0,0.0,0.0,0.0,0.0,0.0,0.0,0.0,0.0,0.0,0.0,0.0,0.0,0.0,0.0,0.0,0.0,0.0,0.0,0.0,0.0,0.0,0.0,0.0,0.0,0.0,0.0,0.0,0.0,0.0,0.0,0.0,0.0,0.0,0.0,0.0,0.0,0.0,0.0,0.0,0.0,0.0,0.0,0.0,0.0,0.0,0.0,0.0,0.0,0.0,0.0,0.0,0.0,0.0,0.0,0.0,0.0,0.0,0.0,0.0,0.0,0.0,0.0,0.0,0.0,0.0,0.0,0.0,0.0,0.0,0.0,0.0,0.0,0.0,0.0,0.0,0.0,0.0,0.0,0.0,0.0,0.0,0.0,0.0,0.0,0.0,0.0,0.0,0.0,0.0,0.0,0.0,0.0,0.0,0.0,0.0,0.0,0.0,0.0,0.0,0.0,0.0,0.0,0.0,0.0,0.0,0.0,0.0,0.0,0.0,0.0,0.0,0.0,0.0,0.0,0.0,0.0,0.0,0.0,0.0,0.0,0.0,0.0,0.0,0.0,0.0,0.0,0.0,0.0,0.0,0.0,0.0,0.0,0.0,0.0,0.0,0.0,0.0,0.0,0.0,0.0,0.0,0.0,0.0,0.0,0.0,0.0,0.0,0.0,0.0,0.0,0.0,0.0,0.0,0.0,0.0,0.0,0.0,0.0,0.0,0.0,0.0,0.0,0.0,0.0,0.0,0.0,0.0,0.0,0.0,0.0,0.0,0.0,0.0,0.0,0.0,0.0,0.0,0.0,0.0,0.0,0.0,0.0,0.0,0.0,0.0,0.0,0.0,0.0,0.0,0.0,0.0,0.0,0.0,0.0,0.0,0.0,0.0,0.0,0.0,0.0,0.0,0.0,0.0,0.0,0.0,0.0,0.0,0.0,0.0,0.0,0.0,0.0,0.0,0.0,0.0,0.0,0.0,0.0,0.0,0.0,0.0,0.0,0.0,0.0,0.0,0.0,0.0,0.0,0.0,0.0,0.0,0.0,0.0,0.0,0.0,0.0,0.0,0.0,0.0,0.0,0.0,0.0,0.0,0.0,0.0,0.0,0.0,0.0,0.0,0.0,0.0,0.0,0.0,0.0,0.0,0.0,0.0,0.0,0.0,0.0,0.0,0.0,0.0,0.0,0.0,0.0,0.0,0.0,0.0,0.0,0.0,0.0,0.0,0.0,0.0,0.0,0.0,0.0,0.0,0.0,0.0,0.0,0.0,0.0,0.0,0.0,0.0,0.0,0.0,0.0,0.0,0.0,0.0,0.0,0.0,0.0,0.0,0.0,0.0,0.0,0.0,0.0,0.0,0.0,0.0,0.0,0.0,0.0,0.0,0.0,0.0,0.0,0.0,0.0,0.0,0.0,0.0,0.0,0.0,0.0,0.0,0.0,0.0,0.0,0.0,0.0,0.0,0.0,0.0,0.0,0.0,0.0,0.0,0.0,0.0,0.0,0.0,0.0,0.0,0.0,0.0,0.0,0.0,0.0,0.0,0.0,0.0,0.0,0.0,0.0,0.0,0.0,0.0,0.0,0.0,0.0,0.0,0.0,0.0,0.0,0.0,0.0,0.0,0.0,0.0,0.0,0.0,0.0,0.0,0.0,0.0,0.0,0.0,0.0,0.0,0.0,0.0,0.0,0.0,0.0,0.0,0.0,0.0,0.0,0.0,0.0,0.0,0.0,0.0,0.0,0.0,0.0,0.0,0.0,0.0,0.0,0.0,0.0,0.0,0.0,0.0,0.0,0.0,0.0,0.0,0.0,0.0,0.0,0.0,0.0,0.0,0.0,0.0,0.0,0.0,0.0,0.0,0.0,0.0,0.0,0.0,0.0,0.0,0.0,0.0,0.0,0.0,0.0,0.0,0.0,0.0,0.0,0.0,0.0,0.0,0.0,0.0,0.0,0.0,0.0,0.0,0.0,0.0,0.0,0.0,0.0,0.0,0.0,0.0,0.0,0.0,0.0,0.0,0.0,0.0,0.0,0.0,0.0,0.0,0.0,0.0,0.0,0.0,0.0,0.0,0.0,0.0,0.0,0.0,0.0,0.0,0.0,0.0,0.0,0.0,0.0,0.0,0.0,0.0,0.0,0.0,0.0,0.0,0.0,0.0,0.0,0.0,0.0,0.0,0.0,0.0,0.0,0.0,0.0,0.0,0.0,0.0,0.0,0.0,0.0,0.0,0.0,0.0,0.0,0.0,0.0,0.0,0.0,0.0,0.0,0.0,0.0,0.0,0.0,0.0,0.0,0.0,0.0,0.0
Tax72,0.0,-1.5955441,-1.2694421,-0.89478654,-0.47684395,-0.029188111,0.4400611,0.92083836,1.418341,1.9292501,2.453747,2.9927962,3.543507,4.105983,4.6840296,5.2713556,5.867638,6.427193,6.9730134,7.5233097,8.183884,8.80043,9.477891,10.2118635,10.734932,11.32032,12.168688,12.96942,13.775604,14.534183,15.752257,16.98154,18.2291,19.183218,20.388302,21.283947,22.754765,23.92787,24.777742,25.82693,27.12528,28.107609,29.8906,32.529682,33.339993,35.739227,38.320847,39.29095,40.893253,42.944782,44.956875,46.41267,49.30988,51.50646,53.777367,55.259537,56.903316,58.46749,59.500797,59.990658,60.058975,61.347168,62.181858,63.297974,66.53051,69.48766,63.27393,67.29057,81.4137,85.52511,89.72131,93.64617,96.98527,88.07441,105.73323,96.327034,101.22777,107.354836,112.281425,119.263596,125.3406,132.05927,138.72821,145.52731,154.32866,162.60175,193.04459,201.2942,210.92764,220.30487,232.05165,244.23755,255.47939,265.9137,273.10907,277.70068,283.3027,293.19925,301.63528,307.03427,315.54697,321.17258,328.21576,337.96985,347.29318,354.9969,365.0921,374.11884,383.6693,394.30054,405.59125,416.77554,425.55576,428.11932,430.33786,378.00134,387.8957,399.45416,407.96683,412.67642,416.7452,419.36307,421.26132,422.1318,422.3191,421.1811,417.83218,404.53638,394.96402,386.47034,377.54807,369.3985,361.80185,351.01514,338.81573,325.7196,310.488,292.94873,275.7817,257.32672,235.90976,214.62955,194.47372,178.02208,162.97723,152.77423,141.21642,126.68284,111.79461,97.560104,87.573105,85.08259,97.88288,113.71864,125.670006,138.01439,149.2973,157.67017,162.21967,162.57112,162.93398,162.71844,156.262,149.57565,144.79425,140.41034,139.51102,143.79694,142.04137,142.2328,145.61382,149.13351,149.57239,145.83348,158.72417,166.0416,159.57283,155.59546,157.3116,166.62251,170.75238,166.02011,142.5236,114.55634,95.92211,81.053474,66.07317,52.748295,43.868862,33.25758,23.56107,14.564462,8.756105,4.7295113,0.13589066,-3.2881124,-7.468339,-10.700113,-12.466979,-13.976782,-15.83668,-16.982662,-17.021107,-17.381262,-18.528965,-19.255804,-19.21012,-18.59151,-18.076796,-17.314665,-16.797098,-15.63029,-14.113247,-12.805792,-11.746371,-10.664494,-9.81644,-8.785204,-7.8255863,-6.9725146,-6.149244,-5.3727913,-4.9212236,-4.4166217,-3.9517705,-3.528877,-3.1094267,-2.7247584,-2.424016,-2.0133252,-1.7839268,-1.5460476,-1.3843429,-1.2108947,-1.0401812,-0.9102463,-0.8097051,-0.76111406,-0.6277936,-0.56722194,-0.48405394,-0.43960205,-0.39866856,-0.3338988,-0.30333352,-0.28505313,-0.26621643,-0.21764107,-0.20298067,-0.16968194,-0.15221356,-0.1370945,-0.12738714,-0.10246795,-0.091740824,-0.070503674,-0.058902465,-0.046575677,-0.03800276,-0.037659995,-0.03734055,-0.025665285,-0.025158778,-0.024694864,-0.024311608,-0.017419808,-0.0171457,-0.016939607,-0.016754001,-0.016532218,-0.01625378,-0.01592912,-0.015674045,-0.015417272,-0.005734884,-0.005638624,-0.0055292714,-0.00541534,-0.005300357,-0.005201241,-0.005106299,-0.005020109,-0.004914821,-0.0048121405,0.0,0.0,0.0,0.0,0.0,0.0,0.0,0.0,0.0,0.0,0.0,0.0,0.0,0.0,0.0,0.0,0.0,0.0,0.0,0.0,0.0,0.0,0.0,0.0,0.0,0.0,0.0,0.0,0.0,0.0,0.0,0.0,0.0,0.0,0.0,0.0,0.0,0.0,0.0,0.0,0.0,0.0,0.0,0.0,0.0,0.0,0.0,0.0,0.0,0.0,0.0,0.0,0.0,0.0,0.0,0.0,0.0,0.0,0.0,0.0,0.0,0.0,0.0,0.0,0.0,0.0,0.0,0.0,0.0,0.0,0.0,0.0,0.0,0.0,0.0,0.0,0.0,0.0,0.0,0.0,0.0,0.0,0.0,0.0,0.0,0.0,0.0,0.0,0.0,0.0,0.0,0.0,0.0,0.0,0.0,0.0,0.0,0.0,0.0,0.0,0.0,0.0,0.0,0.0,0.0,0.0,0.0,0.0,0.0,0.0,0.0,0.0,0.0,0.0,0.0,0.0,0.0,0.0,0.0,0.0,0.0,0.0,0.0,0.0,0.0,0.0,0.0,0.0,0.0,0.0,0.0,0.0,0.0,0.0,0.0,0.0,0.0,0.0,0.0,0.0,0.0,0.0,0.0,0.0,0.0,0.0,0.0,0.0,0.0,0.0,0.0,0.0,0.0,0.0,0.0,0.0,0.0,0.0,0.0,0.0,0.0,0.0,0.0,0.0,0.0,0.0,0.0,0.0,0.0,0.0,0.0,0.0,0.0,0.0,0.0,0.0,0.0,0.0,0.0,0.0,0.0,0.0,0.0,0.0,0.0,0.0,0.0,0.0,0.0,0.0,0.0,0.0,0.0,0.0,0.0,0.0,0.0,0.0,0.0,0.0,0.0,0.0,0.0,0.0,0.0,0.0,0.0,0.0,0.0,0.0,0.0,0.0,0.0,0.0,0.0,0.0,0.0,0.0,0.0,0.0,0.0,0.0,0.0,0.0,0.0,0.0,0.0,0.0,0.0,0.0,0.0,0.0,0.0,0.0,0.0,0.0,0.0,0.0,0.0,0.0,0.0,0.0,0.0,0.0,0.0,0.0,0.0,0.0,0.0,0.0,0.0,0.0,0.0,0.0,0.0,0.0,0.0,0.0,0.0,0.0,0.0,0.0,0.0,0.0,0.0,0.0,0.0,0.0,0.0,0.0,0.0,0.0,0.0,0.0,0.0,0.0,0.0,0.0,0.0,0.0,0.0,0.0,0.0,0.0,0.0,0.0,0.0,0.0,0.0,0.0,0.0,0.0,0.0,0.0,0.0,0.0,0.0,0.0,0.0,0.0,0.0,0.0,0.0,0.0,0.0,0.0,0.0,0.0,0.0,0.0,0.0,0.0,0.0,0.0,0.0,0.0,0.0,0.0,0.0,0.0,0.0,0.0,0.0,0.0,0.0,0.0,0.0,0.0,0.0,0.0,0.0,0.0,0.0,0.0,0.0,0.0,0.0,0.0,0.0,0.0,0.0,0.0,0.0,0.0,0.0,0.0,0.0,0.0,0.0,0.0,0.0,0.0,0.0,0.0,0.0,0.0,0.0,0.0,0.0,0.0,0.0,0.0,0.0,0.0,0.0,0.0,0.0,0.0,0.0,0.0,0.0,0.0,0.0,0.0,0.0,0.0,0.0,0.0,0.0,0.0,0.0,0.0,0.0,0.0,0.0,0.0,0.0,0.0,0.0,0.0,0.0,0.0,0.0,0.0,0.0,0.0,0.0,0.0,0.0,0.0,0.0,0.0,0.0,0.0,0.0,0.0,0.0,0.0,0.0,0.0,0.0,0.0,0.0,0.0,0.0,0.0,0.0,0.0,0.0,0.0,0.0,0.0,0.0,0.0,0.0,0.0,0.0,0.0,0.0,0.0,0.0,0.0,0.0,0.0,0.0,0.0,0.0,0.0,0.0,0.0,0.0,0.0,0.0,0.0,0.0,0.0,0.0,0.0,0.0,0.0,0.0,0.0,0.0,0.0,0.0,0.0,0.0,0.0,0.0,0.0,0.0,0.0,0.0,0.0,0.0,0.0,0.0,0.0,0.0,0.0,0.0,0.0,0.0,0.0,0.0,0.0,0.0,0.0,0.0,0.0,0.0,0.0,0.0,0.0,0.0,0.0,0.0,0.0,0.0,0.0,0.0,0.0,0.0,0.0,0.0,0.0,0.0,0.0,0.0,0.0,0.0,0.0,0.0,0.0,0.0,0.0,0.0,0.0,0.0,0.0,0.0,0.0,0.0,0.0,0.0,0.0,0.0,0.0,0.0,0.0,0.0,0.0,0.0,0.0,0.0,0.0,0.0,0.0,0.0,0.0,0.0,0.0,0.0,0.0,0.0,0.0,0.0,0.0,0.0,0.0,0.0,0.0,0.0,0.0,0.0,0.0,0.0,0.0,0.0,0.0,0.0,0.0,0.0,0.0,0.0,0.0,0.0,0.0,0.0,0.0,0.0,0.0,0.0,0.0,0.0,0.0,0.0,0.0,0.0,0.0,0.0,0.0,0.0,0.0,0.0,0.0,0.0,0.0,0.0,0.0,0.0,0.0,0.0,0.0,0.0,0.0,0.0,0.0,0.0,0.0,0.0,0.0,0.0,0.0,0.0,0.0,0.0,0.0,0.0,0.0,0.0,0.0,0.0,0.0,0.0,0.0,0.0,0.0,0.0,0.0,0.0,0.0,0.0,0.0,0.0,0.0,0.0,0.0,0.0,0.0,0.0,0.0,0.0,0.0,0.0,0.0,0.0,0.0,0.0,0.0,0.0,0.0,0.0,0.0,0.0,0.0,0.0,0.0,0.0,0.0,0.0,0.0,0.0,0.0,0.0,0.0,0.0,0.0,0.0,0.0,0.0,0.0,0.0,0.0,0.0,0.0,0.0,0.0,0.0,0.0,0.0,0.0,0.0,0.0,0.0,0.0,0.0,0.0,0.0,0.0,0.0,0.0,0.0,0.0,0.0,0.0,0.0,0.0,0.0,0.0,0.0,0.0,0.0,0.0,0.0,0.0,0.0,0.0,0.0,0.0,0.0,0.0,0.0,0.0,0.0,0.0,0.0,0.0,0.0,0.0,0.0,0.0,0.0,0.0,0.0,0.0,0.0,0.0,0.0,0.0,0.0,0.0,0.0,0.0,0.0,0.0,0.0,0.0,0.0,0.0,0.0,0.0,0.0,0.0,0.0,0.0,0.0,0.0,0.0,0.0,0.0,0.0,0.0,0.0,0.0,0.0,0.0,0.0,0.0,0.0,0.0,0.0,0.0,0.0,0.0,0.0,0.0,0.0,0.0,0.0,0.0,0.0,0.0,0.0,0.0,0.0,0.0,0.0,0.0,0.0,0.0,0.0,0.0,0.0,0.0,0.0,0.0,0.0,0.0,0.0,0.0,0.0,0.0,0.0,0.0,0.0,0.0,0.0,0.0,0.0,0.0,0.0,0.0,0.0,0.0,0.0,0.0,0.0,0.0,0.0,0.0,0.0,0.0,0.0,0.0,0.0,0.0,0.0,0.0,0.0,0.0,0.0,0.0,0.0,0.0,0.0,0.0,0.0,0.0,0.0,0.0,0.0,0.0,0.0,0.0,0.0,0.0,0.0,0.0,0.0,0.0,0.0,0.0,0.0,0.0,0.0,0.0,0.0,0.0,0.0,0.0,0.0,0.0,0.0,0.0,0.0,0.0,0.0,0.0,0.0,0.0,0.0,0.0,0.0,0.0,0.0,0.0,0.0,0.0,0.0,0.0,0.0,0.0,0.0,0.0,0.0,0.0,0.0,0.0,0.0,0.0,0.0,0.0,0.0,0.0,0.0,0.0,0.0,0.0,0.0,0.0,0.0,0.0,0.0,0.0,0.0,0.0,0.0,0.0,0.0,0.0,0.0,0.0,0.0,0.0,0.0,0.0,0.0,0.0,0.0,0.0,0.0,0.0,0.0,0.0,0.0,0.0,0.0,0.0,0.0,0.0,0.0,0.0,0.0,0.0,0.0,0.0,0.0,0.0,0.0,0.0,0.0,0.0,0.0,0.0,0.0,0.0,0.0,0.0,0.0,0.0,0.0,0.0,0.0,0.0,0.0,0.0,0.0,0.0,0.0,0.0,0.0,0.0,0.0,0.0,0.0,0.0,0.0,0.0,0.0,0.0,0.0,0.0,0.0,0.0,0.0,0.0,0.0,0.0,0.0,0.0,0.0,0.0,0.0,0.0,0.0,0.0,0.0,0.0,0.0,0.0,0.0,0.0,0.0,0.0,0.0,0.0,0.0,0.0,0.0,0.0,0.0,0.0,0.0,0.0,0.0,0.0,0.0,0.0,0.0,0.0,0.0,0.0,0.0,0.0,0.0,0.0,0.0,0.0,0.0,0.0,0.0,0.0,0.0,0.0,0.0,0.0,0.0,0.0,0.0,0.0,0.0,0.0,0.0,0.0,0.0,0.0,0.0,0.0,0.0,0.0,0.0,0.0,0.0,0.0,0.0,0.0,0.0,0.0,0.0,0.0,0.0,0.0,0.0,0.0,0.0,0.0,0.0,0.0,0.0,0.0,0.0,0.0,0.0,0.0,0.0,0.0,0.0,0.0,0.0,0.0,0.0,0.0,0.0,0.0,0.0,0.0,0.0,0.0,0.0,0.0,0.0,0.0,0.0,0.0,0.0,0.0,0.0,0.0,0.0,0.0,0.0,0.0,0.0,0.0,0.0,0.0,0.0,0.0,0.0,0.0,0.0,0.0,0.0,0.0,0.0,0.0,0.0,0.0,0.0,0.0,0.0,0.0,0.0,0.0,0.0,0.0,0.0,0.0,0.0,0.0,0.0,0.0,0.0,0.0,0.0,0.0,0.0,0.0,0.0,0.0,0.0,0.0,0.0,0.0,0.0,0.0,0.0,0.0,0.0,0.0,0.0,0.0,0.0,0.0,0.0,0.0,0.0,0.0,0.0,0.0,0.0,0.0,0.0,0.0,0.0,0.0,0.0,0.0,0.0,0.0,0.0,0.0,0.0,0.0,0.0,0.0,0.0,0.0,0.0,0.0,0.0,0.0,0.0,0.0,0.0,0.0,0.0,0.0,0.0,0.0,0.0,0.0,0.0,0.0,0.0,0.0,0.0,0.0,0.0,0.0,0.0,0.0,0.0,0.0,0.0,0.0,0.0,0.0,0.0,0.0,0.0,0.0,0.0,0.0,0.0,0.0,0.0,0.0,0.0,0.0,0.0,0.0,0.0,0.0,0.0,0.0,0.0,0.0,0.0,0.0,0.0,0.0,0.0,0.0,0.0,0.0,0.0,0.0,0.0,0.0,0.0,0.0,0.0,0.0,0.0,0.0,0.0,0.0,0.0,0.0,0.0,0.0,0.0,0.0,0.0,0.0,0.0,0.0,0.0,0.0,0.0,0.0,0.0,0.0,0.0,0.0,0.0,0.0,0.0,0.0,0.0,0.0,0.0,0.0,0.0,0.0,0.0,0.0,0.0,0.0,0.0,0.0,0.0,0.0,0.0,0.0,0.0,0.0,0.0,0.0,0.0,0.0,0.0,0.0,0.0,0.0,0.0,0.0,0.0,0.0,0.0,0.0,0.0,0.0,0.0,0.0,0.0,0.0,0.0,0.0,0.0,0.0,0.0,0.0,0.0,0.0,0.0,0.0,0.0,0.0,0.0,0.0,0.0,0.0,0.0,0.0,0.0,0.0,0.0,0.0,0.0,0.0,0.0,0.0,0.0,0.0,0.0,0.0,0.0,0.0,0.0,0.0,0.0,0.0,0.0,0.0,0.0,0.0,0.0,0.0,0.0,0.0,0.0,0.0,0.0,0.0,0.0,0.0,0.0,0.0,0.0,0.0,0.0,0.0,0.0,0.0,0.0,0.0,0.0,0.0,0.0,0.0,0.0,0.0,0.0,0.0,0.0,0.0,0.0,0.0,0.0,0.0,0.0,0.0,0.0,0.0,0.0,0.0,0.0,0.0,0.0,0.0,0.0,0.0,0.0,0.0,0.0,0.0,0.0,0.0,0.0,0.0,0.0,0.0,0.0,0.0,0.0,0.0,0.0,0.0,0.0,0.0,0.0,0.0,0.0,0.0,0.0,0.0,0.0,0.0,0.0,0.0,0.0,0.0,0.0,0.0,0.0,0.0,0.0,0.0,0.0,0.0,0.0,0.0,0.0,0.0,0.0,0.0,0.0,0.0,0.0,0.0,0.0,0.0,0.0,0.0,0.0,0.0,0.0,0.0,0.0,0.0,0.0,0.0,0.0,0.0,0.0,0.0,0.0,0.0,0.0,0.0,0.0,0.0,0.0,0.0,0.0,0.0,0.0,0.0,0.0,0.0,0.0,0.0,0.0,0.0,0.0,0.0,0.0,0.0,0.0,0.0,0.0,0.0,0.0,0.0,0.0,0.0,0.0,0.0,0.0,0.0,0.0,0.0,0.0,0.0,0.0,0.0,0.0,0.0,0.0,0.0,0.0,0.0,0.0,0.0,0.0,0.0,0.0,0.0,0.0,0.0,0.0,0.0,0.0,0.0,0.0,0.0,0.0,0.0,0.0,0.0,0.0,0.0,0.0,0.0,0.0,0.0,0.0,0.0,0.0,0.0,0.0,0.0,0.0,0.0,0.0,0.0,0.0,0.0,0.0,0.0,0.0,0.0,0.0,0.0,0.0,0.0,0.0,0.0,0.0,0.0,0.0,0.0,0.0,0.0,0.0,0.0,0.0,0.0,0.0,0.0,0.0,0.0,0.0,0.0,0.0,0.0,0.0,0.0,0.0,0.0,0.0,0.0,0.0,0.0,0.0,0.0,0.0,0.0,0.0,0.0,0.0,0.0,0.0,0.0,0.0,0.0,0.0,0.0,0.0,0.0,0.0,0.0,0.0,0.0,0.0,0.0,0.0,0.0,0.0,0.0,0.0,0.0,0.0,0.0,0.0,0.0,0.0,0.0,0.0,0.0,0.0,0.0,0.0,0.0,0.0,0.0,0.0,0.0,0.0,0.0,0.0,0.0,0.0,0.0,0.0,0.0,0.0,0.0,0.0,0.0,0.0,0.0,0.0,0.0,0.0,0.0,0.0,0.0,0.0,0.0,0.0,0.0,0.0,0.0,0.0,0.0,0.0,0.0,0.0,0.0,0.0,0.0,0.0,0.0,0.0,0.0,0.0,0.0,0.0,0.0,0.0,0.0,0.0,0.0,0.0,0.0,0.0,0.0,0.0,0.0,0.0,0.0,0.0,0.0,0.0,0.0,0.0,0.0,0.0,0.0,0.0,0.0,0.0,0.0,0.0,0.0,0.0,0.0,0.0,0.0,0.0,0.0,0.0,0.0,0.0,0.0,0.0,0.0,0.0,0.0,0.0,0.0,0.0,0.0,0.0,0.0,0.0,0.0,0.0,0.0,0.0,0.0,0.0,0.0,0.0,0.0,0.0,0.0,0.0,0.0,0.0,0.0,0.0,0.0,0.0,0.0,0.0,0.0,0.0,0.0,0.0,0.0,0.0,0.0,0.0,0.0,0.0,0.0,0.0,0.0,0.0,0.0,0.0,0.0,0.0,0.0,0.0,0.0,0.0,0.0,0.0,0.0,0.0,0.0,0.0,0.0,0.0,0.0,0.0,0.0,0.0,0.0,0.0,0.0,0.0,0.0,0.0,0.0,0.0,0.0,0.0,0.0,0.0,0.0,0.0,0.0,0.0,0.0,0.0,0.0,0.0,0.0,0.0,0.0,0.0,0.0,0.0,0.0,0.0,0.0,0.0,0.0,0.0,0.0,0.0,0.0,0.0,0.0,0.0,0.0,0.0,0.0,0.0,0.0,0.0,0.0,0.0,0.0,0.0,0.0,0.0,0.0,0.0,0.0,0.0,0.0,0.0,0.0,0.0,0.0,0.0,0.0,0.0,0.0,0.0,0.0,0.0,0.0,0.0,0.0,0.0,0.0,0.0,0.0,0.0,0.0,0.0,0.0,0.0,0.0,0.0,0.0,0.0,0.0,0.0,0.0,0.0,0.0,0.0,0.0,0.0,0.0,0.0,0.0,0.0,0.0,0.0,0.0,0.0,0.0,0.0,0.0,0.0,0.0,0.0,0.0,0.0,0.0,0.0,0.0,0.0,0.0,0.0,0.0,0.0,0.0,0.0,0.0,0.0,0.0,0.0,0.0,0.0,0.0,0.0,0.0,0.0,0.0,0.0,0.0,0.0,0.0,0.0,0.0,0.0,0.0,0.0,0.0,0.0,0.0,0.0,0.0,0.0,0.0,0.0,0.0,0.0,0.0,0.0,0.0,0.0,0.0,0.0,0.0,0.0,0.0,0.0,0.0,0.0,0.0,0.0,0.0,0.0,0.0,0.0,0.0,0.0,0.0,0.0,0.0,0.0,0.0,0.0,0.0,0.0,0.0,0.0,0.0,0.0,0.0,0.0,0.0,0.0,0.0,0.0,0.0,0.0,0.0,0.0,0.0,0.0,0.0,0.0,0.0,0.0,0.0,0.0,0.0,0.0,0.0,0.0,0.0,0.0,0.0,0.0,0.0,0.0,0.0,0.0,0.0,0.0,0.0,0.0,0.0,0.0,0.0,0.0,0.0,0.0,0.0,0.0,0.0,0.0,0.0,0.0,0.0,0.0,0.0,0.0,0.0,0.0,0.0,0.0,0.0,0.0,0.0,0.0,0.0,0.0,0.0,0.0,0.0,0.0,0.0,0.0,0.0,0.0,0.0,0.0,0.0,0.0,0.0,0.0,0.0,0.0,0.0,0.0,0.0,0.0,0.0,0.0,0.0,0.0,0.0,0.0,0.0,0.0,0.0,0.0,0.0,0.0,0.0,0.0,0.0,0.0,0.0,0.0,0.0,0.0,0.0,0.0,0.0,0.0,0.0,0.0,0.0,0.0,0.0,0.0,0.0,0.0,0.0,0.0,0.0,0.0,0.0,0.0,0.0,0.0,0.0,0.0,0.0,0.0,0.0,0.0,0.0,0.0,0.0,0.0,0.0,0.0,0.0,0.0,0.0,0.0,0.0,0.0,0.0,0.0,0.0,0.0,0.0,0.0,0.0,0.0,0.0,0.0,0.0,0.0,0.0,0.0,0.0,0.0,0.0,0.0,0.0,0.0,0.0,0.0,0.0,0.0,0.0,0.0,0.0,0.0,0.0,0.0,0.0,0.0,0.0,0.0,0.0,0.0,0.0,0.0,0.0,0.0,0.0,0.0,0.0,0.0,0.0,0.0,0.0,0.0,0.0,0.0,0.0,0.0,0.0,0.0,0.0,0.0,0.0,0.0,0.0,0.0,0.0,0.0,0.0,0.0,0.0,0.0,0.0,0.0,0.0,0.0,0.0,0.0,0.0,0.0,0.0,0.0,0.0,0.0,0.0,0.0,0.0,0.0,0.0,0.0,0.0,0.0,0.0,0.0,0.0,0.0,0.0,0.0,0.0,0.0,0.0,0.0,0.0,0.0,0.0,0.0,0.0,0.0,0.0,0.0,0.0,0.0,0.0,0.0,0.0,0.0,0.0,0.0,0.0,0.0,0.0,0.0,0.0,0.0,0.0,0.0,0.0,0.0,0.0,0.0,0.0,0.0,0.0,0.0,0.0,0.0,0.0,0.0,0.0,0.0,0.0,0.0,0.0,0.0,0.0,0.0,0.0,0.0,0.0,0.0,0.0,0.0,0.0,0.0,0.0,0.0,0.0,0.0,0.0,0.0,0.0,0.0,0.0,0.0,0.0,0.0,0.0,0.0,0.0,0.0,0.0,0.0,0.0,0.0,0.0,0.0,0.0,0.0,0.0,0.0,0.0,0.0,0.0,0.0,0.0,0.0,0.0,0.0,0.0,0.0,0.0,0.0,0.0,0.0,0.0,0.0,0.0,0.0,0.0,0.0,0.0,0.0,0.0,0.0,0.0,0.0,0.0,0.0,0.0,0.0,0.0,0.0,0.0,0.0,0.0,0.0,0.0,0.0,0.0,0.0,0.0,0.0,0.0,0.0,0.0,0.0,0.0,0.0,0.0,0.0,0.0,0.0,0.0,0.0,0.0,0.0,0.0,0.0,0.0,0.0,0.0,0.0,0.0,0.0,0.0,0.0,0.0,0.0,0.0,0.0,0.0,0.0,0.0,0.0,0.0,0.0,0.0,0.0,0.0,0.0,0.0,0.0,0.0,0.0,0.0,0.0,0.0,0.0,0.0,0.0,0.0,0.0,0.0,0.0,0.0,0.0,0.0,0.0,0.0,0.0,0.0,0.0,0.0,0.0,0.0,0.0,0.0,0.0,0.0,0.0,0.0,0.0,0.0,0.0,0.0,0.0,0.0,0.0,0.0,0.0,0.0,0.0,0.0,0.0,0.0,0.0,0.0,0.0,0.0,0.0,0.0,0.0,0.0,0.0,0.0,0.0,0.0,0.0,0.0,0.0,0.0,0.0,0.0,0.0,0.0,0.0,0.0,0.0,0.0,0.0,0.0,0.0,0.0,0.0,0.0,0.0,0.0,0.0,0.0,0.0,0.0,0.0,0.0,0.0,0.0,0.0,0.0,0.0,0.0,0.0,0.0,0.0,0.0,0.0,0.0,0.0,0.0,0.0,0.0,0.0,0.0,0.0,0.0,0.0,0.0,0.0,0.0,0.0,0.0,0.0,0.0,0.0,0.0,0.0,0.0,0.0,0.0,0.0,0.0,0.0,0.0,0.0,0.0,0.0,0.0,0.0,0.0,0.0,0.0,0.0,0.0,0.0,0.0,0.0,0.0,0.0,0.0,0.0,0.0,0.0,0.0,0.0,0.0,0.0,0.0,0.0,0.0,0.0,0.0,0.0,0.0,0.0,0.0,0.0,0.0,0.0,0.0,0.0,0.0,0.0,0.0,0.0,0.0,0.0,0.0,0.0,0.0,0.0,0.0,0.0,0.0,0.0,0.0,0.0,0.0,0.0,0.0,0.0,0.0,0.0,0.0,0.0,0.0,0.0,0.0,0.0,0.0,0.0,0.0,0.0,0.0,0.0,0.0,0.0,0.0,0.0,0.0,0.0,0.0,0.0,0.0,0.0,0.0,0.0,0.0,0.0,0.0,0.0,0.0,0.0,0.0,0.0,0.0,0.0,0.0,0.0,0.0,0.0,0.0,0.0,0.0,0.0,0.0,0.0,0.0,0.0,0.0,0.0,0.0,0.0,0.0,0.0,0.0,0.0,0.0,0.0,0.0,0.0,0.0,0.0,0.0,0.0,0.0,0.0,0.0,0.0,0.0,0.0,0.0,0.0,0.0,0.0,0.0,0.0,0.0,0.0,0.0,0.0,0.0,0.0,0.0,0.0,0.0,0.0,0.0,0.0,0.0,0.0,0.0,0.0,0.0,0.0,0.0,0.0,0.0,0.0,0.0,0.0,0.0,0.0,0.0,0.0,0.0,0.0,0.0,0.0,0.0,0.0,0.0,0.0,0.0,0.0,0.0,0.0,0.0,0.0,0.0,0.0,0.0,0.0,0.0,0.0,0.0,0.0,0.0,0.0,0.0,0.0,0.0,0.0,0.0,0.0,0.0,0.0,0.0,0.0,0.0,0.0,0.0,0.0,0.0,0.0,0.0,0.0,0.0,0.0,0.0,0.0,0.0,0.0,0.0,0.0,0.0,0.0,0.0,0.0,0.0,0.0,0.0,0.0,0.0,0.0,0.0
Tax73,0.0,-0.3936846,-0.34614274,-0.26969838,-0.17213002,-0.05905576,0.065030515,0.19663961,0.33290747,0.4716188,0.610847,0.7489712,0.88427675,1.0152655,1.1426826,1.263342,1.376748,1.4826138,1.5724118,1.6798084,1.7655802,1.8478866,1.9412106,2.0091884,2.0926497,2.1538615,2.2445364,2.3006246,2.3748598,2.4451902,2.53385,2.5758882,2.660295,2.718922,2.7824688,2.8095007,2.8772845,2.9249449,2.8669057,2.8872063,2.983766,2.9879026,3.0993378,3.2291315,3.2247944,3.332077,3.4077308,3.389664,3.4170556,3.4311912,3.5095103,3.5356095,3.4997358,3.561178,3.568283,3.4730706,3.477314,3.4879937,3.4985232,3.4549823,3.3550458,3.2723453,3.1992462,3.1917424,3.2922401,3.3640385,1.2296288,1.2805887,3.664482,3.7386177,3.7653542,3.7935884,3.7977126,1.3634369,3.896965,1.4390175,1.4706634,1.5067335,1.537227,1.5613308,1.6002449,1.6708293,1.6753827,1.7068138,1.7901801,1.8578724,4.845893,4.889923,5.013008,5.1035237,5.3842816,5.515251,5.6123605,5.687508,5.610021,5.510266,5.5226717,5.631759,5.665635,5.758953,5.771843,5.8450427,5.900847,5.792253,5.9685283,6.0983295,6.067255,6.211465,6.3009825,6.338433,6.399467,6.493276,6.5422916,6.5847135,6.5205917,2.4976418,2.6081038,2.6413236,2.6473284,2.6627398,2.7364895,2.7060783,2.665253,2.6646874,2.6301053,2.6234617,2.5883853,2.47467,2.391886,2.3546402,2.2983065,2.1842086,2.1862528,2.09455,1.9734125,1.869089,1.7722982,1.6222894,1.5067086,1.3590958,1.1989443,1.0485792,0.9121681,0.7818216,0.6852092,0.62238955,0.54426336,0.44240096,0.34308878,0.24586244,0.17888108,0.16542757,0.25862852,0.3855158,0.49313158,0.60515994,0.7129617,0.79451346,0.85436803,0.8636075,0.8863423,0.89820814,0.85084975,0.8046465,0.777974,0.75211567,0.75262713,0.79293823,0.78939563,0.8071291,0.8442637,0.8883537,0.90132374,0.88289183,1.0054195,1.0859629,1.0355681,1.0185384,1.0519594,1.1520324,1.2043865,1.1781139,0.95007306,0.69905525,0.52817994,0.39720172,0.27031904,0.15979211,0.08669118,0.0011465852,-0.075917,-0.14608303,-0.19155926,-0.22488242,-0.26451427,-0.29177925,-0.3329259,-0.3654273,-0.38748214,-0.4012693,-0.42329797,-0.4436557,-0.45517412,-0.46777126,-0.48962504,-0.4929708,-0.48935327,-0.48809266,-0.4756711,-0.47988388,-0.46985936,-0.46265504,-0.44732732,-0.44361538,-0.42619467,-0.4129118,-0.40459377,-0.39237648,-0.38475618,-0.36611894,-0.35867915,-0.3502048,-0.345399,-0.34037817,-0.3351144,-0.32965922,-0.30732384,-0.29169622,-0.27493662,-0.2642432,-0.2571014,-0.24784696,-0.22940943,-0.21219403,-0.21161051,-0.20424944,-0.19912446,-0.19847168,-0.19090022,-0.19030038,-0.1832039,-0.17216097,-0.1716781,-0.16785555,-0.15885189,-0.15831245,-0.15485933,-0.15138778,-0.14063795,-0.14016378,-0.12613066,-0.12570916,-0.122209825,-0.11871181,-0.10996343,-0.10447846,-0.09973368,-0.09946536,-0.09919035,-0.098942935,-0.09551141,-0.09110643,-0.08535642,-0.08187757,-0.07573965,-0.072024114,-0.07176841,-0.07155827,-0.07136142,-0.07114078,-0.07088069,-0.067775406,-0.06753249,-0.06367134,-0.06343899,-0.052182484,-0.049247086,-0.049030624,-0.048807092,-0.043369714,-0.043193102,-0.03960316,-0.034771297,-0.029718421,-0.029566327,-0.029385895,-0.02919469,-0.028984336,-0.025158068,-0.024980396,-0.024842285,-0.024729075,-0.024647078,-0.024551267,-0.024335762,-0.023945922,-0.023344733,-0.02240521,-0.018964993,-0.017524267,-0.016122006,-0.014843737,-0.013006789,-0.010844499,-0.008462226,-0.004788154,-0.0023560182,0.00021665916,0.003128876,0.007057987,0.011415673,0.01676491,0.022479039,0.028835718,0.030911412,0.037835658,0.038227167,0.04658075,0.056492552,0.06620215,0.0786597,0.09920826,0.13332385,0.17397493,0.21341708,0.23094757,0.24159798,0.25386855,0.26917988,0.28328645,0.30465415,0.32864946,0.3498916,0.3887579,0.42603892,0.46957284,0.5211191,0.58014107,1.3874263,1.6305565,1.8384804,2.0656667,2.280339,2.507883,2.7061524,2.855536,2.9163606,2.900539,2.8198962,2.7255669,2.5007327,2.056505,1.4408176,0.8742444,0.46856046,0.19829792,0.08105975,0.030871257,0.0121204015,0.009369864,0.009154891,0.009941212,0.011427818,0.015644018,0.019614687,0.022971764,-0.037013084,-0.03354538,-0.028655333,-0.022825522,-0.016392054,-0.0095930295,-0.0026009514,0.0044647967,0.011497214,0.018424831,0.025185741,0.03172726,0.038022023,0.044030957,0.049735516,0.055124603,0.060167834,0.064794496,0.06898541,0.072837636,0.076351345,0.07940071,0.0819132,0.08396697,0.08564298,0.087091535,0.08856122,0.08867754,0.08981459,0.0909648,0.09204838,0.09465626,0.10217355,0.11366302,0.11515288,0.11650689,0.12619087,0.12140389,0.121099964,0.121457145,0.12416359,0.12838084,0.13325492,0.13111256,0.13508284,0.14131723,0.13588613,0.14191869,0.1477536,0.1436307,0.14885771,0.15041389,0.15874344,0.16215883,0.15940371,0.15922418,0.15810876,0.15267737,0.15835552,0.1482525,0.13920388,0.13659117,0.13017096,0.1357322,0.13877214,0.0384542,0.040594924,0.15794638,0.16407193,0.16755635,0.1734383,0.17223908,0.051670317,0.1722057,0.050571177,0.058691707,0.061228648,0.06050706,0.06270219,0.064199984,0.06185421,0.065395325,0.069923624,0.07363849,0.07796357,0.23849855,0.23388779,0.23504561,0.24726719,0.24435017,0.23287909,0.25718954,0.25449762,0.25471625,0.25233358,0.2728802,0.26705492,0.26558635,0.25861645,0.26838794,0.278114,0.29024637,0.28660575,0.30843997,0.27710623,0.29844323,0.30510855,0.29856125,0.3350061,0.3162087,0.3403247,0.32599035,0.31977472,0.31516662,0.09978737,0.11596606,0.11547479,0.122022465,0.12815861,0.12709095,0.12614323,0.13406649,0.12867592,0.12993908,0.13109213,0.13091026,0.12540695,0.11319561,0.12633839,0.124096185,0.11424667,0.10518566,0.105242975,0.100106485,0.09624003,0.08772574,0.0858763,0.07949978,0.06318426,0.05517472,0.04524544,0.03592633,0.02939756,0.024579685,0.020931605,0.017070174,0.011146484,0.0048851897,-0.0012314727,-0.005375767,-0.006131992,-0.00071630697,0.007132047,0.014429182,0.02090593,0.028399259,0.035423446,0.04139694,0.044848107,0.048542738,0.051199872,0.050549306,0.049481038,0.04621267,0.04497172,0.045858413,0.049595784,0.049879648,0.051475015,0.054408614,0.05816602,0.05619054,0.055152345,0.064530775,0.071297064,0.06976267,0.068756714,0.07139371,0.07110058,0.076082654,0.07505432,0.059731588,0.04186349,0.02945186,0.020121913,0.011114658,0.0033030878,-0.0020413056,-0.00773862,-0.012970033,-0.017980156,-0.020151703,-0.022623759,-0.025377972,-0.02766504,-0.030407835,-0.032817665,-0.034453418,-0.035991747,-0.034059934,-0.03543218,-0.036348656,-0.03728332,-0.038865563,-0.040356148,-0.037404764,-0.03802236,-0.03853043,-0.035264403,-0.031998694,-0.0322202,-0.032277424,-0.028558964,-0.022609454,-0.02266047,-0.022700306,-0.022719994,-0.022749176,-0.022736002,-0.022712428,-0.019012494,-0.01898434,-0.018958772,-0.018930623,-0.018890046,-0.018835956,-0.018790742,-0.010378246,-0.010339465,-0.010289025,-0.010257588,-0.010236723,-0.010211294,-0.010181988,-0.010149592,-0.01011467,-0.010081334,-0.010048838,-0.006742589,-0.0067200977,-0.0066977227,-0.0066782422,-0.0066624805,-0.006642266,-0.006619756,-0.006598508,-0.0065768724,-0.0065548075,-0.0065327296,-0.006509564,-0.0033255888,-0.0033148932,-0.0033034263,-0.0032915643,-0.0032812592,-0.0032721031,-0.0032629324,-0.0032535896,-0.003245007,-0.0032366195,-0.0032253324,-0.0032127313,-0.003200524,-0.00318942,-0.003176959,-0.0031657887,-0.0031563013,-0.0031473103,-0.0031374455,-0.0031261335,-0.003113545,-0.0031025049,-0.00309142,-0.0030802842,-0.0030690741,-0.0030566677,0.0,0.0,0.0,0.0,0.0,0.0,0.0,0.0,0.0,0.0,0.0,0.0,0.0,0.0,0.0,0.0,0.0,0.0,0.0,0.0,0.0,0.0,0.0,0.0,0.0,0.0,0.0,0.0,0.0,0.0,0.0,0.0,0.0,0.0,0.0,0.0,0.0,0.0,0.0,0.0,0.0,0.0,0.0,0.0,0.0,0.0,0.0,0.0,0.0,0.0,0.0,0.0,0.0,0.0,0.0,0.0,0.0,0.0,0.0,0.0,0.0,0.0,0.0,0.0,0.0,0.0,0.0,0.0,0.0,0.0,0.0,0.0,0.0,0.0,0.0,0.0,0.0,0.0,0.0,0.0,0.0,0.0,0.0,0.0,0.0,0.0,0.0,0.0,0.0,0.0,0.0,0.0,0.0,0.0,0.0,0.0,0.0,0.0,0.0,0.0,0.0,0.0,0.0,0.0,0.0,0.0,0.0,0.0,0.0,0.0,0.0,0.0,0.0,0.0,0.0,0.0,0.0,0.0,0.0,0.0,0.0,0.0,0.0,0.0,0.0,0.0,0.0,0.0,0.0,0.0,0.0,0.0,0.0,0.0,0.0,0.0,0.0,0.0,0.0,0.0,0.0,0.0,0.0,0.0,0.0,0.0,0.0,0.0,0.0,0.0,0.0,0.0,0.0,0.0,0.0,0.0,0.0,0.0,0.0,0.0,0.0,0.0,0.0,0.0,0.0,0.0,0.0,0.0,0.0,0.0,0.0,0.0,0.0,0.0,0.0,0.0,0.0,0.0,0.0,0.0,0.0,0.0,0.0,0.0,0.0,0.0,0.0,0.0,0.0,0.0,0.0,0.0,0.0,0.0,0.0,0.0,0.0,0.0,0.0,0.0,0.0,0.0,0.0,0.0,0.0,0.0,0.0,0.0,0.0,0.0,0.0,0.0,0.0,0.0,0.0,0.0,0.0,0.0,0.0,0.0,0.0,0.0,0.0,0.0,0.0,0.0,0.0,0.0,0.0,0.0,0.0,0.0,0.0,0.0,0.0,0.0,0.0,0.0,0.0,0.0,0.0,0.0,0.0,0.0,0.0,0.0,0.0,0.0,0.0,0.0,0.0,0.0,0.0,0.0,0.0,0.0,0.0,0.0,0.0,0.0,0.0,0.0,0.0,0.0,0.0,0.0,0.0,0.0,0.0,0.0,0.0,0.0,0.0,0.0,0.0,0.0,0.0,0.0,0.0,0.0,0.0,0.0,0.0,0.0,0.0,0.0,0.0,0.0,0.0,0.0,0.0,0.0,0.0,0.0,0.0,0.0,0.0,0.0,0.0,0.0,0.0,0.0,0.0,0.0,0.0,0.0,0.0,0.0,0.0,0.0,0.0,0.0,0.0,0.0,0.0,0.0,0.0,0.0,0.0,0.0,0.0,0.0,0.0,0.0,0.0,0.0,0.0,0.0,0.0,0.0,0.0,0.0,0.0,0.0,0.0,0.0,0.0,0.0,0.0,0.0,0.0,0.0,0.0,0.0,0.0,0.0,0.0,0.0,0.0,0.0,0.0,0.0,0.0,0.0,0.0,0.0,0.0,0.0,0.0,0.0,0.0,0.0,0.0,0.0,0.0,0.0,0.0,0.0,0.0,0.0,0.0,0.0,0.0,0.0,0.0,0.0,0.0,0.0,0.0,0.0,0.0,0.0,0.0,0.0,0.0,0.0,0.0,0.0,0.0,0.0,0.0,0.0,0.0,0.0,0.0,0.0,0.0,0.0,0.0,0.0,0.0,0.0,0.0,0.0,0.0,0.0,0.0,0.0,0.0,0.0,0.0,0.0,0.0,0.0,0.0,0.0,0.0,0.0,0.0,0.0,0.0,0.0,0.0,0.0,0.0,0.0,0.0,0.0,0.0,0.0,0.0,0.0,0.0,0.0,0.0,0.0,0.0,0.0,0.0,0.0,0.0,0.0,0.0,0.0,0.0,0.0,0.0,0.0,0.0,0.0,0.0,0.0,0.0,0.0,0.0,0.0,0.0,0.0,0.0,0.0,0.0,0.0,0.0,0.0,0.0,0.0,0.0,0.0,0.0,0.0,0.0,0.0,0.0,0.0,0.0,0.0,0.0,0.0,0.0,0.0,0.0,0.0,0.0,0.0,0.0,0.0,0.0,0.0,0.0,0.0,0.0,0.0,0.0,0.0,0.0,0.0,0.0,0.0,0.0,0.0,0.0,0.0,0.0,0.0,0.0,0.0,0.0,0.0,0.0,0.0,0.0,0.0,0.0,0.0,0.0,0.0,0.0,0.0,0.0,0.0,0.0,0.0,0.0,0.0,0.0,0.0,0.0,0.0,0.0,0.0,0.0,0.0,0.0,0.0,0.0,0.0,0.0,0.0,0.0,0.0,0.0,0.0,0.0,0.0,0.0,0.0,0.0,0.0,0.0,0.0,0.0,0.0,0.0,0.0,0.0,0.0,0.0,0.0,0.0,0.0,0.0,0.0,0.0,0.0,0.0,0.0,0.0,0.0,0.0,0.0,0.0,0.0,0.0,0.0,0.0,0.0,0.0,0.0,0.0,0.0,0.0,0.0,0.0,0.0,0.0,0.0,0.0,0.0,0.0,0.0,0.0,0.0,0.0,0.0,0.0,0.0,0.0,0.0,0.0,0.0,0.0,0.0,0.0,0.0,0.0,0.0,0.0,0.0,0.0,0.0,0.0,0.0,0.0,0.0,0.0,0.0,0.0,0.0,0.0,0.0,0.0,0.0,0.0,0.0,0.0,0.0,0.0,0.0,0.0,0.0,0.0,0.0,0.0,0.0,0.0,0.0,0.0,0.0,0.0,0.0,0.0,0.0,0.0,0.0,0.0,0.0,0.0,0.0,0.0,0.0,0.0,0.0,0.0,0.0,0.0,0.0,0.0,0.0,0.0,0.0,0.0,0.0,0.0,0.0,0.0,0.0,0.0,0.0,0.0,0.0,0.0,0.0,0.0,0.0,0.0,0.0,0.0,0.0,0.0,0.0,0.0,0.0,0.0,0.0,0.0,0.0,0.0,0.0,0.0,0.0,0.0,0.0,0.0,0.0,0.0,0.0,0.0,0.0,0.0,0.0,0.0,0.0,0.0,0.0,0.0,0.0,0.0,0.0,0.0,0.0,0.0,0.0,0.0,0.0,0.0,0.0,0.0,0.0,0.0,0.0,0.0,0.0,0.0,0.0,0.0,0.0,0.0,0.0,0.0,0.0,0.0,0.0,0.0,0.0,0.0,0.0,0.0,0.0,0.0,0.0,0.0,0.0,0.0,0.0,0.0,0.0,0.0,0.0,0.0,0.0,0.0,0.0,0.0,0.0,0.0,0.0,0.0,0.0,0.0,0.0,0.0,0.0,0.0,0.0,0.0,0.0,0.0,0.0,0.0,0.0,0.0,0.0,0.0,0.0,0.0,0.0,0.0,0.0,0.0,0.0,0.0,0.0,0.0,0.0,0.0,0.0,0.0,0.0,0.0,0.0,0.0,0.0,0.0,0.0,0.0,0.0,0.0,0.0,0.0,0.0,0.0,0.0,0.0,0.0,0.0,0.0,0.0,0.0,0.0,0.0,0.0,0.0,0.0,0.0,0.0,0.0,0.0,0.0,0.0,0.0,0.0,0.0,0.0,0.0,0.0,0.0,0.0,0.0,0.0,0.0,0.0,0.0,0.0,0.0,0.0,0.0,0.0,0.0,0.0,0.0,0.0,0.0,0.0,0.0,0.0,0.0,0.0,0.0,0.0,0.0,0.0,0.0,0.0,0.0,0.0,0.0,0.0,0.0,0.0,0.0,0.0,0.0,0.0,0.0,0.0,0.0,0.0,0.0,0.0,0.0,0.0,0.0,0.0,0.0,0.0,0.0,0.0,0.0,0.0,0.0,0.0,0.0,0.0,0.0,0.0,0.0,0.0,0.0,0.0,0.0,0.0,0.0,0.0,0.0,0.0,0.0,0.0,0.0,0.0,0.0,0.0,0.0,0.0,0.0,0.0,0.0,0.0,0.0,0.0,0.0,0.0,0.0,0.0,0.0,0.0,0.0,0.0,0.0,0.0,0.0,0.0,0.0,0.0,0.0,0.0,0.0,0.0,0.0,0.0,0.0,0.0,0.0,0.0,0.0,0.0,0.0,0.0,0.0,0.0,0.0,0.0,0.0,0.0,0.0,0.0,0.0,0.0,0.0,0.0,0.0,0.0,0.0,0.0,0.0,0.0,0.0,0.0,0.0,0.0,0.0,0.0,0.0,0.0,0.0,0.0,0.0,0.0,0.0,0.0,0.0,0.0,0.0,0.0,0.0,0.0,0.0,0.0,0.0,0.0,0.0,0.0,0.0,0.0,0.0,0.0,0.0,0.0,0.0,0.0,0.0,0.0,0.0,0.0,0.0,0.0,0.0,0.0,0.0,0.0,0.0,0.0,0.0,0.0,0.0,0.0,0.0,0.0,0.0,0.0,0.0,0.0,0.0,0.0,0.0,0.0,0.0,0.0,0.0,0.0,0.0,0.0,0.0,0.0,0.0,0.0,0.0,0.0,0.0,0.0,0.0,0.0,0.0,0.0,0.0,0.0,0.0,0.0,0.0,0.0,0.0,0.0,0.0,0.0,0.0,0.0,0.0,0.0,0.0,0.0,0.0,0.0,0.0,0.0,0.0,0.0,0.0,0.0,0.0,0.0,0.0,0.0,0.0,0.0,0.0,0.0,0.0,0.0,0.0,0.0,0.0,0.0,0.0,0.0,0.0,0.0,0.0,0.0,0.0,0.0,0.0,0.0,0.0,0.0,0.0,0.0,0.0,0.0,0.0,0.0,0.0,0.0,0.0,0.0,0.0,0.0,0.0,0.0,0.0,0.0,0.0,0.0,0.0,0.0,0.0,0.0,0.0,0.0,0.0,0.0,0.0,0.0,0.0,0.0,0.0,0.0,0.0,0.0,0.0,0.0,0.0,0.0,0.0,0.0,0.0,0.0,0.0,0.0,0.0,0.0,0.0,0.0,0.0,0.0,0.0,0.0,0.0,0.0,0.0,0.0,0.0,0.0,0.0,0.0,0.0,0.0,0.0,0.0,0.0,0.0,0.0,0.0,0.0,0.0,0.0,0.0,0.0,0.0,0.0,0.0,0.0,0.0,0.0,0.0,0.0,0.0,0.0,0.0,0.0,0.0,0.0,0.0,0.0,0.0,0.0,0.0,0.0,0.0,0.0,0.0,0.0,0.0,0.0,0.0,0.0,0.0,0.0,0.0,0.0,0.0,0.0,0.0,0.0,0.0,0.0,0.0,0.0,0.0,0.0,0.0,0.0,0.0,0.0,0.0,0.0,0.0,0.0,0.0,0.0,0.0,0.0,0.0,0.0,0.0,0.0,0.0,0.0,0.0,0.0,0.0,0.0,0.0,0.0,0.0,0.0,0.0,0.0,0.0,0.0,0.0,0.0,0.0,0.0,0.0,0.0,0.0,0.0,0.0,0.0,0.0,0.0,0.0,0.0,0.0,0.0,0.0,0.0,0.0,0.0,0.0,0.0,0.0,0.0,0.0,0.0,0.0,0.0,0.0,0.0,0.0,0.0,0.0,0.0,0.0,0.0,0.0,0.0,0.0,0.0,0.0,0.0,0.0,0.0,0.0,0.0,0.0,0.0,0.0,0.0,0.0,0.0,0.0,0.0,0.0,0.0,0.0,0.0,0.0,0.0,0.0,0.0,0.0,0.0,0.0,0.0,0.0,0.0,0.0,0.0,0.0,0.0,0.0,0.0,0.0,0.0,0.0,0.0,0.0,0.0,0.0,0.0,0.0,0.0,0.0,0.0,0.0,0.0,0.0,0.0,0.0,0.0,0.0,0.0,0.0,0.0,0.0,0.0,0.0,0.0,0.0,0.0,0.0,0.0,0.0,0.0,0.0,0.0,0.0,0.0,0.0,0.0,0.0,0.0,0.0,0.0,0.0,0.0,0.0,0.0,0.0,0.0,0.0,0.0,0.0,0.0,0.0,0.0,0.0,0.0,0.0,0.0,0.0,0.0,0.0,0.0,0.0,0.0,0.0,0.0,0.0,0.0,0.0,0.0,0.0,0.0,0.0,0.0,0.0,0.0,0.0,0.0,0.0,0.0,0.0,0.0,0.0,0.0,0.0,0.0,0.0,0.0,0.0,0.0,0.0,0.0,0.0,0.0,0.0,0.0,0.0,0.0,0.0,0.0,0.0,0.0,0.0,0.0,0.0,0.0,0.0,0.0,0.0,0.0,0.0,0.0,0.0,0.0,0.0,0.0,0.0,0.0,0.0,0.0,0.0,0.0,0.0,0.0,0.0,0.0,0.0,0.0,0.0,0.0,0.0,0.0,0.0,0.0,0.0,0.0,0.0,0.0,0.0,0.0,0.0,0.0,0.0,0.0,0.0,0.0,0.0,0.0,0.0,0.0,0.0,0.0,0.0,0.0,0.0,0.0,0.0,0.0,0.0,0.0,0.0,0.0,0.0,0.0,0.0,0.0,0.0,0.0,0.0,0.0,0.0,0.0,0.0,0.0,0.0,0.0,0.0,0.0,0.0,0.0,0.0,0.0,0.0,0.0,0.0,0.0,0.0,0.0,0.0,0.0,0.0,0.0,0.0,0.0,0.0,0.0,0.0,0.0,0.0,0.0,0.0,0.0,0.0,0.0,0.0,0.0,0.0,0.0,0.0,0.0,0.0,0.0,0.0,0.0,0.0,0.0,0.0,0.0,0.0,0.0,0.0,0.0,0.0,0.0,0.0,0.0,0.0,0.0,0.0,0.0,0.0,0.0,0.0,0.0,0.0,0.0,0.0,0.0,0.0,0.0,0.0,0.0,0.0,0.0,0.0,0.0,0.0,0.0,0.0,0.0,0.0,0.0,0.0,0.0,0.0,0.0,0.0,0.0,0.0,0.0,0.0,0.0,0.0,0.0,0.0,0.0,0.0,0.0,0.0,0.0,0.0,0.0,0.0,0.0,0.0,0.0,0.0,0.0,0.0,0.0,0.0,0.0,0.0,0.0,0.0,0.0,0.0,0.0,0.0,0.0,0.0,0.0,0.0,0.0,0.0,0.0,0.0,0.0,0.0,0.0,0.0,0.0,0.0,0.0,0.0,0.0,0.0,0.0,0.0,0.0,0.0,0.0,0.0,0.0,0.0,0.0,0.0,0.0,0.0,0.0,0.0,0.0,0.0,0.0,0.0,0.0,0.0,0.0,0.0,0.0,0.0,0.0,0.0,0.0,0.0,0.0,0.0,0.0,0.0,0.0,0.0,0.0,0.0,0.0,0.0,0.0,0.0,0.0,0.0,0.0,0.0,0.0,0.0,0.0,0.0,0.0,0.0,0.0,0.0,0.0,0.0,0.0,0.0,0.0,0.0,0.0,0.0,0.0,0.0,0.0,0.0,0.0,0.0,0.0,0.0,0.0,0.0,0.0,0.0,0.0,0.0,0.0,0.0,0.0,0.0,0.0,0.0,0.0,0.0,0.0,0.0,0.0,0.0,0.0,0.0,0.0,0.0,0.0,0.0,0.0,0.0,0.0,0.0,0.0,0.0,0.0,0.0,0.0,0.0,0.0,0.0,0.0,0.0,0.0,0.0,0.0,0.0,0.0,0.0,0.0,0.0,0.0,0.0,0.0,0.0,0.0,0.0,0.0,0.0,0.0,0.0,0.0,0.0,0.0,0.0,0.0,0.0,0.0,0.0,0.0,0.0,0.0,0.0,0.0,0.0,0.0,0.0,0.0,0.0,0.0,0.0,0.0,0.0,0.0,0.0,0.0,0.0,0.0,0.0,0.0,0.0,0.0,0.0,0.0,0.0,0.0,0.0,0.0,0.0,0.0,0.0,0.0,0.0,0.0,0.0,0.0,0.0,0.0,0.0,0.0,0.0,0.0,0.0,0.0,0.0,0.0,0.0,0.0,0.0,0.0,0.0,0.0,0.0,0.0,0.0,0.0,0.0,0.0,0.0,0.0,0.0,0.0,0.0,0.0,0.0,0.0,0.0,0.0,0.0,0.0,0.0,0.0,0.0,0.0,0.0,0.0,0.0,0.0,0.0,0.0,0.0,0.0,0.0,0.0,0.0,0.0,0.0,0.0,0.0,0.0,0.0,0.0,0.0,0.0,0.0,0.0,0.0,0.0,0.0,0.0,0.0,0.0,0.0,0.0,0.0,0.0,0.0,0.0,0.0,0.0,0.0,0.0,0.0,0.0,0.0,0.0,0.0,0.0,0.0,0.0,0.0,0.0,0.0,0.0,0.0,0.0,0.0,0.0,0.0,0.0,0.0,0.0,0.0,0.0,0.0,0.0,0.0,0.0,0.0,0.0,0.0,0.0,0.0,0.0,0.0,0.0,0.0,0.0,0.0,0.0,0.0,0.0,0.0,0.0,0.0,0.0,0.0,0.0,0.0,0.0,0.0,0.0,0.0,0.0,0.0,0.0,0.0,0.0,0.0,0.0,0.0,0.0,0.0,0.0,0.0,0.0,0.0,0.0,0.0,0.0,0.0,0.0,0.0,0.0,0.0,0.0,0.0,0.0,0.0,0.0,0.0,0.0,0.0,0.0,0.0,0.0,0.0,0.0,0.0,0.0,0.0,0.0,0.0,0.0,0.0,0.0,0.0,0.0,0.0,0.0,0.0,0.0,0.0,0.0,0.0,0.0,0.0,0.0,0.0,0.0,0.0,0.0,0.0,0.0,0.0,0.0,0.0,0.0,0.0,0.0,0.0,0.0,0.0,0.0,0.0,0.0,0.0,0.0,0.0,0.0,0.0,0.0,0.0,0.0,0.0,0.0,0.0,0.0,0.0,0.0,0.0,0.0,0.0,0.0,0.0,0.0,0.0,0.0,0.0,0.0,0.0,0.0,0.0,0.0,0.0,0.0,0.0,0.0,0.0,0.0,0.0,0.0,0.0,0.0,0.0,0.0,0.0,0.0,0.0,0.0,0.0,0.0,0.0,0.0,0.0,0.0,0.0,0.0,0.0,0.0,0.0,0.0,0.0,0.0,0.0,0.0,0.0,0.0,0.0,0.0,0.0,0.0,0.0,0.0,0.0,0.0,0.0,0.0,0.0,0.0,0.0,0.0,0.0,0.0,0.0,0.0,0.0,0.0,0.0,0.0,0.0,0.0,0.0,0.0,0.0,0.0,0.0,0.0,0.0,0.0,0.0,0.0,0.0,0.0,0.0,0.0,0.0,0.0,0.0,0.0,0.0,0.0,0.0,0.0,0.0,0.0,0.0,0.0,0.0,0.0,0.0,0.0,0.0,0.0,0.0,0.0,0.0,0.0,0.0,0.0,0.0,0.0,0.0,0.0,0.0,0.0,0.0,0.0,0.0,0.0,0.0,0.0,0.0,0.0,0.0,0.0,0.0,0.0,0.0,0.0,0.0,0.0,0.0,0.0,0.0,0.0,0.0,0.0,0.0,0.0,0.0,0.0,0.0,0.0,0.0,0.0,0.0,0.0,0.0,0.0,0.0,0.0,0.0,0.0,0.0,0.0,0.0,0.0,0.0,0.0,0.0,0.0,0.0,0.0,0.0,0.0,0.0,0.0,0.0,0.0,0.0,0.0,0.0,0.0,0.0,0.0,0.0,0.0,0.0,0.0,0.0,0.0,0.0,0.0,0.0,0.0,0.0,0.0,0.0,0.0,0.0,0.0,0.0,0.0,0.0,0.0,0.0,0.0,0.0,0.0,0.0,0.0,0.0,0.0,0.0,0.0,0.0,0.0,0.0,0.0,0.0,0.0,0.0,0.0,0.0,0.0,0.0,0.0,0.0,0.0,0.0,0.0,0.0,0.0,0.0,0.0,0.0,0.0,0.0,0.0,0.0,0.0,0.0,0.0,0.0,0.0,0.0,0.0,0.0,0.0,0.0,0.0,0.0,0.0,0.0,0.0,0.0,0.0,0.0,0.0,0.0,0.0,0.0,0.0,0.0,0.0,0.0,0.0,0.0,0.0,0.0,0.0,0.0,0.0,0.0,0.0,0.0,0.0,0.0,0.0,0.0,0.0,0.0,0.0,0.0,0.0,0.0,0.0,0.0,0.0,0.0,0.0,0.0,0.0,0.0,0.0,0.0
Tax74,0.0,-1.406163,-1.0676972,-0.69094384,-0.2872725,0.1350819,0.5718676,1.0214281,1.4843563,1.9284639,2.4130826,2.9152365,3.4361303,3.9783244,4.54256,4.9726057,5.422848,6.0042534,6.5933585,6.9814363,7.572895,8.211016,8.885123,9.450382,10.08261,10.789363,11.26045,12.021044,12.370713,13.47748,14.1507635,15.148694,16.124868,16.983707,18.071459,18.884323,19.932169,20.829391,21.456333,22.494745,23.793804,25.036724,26.183937,27.862041,29.473541,30.633003,32.55577,33.942005,35.329166,36.635513,37.71744,38.885708,41.453987,42.585304,43.918335,45.15614,46.195488,47.30341,48.05858,48.419697,47.798634,48.36272,48.588867,49.156364,51.010754,53.303143,33.96252,36.005566,61.491764,64.539406,67.51717,70.67422,72.966064,46.89059,78.98263,50.50818,52.91237,55.401016,57.73841,60.64476,62.93187,65.68945,68.39741,72.31483,76.65904,80.51568,132.63326,136.90018,144.14789,149.23123,156.3605,163.86694,170.6415,176.87675,179.26064,181.02007,184.38399,190.39778,195.45322,199.57611,203.06358,205.81491,210.139,215.3381,219.63353,224.40173,230.63739,236.62227,241.51059,245.64354,252.45935,257.21445,261.11096,263.3602,264.37915,160.76147,164.70949,169.33464,171.1695,172.51799,172.36142,172.51682,171.09691,169.97855,168.7885,167.06444,164.03755,156.93399,151.0297,145.69835,140.5403,135.5526,131.58902,125.83119,119.311554,111.29721,103.73511,94.42923,85.31736,75.69565,65.526665,55.003445,45.903027,38.407227,32.00484,27.556425,22.612965,16.172663,9.846502,3.9692802,0.10609329,-0.2980042,6.143114,13.910414,20.112785,26.248697,32.010212,36.161747,38.78332,39.23288,39.93733,39.64645,36.773125,34.125053,32.179413,30.289583,30.038254,32.022083,31.242308,31.481752,32.93188,34.562084,35.09919,33.430965,39.194542,42.110653,39.507835,37.64803,37.81957,41.41841,42.954544,40.469734,29.968555,18.64517,10.648285,4.8197803,-0.87042975,-5.7468505,-8.774369,-12.38566,-15.375908,-18.05239,-19.51055,-20.307913,-21.037699,-21.459068,-22.164862,-22.614016,-22.478662,-22.143593,-22.078053,-21.531227,-20.64409,-19.985806,-19.848349,-19.407736,-18.831474,-17.834095,-16.99725,-16.16738,-15.279442,-14.301699,-13.207107,-11.91386,-10.983269,-10.298919,-9.647496,-9.083603,-8.353271,-7.627382,-6.9083433,-6.3805146,-5.7913203,-5.3059525,-4.805877,-4.4572334,-4.088097,-3.6725159,-3.4421544,-3.2088332,-2.96037,-2.6822712,-2.4798203,-2.23583,-2.0773308,-1.8882014,-1.7406404,-1.651146,-1.5214427,-1.3932587,-1.2333521,-1.0810905,-1.0044652,-0.9626339,-0.8990803,-0.8312075,-0.74152875,-0.6850097,-0.61762184,-0.562168,-0.47516948,-0.46702495,-0.39593792,-0.36393768,-0.35741737,-0.32552665,-0.29835182,-0.28765842,-0.26993963,-0.24932843,-0.24576259,-0.20406884,-0.17648943,-0.14776193,-0.13608776,-0.13350882,-0.12377949,-0.10570255,-0.09448242,-0.068154275,-0.059592385,-0.058434125,-0.05740206,-0.048579384,-0.047709737,-0.04066416,-0.035455875,-0.027541589,-0.026991148,-0.026482735,-0.025989227,-0.025521202,-0.025014514,-0.019979194,-0.019570118,-0.008873373,-0.008670835,-0.008464344,-0.008278759,-0.008089535,-0.007928338,-0.0046011806,0.0,0.0,0.0,0.0,0.0,0.0,0.0,0.0,0.0,0.0,0.0,0.0,0.0,0.0,0.0,0.0,0.0,0.0,0.0,0.0,0.0,0.0,0.0,0.0,0.0,0.0,0.0,0.0,0.0,0.0,0.0,0.0,0.0,0.0,0.0,0.0,0.0,0.0,0.0,0.0,0.0,0.0,0.0,0.0,0.0,0.0,0.0,0.0,0.0,0.0,0.0,0.0,0.0,0.0,0.0,0.0,0.0,0.0,0.0,0.0,0.0,0.0,0.0,0.0,0.0,0.0,0.0,0.0,0.0,0.0,0.0,0.0,0.0,0.0,0.0,0.0,0.0,0.0,0.0,0.0,0.0,0.0,0.0,0.0,0.0,0.0,0.0,0.0,0.0,0.0,0.0,0.0,0.0,0.0,0.0,0.0,0.0,0.0,0.0,0.0,0.0,0.0,0.0,0.0,0.0,0.0,0.0,0.0,0.0,0.0,0.0,0.0,0.0,0.0,0.0,0.0,0.0,0.0,0.0,0.0,0.0,0.0,0.0,0.0,0.0,0.0,0.0,0.0,0.0,0.0,0.0,0.0,0.0,0.0,0.0,0.0,0.0,0.0,0.0,0.0,0.0,0.0,0.0,0.0,0.0,0.0,0.0,0.0,0.0,0.0,0.0,0.0,0.0,0.0,0.0,0.0,0.0,0.0,0.0,0.0,0.0,0.0,0.0,0.0,0.0,0.0,0.0,0.0,0.0,0.0,0.0,0.0,0.0,0.0,0.0,0.0,0.0,0.0,0.0,0.0,0.0,0.0,0.0,0.0,0.0,0.0,0.0,0.0,0.0,0.0,0.0,0.0,0.0,0.0,0.0,0.0,0.0,0.0,0.0,0.0,0.0,0.0,0.0,0.0,0.0,0.0,0.0,0.0,0.0,0.0,0.0,0.0,0.0,0.0,0.0,0.0,0.0,0.0,0.0,0.0,0.0,0.0,0.0,0.0,0.0,0.0,0.0,0.0,0.0,0.0,0.0,0.0,0.0,0.0,0.0,0.0,0.0,0.0,0.0,0.0,0.0,0.0,0.0,0.0,0.0,0.0,0.0,0.0,0.0,0.0,0.0,0.0,0.0,0.0,0.0,0.0,0.0,0.0,0.0,0.0,0.0,0.0,0.0,0.0,0.0,0.0,0.0,0.0,0.0,0.0,0.0,0.0,0.0,0.0,0.0,0.0,0.0,0.0,0.0,0.0,0.0,0.0,0.0,0.0,0.0,0.0,0.0,0.0,0.0,0.0,0.0,0.0,0.0,0.0,0.0,0.0,0.0,0.0,0.0,0.0,0.0,0.0,0.0,0.0,0.0,0.0,0.0,0.0,0.0,0.0,0.0,0.0,0.0,0.0,0.0,0.0,0.0,0.0,0.0,0.0,0.0,0.0,0.0,0.0,0.0,0.0,0.0,0.0,0.0,0.0,0.0,0.0,0.0,0.0,0.0,0.0,0.0,0.0,0.0,0.0,0.0,0.0,0.0,0.0,0.0,0.0,0.0,0.0,0.0,0.0,0.0,0.0,0.0,0.0,0.0,0.0,0.0,0.0,0.0,0.0,0.0,0.0,0.0,0.0,0.0,0.0,0.0,0.0,0.0,0.0,0.0,0.0,0.0,0.0,0.0,0.0,0.0,0.0,0.0,0.0,0.0,0.0,0.0,0.0,0.0,0.0,0.0,0.0,0.0,0.0,0.0,0.0,0.0,0.0,0.0,0.0,0.0,0.0,0.0,0.0,0.0,0.0,0.0,0.0,0.0,0.0,0.0,0.0,0.0,0.0,0.0,0.0,0.0,0.0,0.0,0.0,0.0,0.0,0.0,0.0,0.0,0.0,0.0,0.0,0.0,0.0,0.0,0.0,0.0,0.0,0.0,0.0,0.0,0.0,0.0,0.0,0.0,0.0,0.0,0.0,0.0,0.0,0.0,0.0,0.0,0.0,0.0,0.0,0.0,0.0,0.0,0.0,0.0,0.0,0.0,0.0,0.0,0.0,0.0,0.0,0.0,0.0,0.0,0.0,0.0,0.0,0.0,0.0,0.0,0.0,0.0,0.0,0.0,0.0,0.0,0.0,0.0,0.0,0.0,0.0,0.0,0.0,0.0,0.0,0.0,0.0,0.0,0.0,0.0,0.0,0.0,0.0,0.0,0.0,0.0,0.0,0.0,0.0,0.0,0.0,0.0,0.0,0.0,0.0,0.0,0.0,0.0,0.0,0.0,0.0,0.0,0.0,0.0,0.0,0.0,0.0,0.0,0.0,0.0,0.0,0.0,0.0,0.0,0.0,0.0,0.0,0.0,0.0,0.0,0.0,0.0,0.0,0.0,0.0,0.0,0.0,0.0,0.0,0.0,0.0,0.0,0.0,0.0,0.0,0.0,0.0,0.0,0.0,0.0,0.0,0.0,0.0,0.0,0.0,0.0,0.0,0.0,0.0,0.0,0.0,0.0,0.0,0.0,0.0,0.0,0.0,0.0,0.0,0.0,0.0,0.0,0.0,0.0,0.0,0.0,0.0,0.0,0.0,0.0,0.0,0.0,0.0,0.0,0.0,0.0,0.0,0.0,0.0,0.0,0.0,0.0,0.0,0.0,0.0,0.0,0.0,0.0,0.0,0.0,0.0,0.0,0.0,0.0,0.0,0.0,0.0,0.0,0.0,0.0,0.0,0.0,0.0,0.0,0.0,0.0,0.0,0.0,0.0,0.0,0.0,0.0,0.0,0.0,0.0,0.0,0.0,0.0,0.0,0.0,0.0,0.0,0.0,0.0,0.0,0.0,0.0,0.0,0.0,0.0,0.0,0.0,0.0,0.0,0.0,0.0,0.0,0.0,0.0,0.0,0.0,0.0,0.0,0.0,0.0,0.0,0.0,0.0,0.0,0.0,0.0,0.0,0.0,0.0,0.0,0.0,0.0,0.0,0.0,0.0,0.0,0.0,0.0,0.0,0.0,0.0,0.0,0.0,0.0,0.0,0.0,0.0,0.0,0.0,0.0,0.0,0.0,0.0,0.0,0.0,0.0,0.0,0.0,0.0,0.0,0.0,0.0,0.0,0.0,0.0,0.0,0.0,0.0,0.0,0.0,0.0,0.0,0.0,0.0,0.0,0.0,0.0,0.0,0.0,0.0,0.0,0.0,0.0,0.0,0.0,0.0,0.0,0.0,0.0,0.0,0.0,0.0,0.0,0.0,0.0,0.0,0.0,0.0,0.0,0.0,0.0,0.0,0.0,0.0,0.0,0.0,0.0,0.0,0.0,0.0,0.0,0.0,0.0,0.0,0.0,0.0,0.0,0.0,0.0,0.0,0.0,0.0,0.0,0.0,0.0,0.0,0.0,0.0,0.0,0.0,0.0,0.0,0.0,0.0,0.0,0.0,0.0,0.0,0.0,0.0,0.0,0.0,0.0,0.0,0.0,0.0,0.0,0.0,0.0,0.0,0.0,0.0,0.0,0.0,0.0,0.0,0.0,0.0,0.0,0.0,0.0,0.0,0.0,0.0,0.0,0.0,0.0,0.0,0.0,0.0,0.0,0.0,0.0,0.0,0.0,0.0,0.0,0.0,0.0,0.0,0.0,0.0,0.0,0.0,0.0,0.0,0.0,0.0,0.0,0.0,0.0,0.0,0.0,0.0,0.0,0.0,0.0,0.0,0.0,0.0,0.0,0.0,0.0,0.0,0.0,0.0,0.0,0.0,0.0,0.0,0.0,0.0,0.0,0.0,0.0,0.0,0.0,0.0,0.0,0.0,0.0,0.0,0.0,0.0,0.0,0.0,0.0,0.0,0.0,0.0,0.0,0.0,0.0,0.0,0.0,0.0,0.0,0.0,0.0,0.0,0.0,0.0,0.0,0.0,0.0,0.0,0.0,0.0,0.0,0.0,0.0,0.0,0.0,0.0,0.0,0.0,0.0,0.0,0.0,0.0,0.0,0.0,0.0,0.0,0.0,0.0,0.0,0.0,0.0,0.0,0.0,0.0,0.0,0.0,0.0,0.0,0.0,0.0,0.0,0.0,0.0,0.0,0.0,0.0,0.0,0.0,0.0,0.0,0.0,0.0,0.0,0.0,0.0,0.0,0.0,0.0,0.0,0.0,0.0,0.0,0.0,0.0,0.0,0.0,0.0,0.0,0.0,0.0,0.0,0.0,0.0,0.0,0.0,0.0,0.0,0.0,0.0,0.0,0.0,0.0,0.0,0.0,0.0,0.0,0.0,0.0,0.0,0.0,0.0,0.0,0.0,0.0,0.0,0.0,0.0,0.0,0.0,0.0,0.0,0.0,0.0,0.0,0.0,0.0,0.0,0.0,0.0,0.0,0.0,0.0,0.0,0.0,0.0,0.0,0.0,0.0,0.0,0.0,0.0,0.0,0.0,0.0,0.0,0.0,0.0,0.0,0.0,0.0,0.0,0.0,0.0,0.0,0.0,0.0,0.0,0.0,0.0,0.0,0.0,0.0,0.0,0.0,0.0,0.0,0.0,0.0,0.0,0.0,0.0,0.0,0.0,0.0,0.0,0.0,0.0,0.0,0.0,0.0,0.0,0.0,0.0,0.0,0.0,0.0,0.0,0.0,0.0,0.0,0.0,0.0,0.0,0.0,0.0,0.0,0.0,0.0,0.0,0.0,0.0,0.0,0.0,0.0,0.0,0.0,0.0,0.0,0.0,0.0,0.0,0.0,0.0,0.0,0.0,0.0,0.0,0.0,0.0,0.0,0.0,0.0,0.0,0.0,0.0,0.0,0.0,0.0,0.0,0.0,0.0,0.0,0.0,0.0,0.0,0.0,0.0,0.0,0.0,0.0,0.0,0.0,0.0,0.0,0.0,0.0,0.0,0.0,0.0,0.0,0.0,0.0,0.0,0.0,0.0,0.0,0.0,0.0,0.0,0.0,0.0,0.0,0.0,0.0,0.0,0.0,0.0,0.0,0.0,0.0,0.0,0.0,0.0,0.0,0.0,0.0,0.0,0.0,0.0,0.0,0.0,0.0,0.0,0.0,0.0,0.0,0.0,0.0,0.0,0.0,0.0,0.0,0.0,0.0,0.0,0.0,0.0,0.0,0.0,0.0,0.0,0.0,0.0,0.0,0.0,0.0,0.0,0.0,0.0,0.0,0.0,0.0,0.0,0.0,0.0,0.0,0.0,0.0,0.0,0.0,0.0,0.0,0.0,0.0,0.0,0.0,0.0,0.0,0.0,0.0,0.0,0.0,0.0,0.0,0.0,0.0,0.0,0.0,0.0,0.0,0.0,0.0,0.0,0.0,0.0,0.0,0.0,0.0,0.0,0.0,0.0,0.0,0.0,0.0,0.0,0.0,0.0,0.0,0.0,0.0,0.0,0.0,0.0,0.0,0.0,0.0,0.0,0.0,0.0,0.0,0.0,0.0,0.0,0.0,0.0,0.0,0.0,0.0,0.0,0.0,0.0,0.0,0.0,0.0,0.0,0.0,0.0,0.0,0.0,0.0,0.0,0.0,0.0,0.0,0.0,0.0,0.0,0.0,0.0,0.0,0.0,0.0,0.0,0.0,0.0,0.0,0.0,0.0,0.0,0.0,0.0,0.0,0.0,0.0,0.0,0.0,0.0,0.0,0.0,0.0,0.0,0.0,0.0,0.0,0.0,0.0,0.0,0.0,0.0,0.0,0.0,0.0,0.0,0.0,0.0,0.0,0.0,0.0,0.0,0.0,0.0,0.0,0.0,0.0,0.0,0.0,0.0,0.0,0.0,0.0,0.0,0.0,0.0,0.0,0.0,0.0,0.0,0.0,0.0,0.0,0.0,0.0,0.0,0.0,0.0,0.0,0.0,0.0,0.0,0.0,0.0,0.0,0.0,0.0,0.0,0.0,0.0,0.0,0.0,0.0,0.0,0.0,0.0,0.0,0.0,0.0,0.0,0.0,0.0,0.0,0.0,0.0,0.0,0.0,0.0,0.0,0.0,0.0,0.0,0.0,0.0,0.0,0.0,0.0,0.0,0.0,0.0,0.0,0.0,0.0,0.0,0.0,0.0,0.0,0.0,0.0,0.0,0.0,0.0,0.0,0.0,0.0,0.0,0.0,0.0,0.0,0.0,0.0,0.0,0.0,0.0,0.0,0.0,0.0,0.0,0.0,0.0,0.0,0.0,0.0,0.0,0.0,0.0,0.0,0.0,0.0,0.0,0.0,0.0,0.0,0.0,0.0,0.0,0.0,0.0,0.0,0.0,0.0,0.0,0.0,0.0,0.0,0.0,0.0,0.0,0.0,0.0,0.0,0.0,0.0,0.0,0.0,0.0,0.0,0.0,0.0,0.0,0.0,0.0,0.0,0.0,0.0,0.0,0.0,0.0,0.0,0.0,0.0,0.0,0.0,0.0,0.0,0.0,0.0,0.0,0.0,0.0,0.0,0.0,0.0,0.0,0.0,0.0,0.0,0.0,0.0,0.0,0.0,0.0,0.0,0.0,0.0,0.0,0.0,0.0,0.0,0.0,0.0,0.0,0.0,0.0,0.0,0.0,0.0,0.0,0.0,0.0,0.0,0.0,0.0,0.0,0.0,0.0,0.0,0.0,0.0,0.0,0.0,0.0,0.0,0.0,0.0,0.0,0.0,0.0,0.0,0.0,0.0,0.0,0.0,0.0,0.0,0.0,0.0,0.0,0.0,0.0,0.0,0.0,0.0,0.0,0.0,0.0,0.0,0.0,0.0,0.0,0.0,0.0,0.0,0.0,0.0,0.0,0.0,0.0,0.0,0.0,0.0,0.0,0.0,0.0,0.0,0.0,0.0,0.0,0.0,0.0,0.0,0.0,0.0,0.0,0.0,0.0,0.0,0.0,0.0,0.0,0.0,0.0,0.0,0.0,0.0,0.0,0.0,0.0,0.0,0.0,0.0,0.0,0.0,0.0,0.0,0.0,0.0,0.0,0.0,0.0,0.0,0.0,0.0,0.0,0.0,0.0,0.0,0.0,0.0,0.0,0.0,0.0,0.0,0.0,0.0,0.0,0.0,0.0,0.0,0.0,0.0,0.0,0.0,0.0,0.0,0.0,0.0,0.0,0.0,0.0,0.0,0.0,0.0,0.0,0.0,0.0,0.0,0.0,0.0,0.0,0.0,0.0,0.0,0.0,0.0,0.0,0.0,0.0,0.0,0.0,0.0,0.0,0.0,0.0,0.0,0.0,0.0,0.0,0.0,0.0,0.0,0.0,0.0,0.0,0.0,0.0,0.0,0.0,0.0,0.0,0.0,0.0,0.0,0.0,0.0,0.0,0.0,0.0,0.0,0.0,0.0,0.0,0.0,0.0,0.0,0.0,0.0,0.0,0.0,0.0,0.0,0.0,0.0,0.0,0.0,0.0,0.0,0.0,0.0,0.0,0.0,0.0,0.0,0.0,0.0,0.0,0.0,0.0,0.0,0.0,0.0,0.0,0.0,0.0,0.0,0.0,0.0,0.0,0.0,0.0,0.0,0.0,0.0,0.0,0.0,0.0,0.0,0.0,0.0,0.0,0.0,0.0,0.0,0.0,0.0,0.0,0.0,0.0,0.0,0.0,0.0,0.0,0.0,0.0,0.0,0.0,0.0,0.0,0.0,0.0,0.0,0.0,0.0,0.0,0.0,0.0,0.0,0.0,0.0,0.0,0.0,0.0,0.0,0.0,0.0,0.0,0.0,0.0,0.0,0.0,0.0,0.0,0.0,0.0,0.0,0.0,0.0,0.0,0.0,0.0,0.0,0.0,0.0,0.0,0.0,0.0,0.0,0.0,0.0,0.0,0.0,0.0,0.0,0.0,0.0,0.0,0.0,0.0,0.0,0.0,0.0,0.0,0.0,0.0,0.0,0.0,0.0,0.0,0.0,0.0,0.0,0.0,0.0,0.0,0.0,0.0,0.0,0.0,0.0,0.0,0.0,0.0,0.0,0.0,0.0,0.0,0.0,0.0,0.0,0.0,0.0,0.0,0.0,0.0,0.0,0.0,0.0,0.0,0.0,0.0,0.0,0.0,0.0,0.0,0.0,0.0,0.0,0.0,0.0,0.0,0.0,0.0,0.0,0.0,0.0,0.0,0.0,0.0,0.0,0.0,0.0,0.0,0.0,0.0,0.0,0.0,0.0,0.0,0.0,0.0,0.0,0.0,0.0,0.0,0.0,0.0,0.0,0.0,0.0,0.0,0.0,0.0,0.0,0.0,0.0,0.0,0.0,0.0,0.0,0.0,0.0,0.0,0.0,0.0,0.0,0.0,0.0,0.0,0.0,0.0,0.0,0.0,0.0,0.0,0.0,0.0,0.0,0.0,0.0,0.0,0.0,0.0,0.0,0.0,0.0,0.0,0.0,0.0,0.0,0.0,0.0,0.0,0.0,0.0,0.0,0.0,0.0,0.0,0.0,0.0,0.0,0.0,0.0,0.0,0.0,0.0,0.0,0.0,0.0,0.0,0.0,0.0,0.0,0.0,0.0,0.0,0.0,0.0,0.0,0.0,0.0,0.0,0.0,0.0,0.0,0.0,0.0,0.0,0.0,0.0,0.0,0.0,0.0,0.0,0.0,0.0,0.0,0.0,0.0,0.0,0.0,0.0,0.0,0.0,0.0,0.0,0.0,0.0,0.0,0.0,0.0,0.0,0.0,0.0,0.0,0.0,0.0,0.0,0.0,0.0,0.0,0.0,0.0,0.0,0.0,0.0,0.0,0.0,0.0,0.0,0.0,0.0,0.0,0.0,0.0,0.0,0.0,0.0,0.0,0.0,0.0,0.0,0.0,0.0,0.0,0.0,0.0,0.0,0.0,0.0,0.0,0.0,0.0,0.0,0.0,0.0,0.0,0.0,0.0,0.0,0.0,0.0,0.0,0.0,0.0,0.0,0.0,0.0,0.0,0.0,0.0,0.0,0.0,0.0,0.0,0.0,0.0,0.0,0.0,0.0,0.0,0.0,0.0,0.0,0.0,0.0,0.0,0.0,0.0,0.0,0.0,0.0,0.0,0.0,0.0,0.0,0.0,0.0,0.0,0.0,0.0,0.0,0.0,0.0,0.0,0.0,0.0,0.0,0.0,0.0,0.0,0.0,0.0,0.0,0.0,0.0,0.0,0.0,0.0,0.0,0.0,0.0,0.0,0.0,0.0,0.0,0.0,0.0,0.0,0.0,0.0,0.0,0.0,0.0,0.0,0.0,0.0,0.0,0.0,0.0,0.0,0.0,0.0,0.0,0.0,0.0,0.0,0.0,0.0,0.0,0.0,0.0,0.0,0.0,0.0,0.0,0.0,0.0,0.0,0.0,0.0,0.0,0.0,0.0,0.0,0.0,0.0,0.0,0.0,0.0,0.0,0.0,0.0,0.0,0.0,0.0,0.0,0.0,0.0,0.0,0.0,0.0,0.0,0.0,0.0,0.0,0.0,0.0,0.0,0.0,0.0,0.0,0.0,0.0,0.0,0.0,0.0,0.0,0.0,0.0,0.0,0.0,0.0,0.0,0.0,0.0,0.0,0.0,0.0,0.0,0.0,0.0,0.0,0.0,0.0,0.0,0.0,0.0,0.0,0.0,0.0,0.0,0.0,0.0,0.0,0.0,0.0,0.0,0.0,0.0,0.0,0.0,0.0,0.0,0.0,0.0,0.0,0.0,0.0,0.0,0.0,0.0,0.0,0.0,0.0,0.0,0.0,0.0,0.0,0.0,0.0,0.0,0.0,0.0,0.0,0.0,0.0,0.0,0.0,0.0,0.0,0.0,0.0,0.0,0.0,0.0,0.0,0.0,0.0,0.0,0.0,0.0,0.0,0.0,0.0,0.0,0.0,0.0,0.0,0.0,0.0,0.0,0.0,0.0,0.0,0.0,0.0,0.0,0.0,0.0,0.0,0.0,0.0,0.0,0.0,0.0,0.0,0.0,0.0,0.0,0.0,0.0,0.0,0.0,0.0,0.0,0.0,0.0,0.0,0.0,0.0,0.0,0.0,0.0,0.0,0.0,0.0,0.0,0.0,0.0,0.0,0.0,0.0,0.0,0.0,0.0,0.0,0.0,0.0,0.0,0.0,0.0,0.0,0.0,0.0,0.0,0.0,0.0,0.0,0.0,0.0,0.0,0.0,0.0,0.0,0.0,0.0,0.0,0.0,0.0,0.0,0.0,0.0,0.0,0.0,0.0,0.0,0.0,0.0,0.0,0.0,0.0,0.0,0.0,0.0,0.0,0.0,0.0,0.0,0.0,0.0,0.0,0.0,0.0,0.0,0.0,0.0,0.0,0.0,0.0,0.0,0.0,0.0,0.0,0.0,0.0,0.0,0.0,0.0,0.0,0.0,0.0,0.0,0.0,0.0,0.0,0.0,0.0,0.0,0.0,0.0,0.0,0.0,0.0,0.0,0.0,0.0,0.0,0.0,0.0,0.0,0.0,0.0,0.0,0.0,0.0,0.0,0.0,0.0,0.0,0.0,0.0,0.0,0.0,0.0,0.0,0.0,0.0,0.0,0.0,0.0,0.0,0.0,0.0,0.0,0.0,0.0,0.0,0.0,0.0,0.0,0.0,0.0,0.0,0.0,0.0,0.0,0.0,0.0,0.0,0.0,0.0,0.0,0.0,0.0,0.0,0.0,0.0,0.0,0.0,0.0,0.0,0.0,0.0,0.0,0.0,0.0,0.0,0.0,0.0,0.0,0.0,0.0,0.0,0.0,0.0,0.0,0.0,0.0,0.0,0.0,0.0,0.0,0.0,0.0,0.0,0.0,0.0,0.0,0.0,0.0,0.0,0.0,0.0,0.0,0.0,0.0,0.0,0.0,0.0,0.0,0.0,0.0,0.0,0.0,0.0,0.0,0.0,0.0,0.0,0.0,0.0,0.0,0.0,0.0,0.0,0.0,0.0,0.0,0.0,0.0,0.0,0.0,0.0,0.0,0.0,0.0,0.0,0.0,0.0,0.0,0.0,0.0,0.0,0.0,0.0,0.0,0.0,0.0,0.0,0.0,0.0,0.0,0.0,0.0,0.0,0.0,0.0,0.0,0.0,0.0,0.0,0.0,0.0,0.0,0.0,0.0,0.0,0.0,0.0,0.0,0.0,0.0,0.0,0.0,0.0,0.0,0.0,0.0,0.0,0.0,0.0,0.0,0.0,0.0,0.0,0.0,0.0,0.0,0.0,0.0,0.0,0.0,0.0,0.0,0.0,0.0,0.0,0.0,0.0,0.0,0.0,0.0,0.0,0.0,0.0,0.0,0.0,0.0,0.0,0.0,0.0,0.0,0.0,0.0,0.0,0.0,0.0,0.0,0.0,0.0,0.0,0.0,0.0,0.0,0.0,0.0,0.0,0.0,0.0,0.0,0.0,0.0,0.0,0.0,0.0,0.0,0.0,0.0,0.0,0.0,0.0,0.0,0.0,0.0,0.0,0.0,0.0,0.0,0.0,0.0,0.0,0.0,0.0,0.0,0.0,0.0,0.0,0.0,0.0,0.0,0.0,0.0,0.0,0.0,0.0,0.0,0.0,0.0,0.0,0.0,0.0,0.0,0.0,0.0,0.0,0.0,0.0,0.0,0.0,0.0,0.0,0.0,0.0,0.0,0.0,0.0,0.0,0.0,0.0,0.0,0.0,0.0,0.0,0.0,0.0,0.0,0.0,0.0,0.0
Tax75,0.0,-1.7270194,-1.436833,-1.1341628,-0.82907176,-0.53625953,-0.24431367,0.045138054,0.33139157,0.6145085,0.8946216,1.1717272,1.4456493,1.7180927,1.989651,2.259452,2.5244899,2.8175905,3.0867887,3.4063838,3.7676225,4.082458,4.4541526,4.7976847,5.061064,5.2484922,5.5475235,5.8889704,6.042912,6.3109484,6.574617,6.9427214,7.457315,7.815778,8.257055,8.709713,9.161223,8.954813,9.174139,9.3856125,9.792902,10.043584,10.725131,11.2976465,11.710288,12.113762,12.665184,12.941931,13.098161,13.68298,13.711939,13.5078335,13.62812,13.562736,13.916943,13.866084,13.671414,13.719723,13.37667,12.805833,12.226932,11.910021,11.671246,11.315439,11.528468,11.827262,5.465544,5.8477,13.009359,13.689616,14.124855,14.435305,14.636158,6.9663415,15.217622,7.1823797,7.489253,7.7587776,8.096584,8.368777,8.712142,8.929532,9.003802,9.420407,9.936181,10.491985,21.52882,21.616562,22.599138,23.553669,24.074186,25.047619,25.800825,26.426065,26.417976,25.949211,25.634989,26.360064,26.50713,26.204945,26.262888,26.017971,26.285028,26.831621,26.658287,26.673374,26.597704,26.730341,26.730377,27.156784,27.317799,27.515795,27.596481,27.28304,26.403248,9.679889,9.886644,9.908785,9.672078,9.384035,8.98259,8.435779,8.014565,7.5333333,7.0279555,6.4860997,5.8092065,4.6671147,3.7864733,2.9195106,2.1844492,1.4083807,0.8620123,0.08168592,-0.82045066,-1.6076751,-2.3542082,-3.2012875,-3.9921236,-4.8398,-5.742003,-6.471839,-7.193845,-7.6698656,-7.938916,-8.108398,-8.308312,-8.561339,-8.771922,-9.055729,-9.086872,-8.803554,-7.9981804,-7.15133,-6.462688,-5.7569838,-5.03727,-4.543489,-4.168976,-3.97426,-3.8537378,-3.7525253,-3.869106,-3.9272358,-3.9076517,-3.941659,-3.8313468,-3.5357113,-3.5087063,-3.3949823,-3.209273,-3.0243945,-2.9095993,-2.921916,-2.5085466,-2.2640684,-2.360466,-2.3934379,-2.2924688,-2.02958,-1.8627183,-1.9573065,-2.478125,-3.01176,-3.3160815,-3.5020206,-3.6950486,-3.8122838,-3.8396804,-3.932732,-3.963582,-3.9819953,-3.9939165,-3.8707283,-3.7833738,-3.6370173,-3.5333617,-3.4086194,-3.2881324,-3.1526918,-3.0274727,-2.9234982,-2.7922778,-2.710506,-2.5985005,-2.4846928,-2.367067,-2.2568939,-2.1641757,-2.0426936,-1.9310911,-1.8232735,-1.7320777,-1.6100767,-1.5138015,-1.3644438,-1.2869688,-1.2241766,-1.1140722,-1.0237547,-0.9653498,-0.9060997,-0.8572475,-0.7964463,-0.7300266,-0.59557754,-0.5667792,-0.520602,-0.48658118,-0.4352618,-0.3939231,-0.3708035,-0.32986757,-0.31603095,-0.30351534,-0.28228745,-0.25432527,-0.24437192,-0.20561494,-0.20170689,-0.19123873,-0.18164544,-0.17184988,-0.14652674,-0.12449748,-0.11627004,-0.10580141,-0.103779,-0.08004315,-0.07109975,-0.0697153,-0.05858975,-0.052601334,-0.051581103,-0.05057305,-0.049617417,-0.048704006,-0.047808595,-0.042200364,-0.041435596,-0.040688872,-0.03989531,-0.03909151,-0.038313467,-0.037572015,-0.036820903,-0.03610692,-0.035432406,-0.034777656,-0.034119923,-0.030326998,-0.029714435,-0.021776082,-0.015831387,-0.015521979,-0.015217997,-0.0110812895,-0.01085625,-0.0070395814,-0.006899271,-0.0021338374,0.0,0.0,0.0,0.0,0.0,0.0,0.0,0.0,0.0,0.0,0.0,0.0,0.0,0.0,0.0,0.0,0.0,0.0,0.0,0.0,0.0,0.0,0.0,0.0,0.0,0.0,0.0,0.0,0.0,0.0,0.0,0.0,0.0,0.0,0.0,0.0,0.0,0.0,0.0,0.0,0.0,0.0,0.0,0.0,0.0,0.0,0.0,0.0,0.0,0.0,0.0,0.0,0.0,0.0,0.0,0.0,0.0,0.0,0.0,0.0,0.0,0.0,0.0,0.0,0.0,0.0,0.0,0.0,0.0,0.0,0.0,0.0,0.0,0.0,0.0,0.0,0.0,0.0,0.0,0.0,0.0,0.0,0.0,0.0,0.0,0.0,0.0,0.0,0.0,0.0,0.0,0.0,0.0,0.0,0.0,0.0,0.0,0.0,0.0,0.0,0.0,0.0,0.0,0.0,0.0,0.0,0.0,0.0,0.0,0.0,0.0,0.0,0.0,0.0,0.0,0.0,0.0,0.0,0.0,0.0,0.0,0.0,0.0,0.0,0.0,0.0,0.0,0.0,0.0,0.0,0.0,0.0,0.0,0.0,0.0,0.0,0.0,0.0,0.0,0.0,0.0,0.0,0.0,0.0,0.0,0.0,0.0,0.0,0.0,0.0,0.0,0.0,0.0,0.0,0.0,0.0,0.0,0.0,0.0,0.0,0.0,0.0,0.0,0.0,0.0,0.0,0.0,0.0,0.0,0.0,0.0,0.0,0.0,0.0,0.0,0.0,0.0,0.0,0.0,0.0,0.0,0.0,0.0,0.0,0.0,0.0,0.0,0.0,0.0,0.0,0.0,0.0,0.0,0.0,0.0,0.0,0.0,0.0,0.0,0.0,0.0,0.0,0.0,0.0,0.0,0.0,0.0,0.0,0.0,0.0,0.0,0.0,0.0,0.0,0.0,0.0,0.0,0.0,0.0,0.0,0.0,0.0,0.0,0.0,0.0,0.0,0.0,0.0,0.0,0.0,0.0,0.0,0.0,0.0,0.0,0.0,0.0,0.0,0.0,0.0,0.0,0.0,0.0,0.0,0.0,0.0,0.0,0.0,0.0,0.0,0.0,0.0,0.0,0.0,0.0,0.0,0.0,0.0,0.0,0.0,0.0,0.0,0.0,0.0,0.0,0.0,0.0,0.0,0.0,0.0,0.0,0.0,0.0,0.0,0.0,0.0,0.0,0.0,0.0,0.0,0.0,0.0,0.0,0.0,0.0,0.0,0.0,0.0,0.0,0.0,0.0,0.0,0.0,0.0,0.0,0.0,0.0,0.0,0.0,0.0,0.0,0.0,0.0,0.0,0.0,0.0,0.0,0.0,0.0,0.0,0.0,0.0,0.0,0.0,0.0,0.0,0.0,0.0,0.0,0.0,0.0,0.0,0.0,0.0,0.0,0.0,0.0,0.0,0.0,0.0,0.0,0.0,0.0,0.0,0.0,0.0,0.0,0.0,0.0,0.0,0.0,0.0,0.0,0.0,0.0,0.0,0.0,0.0,0.0,0.0,0.0,0.0,0.0,0.0,0.0,0.0,0.0,0.0,0.0,0.0,0.0,0.0,0.0,0.0,0.0,0.0,0.0,0.0,0.0,0.0,0.0,0.0,0.0,0.0,0.0,0.0,0.0,0.0,0.0,0.0,0.0,0.0,0.0,0.0,0.0,0.0,0.0,0.0,0.0,0.0,0.0,0.0,0.0,0.0,0.0,0.0,0.0,0.0,0.0,0.0,0.0,0.0,0.0,0.0,0.0,0.0,0.0,0.0,0.0,0.0,0.0,0.0,0.0,0.0,0.0,0.0,0.0,0.0,0.0,0.0,0.0,0.0,0.0,0.0,0.0,0.0,0.0,0.0,0.0,0.0,0.0,0.0,0.0,0.0,0.0,0.0,0.0,0.0,0.0,0.0,0.0,0.0,0.0,0.0,0.0,0.0,0.0,0.0,0.0,0.0,0.0,0.0,0.0,0.0,0.0,0.0,0.0,0.0,0.0,0.0,0.0,0.0,0.0,0.0,0.0,0.0,0.0,0.0,0.0,0.0,0.0,0.0,0.0,0.0,0.0,0.0,0.0,0.0,0.0,0.0,0.0,0.0,0.0,0.0,0.0,0.0,0.0,0.0,0.0,0.0,0.0,0.0,0.0,0.0,0.0,0.0,0.0,0.0,0.0,0.0,0.0,0.0,0.0,0.0,0.0,0.0,0.0,0.0,0.0,0.0,0.0,0.0,0.0,0.0,0.0,0.0,0.0,0.0,0.0,0.0,0.0,0.0,0.0,0.0,0.0,0.0,0.0,0.0,0.0,0.0,0.0,0.0,0.0,0.0,0.0,0.0,0.0,0.0,0.0,0.0,0.0,0.0,0.0,0.0,0.0,0.0,0.0,0.0,0.0,0.0,0.0,0.0,0.0,0.0,0.0,0.0,0.0,0.0,0.0,0.0,0.0,0.0,0.0,0.0,0.0,0.0,0.0,0.0,0.0,0.0,0.0,0.0,0.0,0.0,0.0,0.0,0.0,0.0,0.0,0.0,0.0,0.0,0.0,0.0,0.0,0.0,0.0,0.0,0.0,0.0,0.0,0.0,0.0,0.0,0.0,0.0,0.0,0.0,0.0,0.0,0.0,0.0,0.0,0.0,0.0,0.0,0.0,0.0,0.0,0.0,0.0,0.0,0.0,0.0,0.0,0.0,0.0,0.0,0.0,0.0,0.0,0.0,0.0,0.0,0.0,0.0,0.0,0.0,0.0,0.0,0.0,0.0,0.0,0.0,0.0,0.0,0.0,0.0,0.0,0.0,0.0,0.0,0.0,0.0,0.0,0.0,0.0,0.0,0.0,0.0,0.0,0.0,0.0,0.0,0.0,0.0,0.0,0.0,0.0,0.0,0.0,0.0,0.0,0.0,0.0,0.0,0.0,0.0,0.0,0.0,0.0,0.0,0.0,0.0,0.0,0.0,0.0,0.0,0.0,0.0,0.0,0.0,0.0,0.0,0.0,0.0,0.0,0.0,0.0,0.0,0.0,0.0,0.0,0.0,0.0,0.0,0.0,0.0,0.0,0.0,0.0,0.0,0.0,0.0,0.0,0.0,0.0,0.0,0.0,0.0,0.0,0.0,0.0,0.0,0.0,0.0,0.0,0.0,0.0,0.0,0.0,0.0,0.0,0.0,0.0,0.0,0.0,0.0,0.0,0.0,0.0,0.0,0.0,0.0,0.0,0.0,0.0,0.0,0.0,0.0,0.0,0.0,0.0,0.0,0.0,0.0,0.0,0.0,0.0,0.0,0.0,0.0,0.0,0.0,0.0,0.0,0.0,0.0,0.0,0.0,0.0,0.0,0.0,0.0,0.0,0.0,0.0,0.0,0.0,0.0,0.0,0.0,0.0,0.0,0.0,0.0,0.0,0.0,0.0,0.0,0.0,0.0,0.0,0.0,0.0,0.0,0.0,0.0,0.0,0.0,0.0,0.0,0.0,0.0,0.0,0.0,0.0,0.0,0.0,0.0,0.0,0.0,0.0,0.0,0.0,0.0,0.0,0.0,0.0,0.0,0.0,0.0,0.0,0.0,0.0,0.0,0.0,0.0,0.0,0.0,0.0,0.0,0.0,0.0,0.0,0.0,0.0,0.0,0.0,0.0,0.0,0.0,0.0,0.0,0.0,0.0,0.0,0.0,0.0,0.0,0.0,0.0,0.0,0.0,0.0,0.0,0.0,0.0,0.0,0.0,0.0,0.0,0.0,0.0,0.0,0.0,0.0,0.0,0.0,0.0,0.0,0.0,0.0,0.0,0.0,0.0,0.0,0.0,0.0,0.0,0.0,0.0,0.0,0.0,0.0,0.0,0.0,0.0,0.0,0.0,0.0,0.0,0.0,0.0,0.0,0.0,0.0,0.0,0.0,0.0,0.0,0.0,0.0,0.0,0.0,0.0,0.0,0.0,0.0,0.0,0.0,0.0,0.0,0.0,0.0,0.0,0.0,0.0,0.0,0.0,0.0,0.0,0.0,0.0,0.0,0.0,0.0,0.0,0.0,0.0,0.0,0.0,0.0,0.0,0.0,0.0,0.0,0.0,0.0,0.0,0.0,0.0,0.0,0.0,0.0,0.0,0.0,0.0,0.0,0.0,0.0,0.0,0.0,0.0,0.0,0.0,0.0,0.0,0.0,0.0,0.0,0.0,0.0,0.0,0.0,0.0,0.0,0.0,0.0,0.0,0.0,0.0,0.0,0.0,0.0,0.0,0.0,0.0,0.0,0.0,0.0,0.0,0.0,0.0,0.0,0.0,0.0,0.0,0.0,0.0,0.0,0.0,0.0,0.0,0.0,0.0,0.0,0.0,0.0,0.0,0.0,0.0,0.0,0.0,0.0,0.0,0.0,0.0,0.0,0.0,0.0,0.0,0.0,0.0,0.0,0.0,0.0,0.0,0.0,0.0,0.0,0.0,0.0,0.0,0.0,0.0,0.0,0.0,0.0,0.0,0.0,0.0,0.0,0.0,0.0,0.0,0.0,0.0,0.0,0.0,0.0,0.0,0.0,0.0,0.0,0.0,0.0,0.0,0.0,0.0,0.0,0.0,0.0,0.0,0.0,0.0,0.0,0.0,0.0,0.0,0.0,0.0,0.0,0.0,0.0,0.0,0.0,0.0,0.0,0.0,0.0,0.0,0.0,0.0,0.0,0.0,0.0,0.0,0.0,0.0,0.0,0.0,0.0,0.0,0.0,0.0,0.0,0.0,0.0,0.0,0.0,0.0,0.0,0.0,0.0,0.0,0.0,0.0,0.0,0.0,0.0,0.0,0.0,0.0,0.0,0.0,0.0,0.0,0.0,0.0,0.0,0.0,0.0,0.0,0.0,0.0,0.0,0.0,0.0,0.0,0.0,0.0,0.0,0.0,0.0,0.0,0.0,0.0,0.0,0.0,0.0,0.0,0.0,0.0,0.0,0.0,0.0,0.0,0.0,0.0,0.0,0.0,0.0,0.0,0.0,0.0,0.0,0.0,0.0,0.0,0.0,0.0,0.0,0.0,0.0,0.0,0.0,0.0,0.0,0.0,0.0,0.0,0.0,0.0,0.0,0.0,0.0,0.0,0.0,0.0,0.0,0.0,0.0,0.0,0.0,0.0,0.0,0.0,0.0,0.0,0.0,0.0,0.0,0.0,0.0,0.0,0.0,0.0,0.0,0.0,0.0,0.0,0.0,0.0,0.0,0.0,0.0,0.0,0.0,0.0,0.0,0.0,0.0,0.0,0.0,0.0,0.0,0.0,0.0,0.0,0.0,0.0,0.0,0.0,0.0,0.0,0.0,0.0,0.0,0.0,0.0,0.0,0.0,0.0,0.0,0.0,0.0,0.0,0.0,0.0,0.0,0.0,0.0,0.0,0.0,0.0,0.0,0.0,0.0,0.0,0.0,0.0,0.0,0.0,0.0,0.0,0.0,0.0,0.0,0.0,0.0,0.0,0.0,0.0,0.0,0.0,0.0,0.0,0.0,0.0,0.0,0.0,0.0,0.0,0.0,0.0,0.0,0.0,0.0,0.0,0.0,0.0,0.0,0.0,0.0,0.0,0.0,0.0,0.0,0.0,0.0,0.0,0.0,0.0,0.0,0.0,0.0,0.0,0.0,0.0,0.0,0.0,0.0,0.0,0.0,0.0,0.0,0.0,0.0,0.0,0.0,0.0,0.0,0.0,0.0,0.0,0.0,0.0,0.0,0.0,0.0,0.0,0.0,0.0,0.0,0.0,0.0,0.0,0.0,0.0,0.0,0.0,0.0,0.0,0.0,0.0,0.0,0.0,0.0,0.0,0.0,0.0,0.0,0.0,0.0,0.0,0.0,0.0,0.0,0.0,0.0,0.0,0.0,0.0,0.0,0.0,0.0,0.0,0.0,0.0,0.0,0.0,0.0,0.0,0.0,0.0,0.0,0.0,0.0,0.0,0.0,0.0,0.0,0.0,0.0,0.0,0.0,0.0,0.0,0.0,0.0,0.0,0.0,0.0,0.0,0.0,0.0,0.0,0.0,0.0,0.0,0.0,0.0,0.0,0.0,0.0,0.0,0.0,0.0,0.0,0.0,0.0,0.0,0.0,0.0,0.0,0.0,0.0,0.0,0.0,0.0,0.0,0.0,0.0,0.0,0.0,0.0,0.0,0.0,0.0,0.0,0.0,0.0,0.0,0.0,0.0,0.0,0.0,0.0,0.0,0.0,0.0,0.0,0.0,0.0,0.0,0.0,0.0,0.0,0.0,0.0,0.0,0.0,0.0,0.0,0.0,0.0,0.0,0.0,0.0,0.0,0.0,0.0,0.0,0.0,0.0,0.0,0.0,0.0,0.0,0.0,0.0,0.0,0.0,0.0,0.0,0.0,0.0,0.0,0.0,0.0,0.0,0.0,0.0,0.0,0.0,0.0,0.0,0.0,0.0,0.0,0.0,0.0,0.0,0.0,0.0,0.0,0.0,0.0,0.0,0.0,0.0,0.0,0.0,0.0,0.0,0.0,0.0,0.0,0.0,0.0,0.0,0.0,0.0,0.0,0.0,0.0,0.0,0.0,0.0,0.0,0.0,0.0,0.0,0.0,0.0,0.0,0.0,0.0,0.0,0.0,0.0,0.0,0.0,0.0,0.0,0.0,0.0,0.0,0.0,0.0,0.0,0.0,0.0,0.0,0.0,0.0,0.0,0.0,0.0,0.0,0.0,0.0,0.0,0.0,0.0,0.0,0.0,0.0,0.0,0.0,0.0,0.0,0.0,0.0,0.0,0.0,0.0,0.0,0.0,0.0,0.0,0.0,0.0,0.0,0.0,0.0,0.0,0.0,0.0,0.0,0.0,0.0,0.0,0.0,0.0,0.0,0.0,0.0,0.0,0.0,0.0,0.0,0.0,0.0,0.0,0.0,0.0,0.0,0.0,0.0,0.0,0.0,0.0,0.0,0.0,0.0,0.0,0.0,0.0,0.0,0.0,0.0,0.0,0.0,0.0,0.0,0.0,0.0,0.0,0.0,0.0,0.0,0.0,0.0,0.0,0.0,0.0,0.0,0.0,0.0,0.0,0.0,0.0,0.0,0.0,0.0,0.0,0.0,0.0,0.0,0.0,0.0,0.0,0.0,0.0,0.0,0.0,0.0,0.0,0.0,0.0,0.0,0.0,0.0,0.0,0.0,0.0,0.0,0.0,0.0,0.0,0.0,0.0,0.0,0.0,0.0,0.0,0.0,0.0,0.0,0.0,0.0,0.0,0.0,0.0,0.0,0.0,0.0,0.0,0.0,0.0,0.0,0.0,0.0,0.0,0.0,0.0,0.0,0.0,0.0,0.0,0.0,0.0,0.0,0.0,0.0,0.0,0.0,0.0,0.0,0.0,0.0,0.0,0.0,0.0,0.0,0.0,0.0,0.0,0.0,0.0,0.0,0.0,0.0,0.0,0.0,0.0,0.0,0.0,0.0,0.0,0.0,0.0,0.0,0.0,0.0,0.0,0.0,0.0,0.0,0.0,0.0,0.0,0.0,0.0,0.0,0.0,0.0,0.0,0.0,0.0,0.0,0.0,0.0,0.0,0.0,0.0,0.0,0.0,0.0,0.0,0.0,0.0,0.0,0.0,0.0,0.0,0.0,0.0,0.0,0.0,0.0,0.0,0.0,0.0,0.0,0.0,0.0,0.0,0.0,0.0,0.0,0.0,0.0,0.0,0.0,0.0,0.0,0.0,0.0,0.0,0.0,0.0,0.0,0.0,0.0,0.0,0.0,0.0,0.0,0.0,0.0,0.0,0.0,0.0,0.0,0.0,0.0,0.0,0.0,0.0,0.0,0.0,0.0,0.0,0.0,0.0,0.0,0.0,0.0,0.0,0.0,0.0,0.0,0.0,0.0,0.0,0.0,0.0,0.0,0.0,0.0,0.0,0.0,0.0,0.0,0.0,0.0,0.0,0.0,0.0,0.0,0.0,0.0,0.0,0.0,0.0,0.0,0.0,0.0,0.0,0.0,0.0,0.0,0.0,0.0,0.0,0.0,0.0,0.0,0.0,0.0,0.0,0.0,0.0,0.0,0.0,0.0,0.0,0.0,0.0,0.0,0.0,0.0,0.0,0.0,0.0,0.0,0.0,0.0,0.0,0.0,0.0,0.0,0.0,0.0,0.0,0.0,0.0,0.0,0.0,0.0,0.0,0.0,0.0,0.0,0.0,0.0,0.0,0.0,0.0,0.0,0.0,0.0,0.0,0.0,0.0,0.0,0.0,0.0,0.0,0.0,0.0,0.0,0.0,0.0,0.0,0.0,0.0,0.0,0.0,0.0,0.0,0.0,0.0,0.0,0.0,0.0,0.0,0.0,0.0,0.0,0.0,0.0,0.0,0.0,0.0,0.0,0.0,0.0,0.0,0.0,0.0,0.0,0.0,0.0,0.0,0.0,0.0,0.0,0.0,0.0,0.0,0.0,0.0,0.0,0.0,0.0,0.0,0.0,0.0,0.0,0.0,0.0,0.0,0.0,0.0,0.0,0.0,0.0,0.0,0.0,0.0,0.0,0.0,0.0,0.0,0.0,0.0,0.0,0.0,0.0,0.0,0.0,0.0,0.0,0.0,0.0,0.0,0.0,0.0,0.0,0.0,0.0,0.0,0.0,0.0,0.0,0.0,0.0,0.0,0.0,0.0,0.0,0.0,0.0,0.0,0.0,0.0,0.0,0.0,0.0,0.0,0.0,0.0,0.0,0.0,0.0,0.0,0.0,0.0,0.0,0.0,0.0,0.0,0.0,0.0,0.0,0.0,0.0,0.0,0.0,0.0,0.0,0.0,0.0,0.0,0.0,0.0,0.0,0.0,0.0,0.0,0.0,0.0,0.0,0.0,0.0,0.0,0.0,0.0,0.0,0.0,0.0,0.0,0.0,0.0,0.0,0.0,0.0,0.0,0.0,0.0,0.0,0.0,0.0,0.0,0.0,0.0,0.0,0.0,0.0,0.0,0.0,0.0,0.0,0.0,0.0,0.0,0.0,0.0,0.0,0.0,0.0,0.0,0.0,0.0,0.0,0.0,0.0,0.0,0.0,0.0,0.0,0.0,0.0,0.0,0.0,0.0,0.0,0.0,0.0,0.0,0.0,0.0,0.0,0.0,0.0,0.0,0.0,0.0,0.0,0.0,0.0,0.0,0.0,0.0,0.0,0.0,0.0,0.0,0.0,0.0,0.0,0.0,0.0,0.0,0.0,0.0,0.0,0.0,0.0,0.0,0.0,0.0,0.0,0.0,0.0,0.0,0.0,0.0,0.0,0.0,0.0,0.0,0.0,0.0,0.0,0.0,0.0,0.0,0.0,0.0,0.0,0.0,0.0,0.0,0.0,0.0,0.0,0.0,0.0,0.0,0.0,0.0,0.0,0.0,0.0,0.0,0.0,0.0,0.0,0.0,0.0,0.0,0.0,0.0,0.0,0.0,0.0,0.0,0.0,0.0,0.0,0.0,0.0,0.0,0.0,0.0,0.0,0.0,0.0,0.0,0.0,0.0,0.0,0.0,0.0,0.0,0.0,0.0,0.0,0.0,0.0,0.0,0.0,0.0,0.0,0.0,0.0,0.0,0.0,0.0,0.0,0.0,0.0,0.0,0.0,0.0,0.0,0.0,0.0,0.0,0.0,0.0,0.0,0.0,0.0,0.0,0.0,0.0,0.0,0.0,0.0,0.0,0.0,0.0,0.0,0.0,0.0,0.0,0.0,0.0,0.0,0.0,0.0,0.0,0.0,0.0,0.0,0.0,0.0,0.0,0.0,0.0,0.0,0.0,0.0,0.0,0.0,0.0,0.0,0.0,0.0,0.0,0.0,0.0,0.0,0.0,0.0,0.0,0.0,0.0,0.0,0.0,0.0,0.0,0.0,0.0,0.0,0.0,0.0,0.0,0.0,0.0,0.0,0.0,0.0,0.0,0.0,0.0,0.0,0.0,0.0,0.0,0.0,0.0,0.0,0.0,0.0,0.0,0.0,0.0,0.0,0.0,0.0,0.0,0.0,0.0,0.0,0.0,0.0,0.0,0.0,0.0,0.0,0.0,0.0,0.0,0.0,0.0,0.0,0.0,0.0,0.0,0.0,0.0,0.0,0.0,0.0,0.0,0.0,0.0,0.0,0.0,0.0,0.0,0.0,0.0,0.0,0.0,0.0,0.0,0.0,0.0,0.0,0.0,0.0,0.0,0.0,0.0,0.0,0.0,0.0,0.0,0.0,0.0,0.0,0.0,0.0,0.0,0.0,0.0,0.0,0.0,0.0,0.0,0.0,0.0,0.0,0.0,0.0,0.0,0.0,0.0,0.0,0.0,0.0,0.0,0.0,0.0,0.0,0.0,0.0,0.0,0.0,0.0,0.0,0.0,0.0,0.0,0.0,0.0,0.0,0.0,0.0,0.0,0.0,0.0,0.0,0.0,0.0,0.0,0.0,0.0,0.0,0.0,0.0,0.0,0.0,0.0,0.0,0.0,0.0,0.0,0.0,0.0,0.0,0.0,0.0,0.0,0.0,0.0,0.0,0.0,0.0,0.0,0.0,0.0,0.0,0.0,0.0,0.0,0.0,0.0,0.0,0.0,0.0,0.0,0.0,0.0,0.0,0.0,0.0,0.0,0.0,0.0,0.0,0.0,0.0,0.0,0.0,0.0,0.0,0.0,0.0,0.0,0.0,0.0,0.0,0.0,0.0,0.0,0.0,0.0,0.0,0.0,0.0,0.0,0.0,0.0,0.0,0.0,0.0,0.0,0.0,0.0,0.0,0.0,0.0,0.0,0.0,0.0,0.0,0.0,0.0,0.0,0.0,0.0,0.0,0.0,0.0,0.0,0.0,0.0,0.0,0.0,0.0,0.0,0.0,0.0,0.0,0.0,0.0,0.0,0.0,0.0,0.0,0.0,0.0,0.0,0.0,0.0,0.0,0.0,0.0,0.0,0.0,0.0,0.0,0.0,0.0,0.0,0.0,0.0,0.0,0.0,0.0,0.0,0.0,0.0,0.0,0.0,0.0,0.0,0.0,0.0,0.0,0.0,0.0,0.0,0.0,0.0,0.0,0.0,0.0,0.0,0.0,0.0,0.0,0.0,0.0,0.0,0.0,0.0,0.0,0.0,0.0,0.0,0.0,0.0,0.0,0.0,0.0,0.0,0.0,0.0,0.0,0.0,0.0,0.0,0.0,0.0,0.0,0.0,0.0,0.0,0.0,0.0,0.0,0.0,0.0,0.0,0.0,0.0,0.0,0.0,0.0,0.0,0.0,0.0,0.0,0.0,0.0,0.0,0.0,0.0,0.0,0.0,0.0,0.0,0.0,0.0,0.0,0.0,0.0,0.0,0.0,0.0,0.0,0.0,0.0,0.0,0.0,0.0,0.0,0.0,0.0,0.0,0.0,0.0,0.0,0.0,0.0,0.0,0.0,0.0,0.0,0.0,0.0,0.0,0.0,0.0,0.0,0.0,0.0,0.0,0.0,0.0,0.0,0.0,0.0,0.0,0.0,0.0,0.0,0.0,0.0,0.0,0.0,0.0,0.0,0.0,0.0,0.0,0.0,0.0,0.0,0.0,0.0,0.0,0.0,0.0,0.0,0.0,0.0,0.0,0.0,0.0,0.0,0.0,0.0,0.0,0.0,0.0,0.0,0.0,0.0,0.0
Tax76,0.0,-1.4635985,-1.1904216,-0.9000312,-0.6010929,-0.2987816,0.0039930115,0.30577475,0.59783983,0.89270514,1.1860276,1.4783096,1.7699711,2.0614374,2.3541913,2.648067,2.9602468,3.2393467,3.562627,3.911764,4.2571154,4.6533413,5.0034394,5.3425155,5.5689898,5.692577,5.9298315,6.273132,6.6166134,6.6975937,6.917588,7.2747335,7.7038054,7.999228,8.30062,8.672983,8.959796,9.431569,9.547005,9.423256,9.741668,10.023267,10.50292,11.18176,11.535041,11.9325075,12.337,12.56985,12.523981,12.736976,12.970924,13.0316515,13.231207,13.316072,13.425454,13.027866,12.847643,13.293405,12.851748,12.539074,11.892729,11.202189,10.908238,10.666643,10.750632,10.967866,1.3486406,1.5459421,12.089541,12.685159,13.20539,13.617977,13.789561,2.1659043,14.572829,2.2476091,2.3256814,2.4971502,2.6608005,2.7763858,2.9262083,3.0483863,3.0768692,3.1963272,3.4411304,3.808785,18.985651,19.32905,20.26565,20.630741,21.469498,22.479364,22.971237,23.427822,23.18328,22.902874,23.101692,23.193666,23.422884,23.329018,23.412235,23.042673,23.328411,23.561106,23.749424,23.794003,24.017584,24.258966,24.248478,24.556467,24.745085,25.004766,24.790813,24.44703,23.77888,0.4333197,0.5152522,0.56629497,0.46825314,0.26869044,0.040451318,-0.28097886,-0.6214827,-0.9102091,-1.2046268,-1.4744378,-1.760372,-2.3828747,-3.0297189,-3.409176,-3.871017,-4.3199964,-4.631323,-4.9915004,-5.4420915,-5.906774,-6.3119187,-6.7211123,-7.0941257,-7.5460277,-8.015944,-8.442443,-8.753748,-8.985118,-9.116086,-9.132058,-9.232468,-9.370273,-9.469105,-9.533164,-9.546045,-9.422001,-8.991834,-8.520096,-8.084558,-7.6908107,-7.267228,-6.9256463,-6.6746917,-6.528617,-6.3249664,-6.2373714,-6.1750584,-6.1444564,-6.094196,-6.067494,-5.924208,-5.7663703,-5.6852427,-5.5430336,-5.4134035,-5.2613783,-5.136898,-5.0996466,-4.827971,-4.662023,-4.691401,-4.688759,-4.5773516,-4.321144,-4.1915455,-4.1293054,-4.42698,-4.748686,-4.904102,-4.9902096,-5.063885,-5.1225953,-5.0995007,-5.0850363,-5.1003976,-5.0751925,-5.0168157,-4.92366,-4.797635,-4.7019277,-4.5299964,-4.445368,-4.374915,-4.2866263,-4.219101,-4.137177,-4.0035114,-3.9111142,-3.803139,-3.7518492,-3.6680028,-3.5351577,-3.3465014,-3.2273803,-3.165743,-3.0348024,-2.9369411,-2.7982543,-2.6960824,-2.5980666,-2.489065,-2.3708212,-2.2891476,-2.2077994,-2.1235347,-2.0252979,-1.9372782,-1.8344244,-1.7912941,-1.7201146,-1.6370355,-1.56272,-1.4814129,-1.4189656,-1.3406904,-1.2907819,-1.2223798,-1.1744864,-1.1013517,-1.0552912,-1.0134708,-0.95987076,-0.92124796,-0.8949713,-0.8538381,-0.8335744,-0.8122189,-0.77388763,-0.7552916,-0.73086154,-0.69679636,-0.6595695,-0.6382589,-0.5962895,-0.5785632,-0.5547165,-0.54557,-0.51829106,-0.48813003,-0.46683902,-0.45158336,-0.43984374,-0.4180396,-0.41115326,-0.4007705,-0.37046447,-0.35832474,-0.33740777,-0.31558636,-0.29439905,-0.2788184,-0.26753253,-0.24834691,-0.22232774,-0.21189183,-0.20581692,-0.19673935,-0.18498245,-0.17323752,-0.1657832,-0.16303472,-0.16032876,-0.1524539,-0.14675307,-0.14105494,-0.13458392,-0.12916575,-0.12357738,-0.12151233,-0.11432449,-0.10623498,-0.10087096,-0.0957601,-0.09413226,-0.09255137,-0.0884481,-0.08559178,-0.084177226,-0.08081595,-0.07616428,-0.074652985,-0.07298408,-0.069540545,-0.06267286,-0.060929347,-0.057871073,-0.05306402,-0.051161077,-0.046335373,-0.04258968,-0.039319176,-0.037400495,-0.035356633,-0.032833904,-0.030153777,-0.026100146,-0.02300753,-0.019696025,-0.01602773,-0.012104929,-0.0071179853,-0.0018740401,0.004188472,0.00992245,0.017206002,0.029361397,0.04965941,0.07342561,0.095770024,0.10397742,0.10757635,0.11191147,0.117793866,0.12274673,0.13173795,0.14197944,0.1502396,0.16791755,0.18389466,0.20244774,0.22456856,0.24960345,0.7137245,0.8346267,0.97080475,1.1332542,1.3009017,1.4803153,1.6568016,1.7975987,1.8822224,1.9578551,1.9168447,1.8485248,1.6856551,1.356718,0.8598865,0.4335245,0.1327323,-0.051180124,-0.115511455,-0.12238603,-0.14860678,-0.12700155,-0.11677816,-0.12685071,-0.1153125,-0.09857392,-0.095950335,-0.07508731,-0.09866956,-0.082720436,-0.066624686,-0.050789557,-0.035396207,-0.020504456,-0.006107683,0.00784573,0.021406299,0.034638714,0.047607556,0.060341507,0.072839566,0.08509786,0.097302236,0.10942872,0.121293575,0.13322575,0.14528835,0.15724689,0.16917638,0.18140912,0.19391207,0.20664223,0.2197868,0.254628,0.26812905,0.28183305,0.29671565,0.29768208,0.32519692,0.3536776,0.37093854,0.34389684,0.32284182,0.32057282,0.33963737,0.35493287,0.38600668,0.40185875,0.41159695,0.45578843,0.4883011,0.4904593,0.5222896,0.5614781,0.57752323,0.5795241,0.6177727,0.5467189,0.57195777,0.53518474,0.56763107,0.5739,0.58334744,0.5425795,0.5509142,0.51616913,0.47314164,0.4214539,0.37049037,0.3482786,0.33511764,0.35106063,0.36111575,-0.041523516,-0.03333365,0.39940012,0.4161268,0.44078946,0.45507675,0.47146273,0.0014662636,0.5164983,0.0073050093,0.011623117,0.02241638,0.026979499,0.03694499,0.038225092,0.04802977,0.04710332,0.06152313,0.0650055,0.08267539,0.7224633,0.7366401,0.77076554,0.7752569,0.8464407,0.9292554,0.9558306,0.9117173,0.90456665,0.9170402,0.8589671,0.86412895,0.89291984,0.9055992,0.90562814,0.8847018,0.8497482,0.8198911,0.8272963,0.8805114,0.8316714,0.87134963,0.83264047,0.81537473,0.88977003,0.9527171,0.94381344,0.901161,0.9197277,-0.034089375,-0.016416749,0.0022533028,0.03422483,0.022350613,0.037623413,0.014676973,0.03689483,-0.009979126,-0.0016550182,-0.026110115,-0.01011375,-0.03569726,-0.040021945,-0.047152523,-0.0918859,-0.093131974,-0.107673235,-0.13033864,-0.14269243,-0.15985498,-0.18718006,-0.22059527,-0.24074794,-0.26807934,-0.30175877,-0.33429694,-0.36036548,-0.3633875,-0.37563184,-0.3820289,-0.391818,-0.4054042,-0.4175385,-0.4302513,-0.43822998,-0.43701825,-0.41893435,-0.3959955,-0.37571725,-0.35504007,-0.32280156,-0.30657992,-0.29322258,-0.2720253,-0.26517618,-0.26143467,-0.26315948,-0.26520395,-0.26614258,-0.26691777,-0.26371858,-0.25480345,-0.2530796,-0.24847144,-0.24145678,-0.23368718,-0.22903973,-0.22983761,-0.20954286,-0.19610253,-0.19947994,-0.20031153,-0.19514768,-0.16821527,-0.15828831,-0.1598311,-0.17825744,-0.20071538,-0.22002104,-0.2340342,-0.24681836,-0.25691864,-0.24713391,-0.25315776,-0.2579858,-0.2621192,-0.26376995,-0.26397267,-0.26447856,-0.25458452,-0.25480908,-0.2544476,-0.25294465,-0.24035977,-0.22714706,-0.21358041,-0.20149778,-0.19949369,-0.18370074,-0.18234907,-0.18042333,-0.1691889,-0.15988381,-0.1578538,-0.15572016,-0.15351163,-0.15116477,-0.13825677,-0.13609721,-0.13402237,-0.12560806,-0.123650216,-0.12172825,-0.111842744,-0.110050306,-0.1082659,-0.10651933,-0.10480151,-0.10310707,-0.09251403,-0.09099682,-0.08951025,-0.08804077,-0.08658542,-0.085139304,-0.08373995,-0.0823754,-0.08102651,-0.07969532,-0.07838272,-0.06993699,-0.06878376,-0.06764994,-0.066535056,-0.06543747,-0.06435839,-0.06330057,-0.062263604,-0.061238334,-0.060227357,-0.054088727,-0.05319606,-0.04505048,-0.044306442,-0.043573987,-0.03752833,-0.03690938,-0.031444225,-0.030924328,-0.030414322,-0.02991356,-0.02487308,-0.024463039,-0.024060018,-0.023663511,-0.018603442,-0.018295579,-0.017992714,-0.017695136,-0.011439241,-0.011249977,-0.011064407,-0.010882026,-0.010702412,-0.010525362,-0.01035087,-0.010179595,-0.010011186,-0.009845535,-0.009682579,-0.009521867,-0.009363611,-0.009207766,-0.009054914,-0.008904612,-0.008757095,-0.008611077,-0.008467323,-0.008325472,-0.008184776,-0.008045916,-0.007908464,-0.00777424,-0.0076413704,-0.0075125946,-0.007387183,-0.007265539,-0.007145363,-0.007021198,-0.006889995,-0.0067493017,-0.0065915864,-0.0064139026,-0.006222362,-0.0060366527,-0.0058625597,-0.005656194,-0.0054328884,-0.005200425,-0.004959994,-0.0047022607,-0.0044414583,-0.0031322045,-0.002870305,-0.0025914856,-0.0022658966,-0.0019311076,-0.0015724653,-0.0011747812,-0.00075001037,-0.00023650334,0.00035224104,0.0010315403,0.001667527,0.0024750778,0.0038303188,0.006093641,0.008706833,0.0110900225,0.011810726,0.011969788,0.012167411,0.012481933,0.012642249,0.013160767,0.013721298,0.01399243,0.015058176,0.015790949,0.016575854,0.017457673,0.018323887,0.052078053,0.05643546,0.05958824,0.062422797,0.06297991,0.062615275,0.060379237,0.056151584,0.049590424,0.042660892,0.03609398,0.032292217,0.02644206,0.019588308,0.012923444,0.010286293,0.009098077,0.013504475,0.014259478,0.014209681,0.014118527,0.011798338,0.016251037,0.016513888,0.016462617,0.008381525,0.010938437,0.0108054215,0.0,0.0,0.0,0.0,0.0,0.0,0.0,0.0,0.0,0.0,0.0,0.0,0.0,0.0,0.0,0.0,0.0,0.0,0.0,0.0,0.0,0.0,0.0,0.0,0.0,0.0,0.0,0.0,0.0,0.0,0.0,0.0,0.0,0.0,0.0,0.0,0.0,0.0,0.0,0.0,0.0,0.0,0.0,0.0,0.0,0.0,0.0,0.0,0.0,0.0,0.0,0.0,0.0,0.0,0.0,0.0,0.0,0.0,0.0,0.0,0.0,0.0,0.0,0.0,0.0,0.0,0.0,0.0,0.0,0.0,0.0,0.0,0.0,0.0,0.0,0.0,0.0,0.0,0.0,0.0,0.0,0.0,0.0,0.0,0.0,0.0,0.0,0.0,0.0,0.0,0.0,0.0,0.0,0.0,0.0,0.0,0.0,0.0,0.0,0.0,0.0,0.0,0.0,0.0,0.0,0.0,0.0,0.0,0.0,0.0,0.0,0.0,0.0,0.0,0.0,0.0,0.0,0.0,0.0,0.0,0.0,0.0,0.0,0.0,0.0,0.0,0.0,0.0,0.0,0.0,0.0,0.0,0.0,0.0,0.0,0.0,0.0,0.0,0.0,0.0,0.0,0.0,0.0,0.0,0.0,0.0,0.0,0.0,0.0,0.0,0.0,0.0,0.0,0.0,0.0,0.0,0.0,0.0,0.0,0.0,0.0,0.0,0.0,0.0,0.0,0.0,0.0,0.0,0.0,0.0,0.0,0.0,0.0,0.0,0.0,0.0,0.0,0.0,0.0,0.0,0.0,0.0,0.0,0.0,0.0,0.0,0.0,0.0,0.0,0.0,0.0,0.0,0.0,0.0,0.0,0.0,0.0,0.0,0.0,0.0,0.0,0.0,0.0,0.0,0.0,0.0,0.0,0.0,0.0,0.0,0.0,0.0,0.0,0.0,0.0,0.0,0.0,0.0,0.0,0.0,0.0,0.0,0.0,0.0,0.0,0.0,0.0,0.0,0.0,0.0,0.0,0.0,0.0,0.0,0.0,0.0,0.0,0.0,0.0,0.0,0.0,0.0,0.0,0.0,0.0,0.0,0.0,0.0,0.0,0.0,0.0,0.0,0.0,0.0,0.0,0.0,0.0,0.0,0.0,0.0,0.0,0.0,0.0,0.0,0.0,0.0,0.0,0.0,0.0,0.0,0.0,0.0,0.0,0.0,0.0,0.0,0.0,0.0,0.0,0.0,0.0,0.0,0.0,0.0,0.0,0.0,0.0,0.0,0.0,0.0,0.0,0.0,0.0,0.0,0.0,0.0,0.0,0.0,0.0,0.0,0.0,0.0,0.0,0.0,0.0,0.0,0.0,0.0,0.0,0.0,0.0,0.0,0.0,0.0,0.0,0.0,0.0,0.0,0.0,0.0,0.0,0.0,0.0,0.0,0.0,0.0,0.0,0.0,0.0,0.0,0.0,0.0,0.0,0.0,0.0,0.0,0.0,0.0,0.0,0.0,0.0,0.0,0.0,0.0,0.0,0.0,0.0,0.0,0.0,0.0,0.0,0.0,0.0,0.0,0.0,0.0,0.0,0.0,0.0,0.0,0.0,0.0,0.0,0.0,0.0,0.0,0.0,0.0,0.0,0.0,0.0,0.0,0.0,0.0,0.0,0.0,0.0,0.0,0.0,0.0,0.0,0.0,0.0,0.0,0.0,0.0,0.0,0.0,0.0,0.0,0.0,0.0,0.0,0.0,0.0,0.0,0.0,0.0,0.0,0.0,0.0,0.0,0.0,0.0,0.0,0.0,0.0,0.0,0.0,0.0,0.0,0.0,0.0,0.0,0.0,0.0,0.0,0.0,0.0,0.0,0.0,0.0,0.0,0.0,0.0,0.0,0.0,0.0,0.0,0.0,0.0,0.0,0.0,0.0,0.0,0.0,0.0,0.0,0.0,0.0,0.0,0.0,0.0,0.0,0.0,0.0,0.0,0.0,0.0,0.0,0.0,0.0,0.0,0.0,0.0,0.0,0.0,0.0,0.0,0.0,0.0,0.0,0.0,0.0,0.0,0.0,0.0,0.0,0.0,0.0,0.0,0.0,0.0,0.0,0.0,0.0,0.0,0.0,0.0,0.0,0.0,0.0,0.0,0.0,0.0,0.0,0.0,0.0,0.0,0.0,0.0,0.0,0.0,0.0,0.0,0.0,0.0,0.0,0.0,0.0,0.0,0.0,0.0,0.0,0.0,0.0,0.0,0.0,0.0,0.0,0.0,0.0,0.0,0.0,0.0,0.0,0.0,0.0,0.0,0.0,0.0,0.0,0.0,0.0,0.0,0.0,0.0,0.0,0.0,0.0,0.0,0.0,0.0,0.0,0.0,0.0,0.0,0.0,0.0,0.0,0.0,0.0,0.0,0.0,0.0,0.0,0.0,0.0,0.0,0.0,0.0,0.0,0.0,0.0,0.0,0.0,0.0,0.0,0.0,0.0,0.0,0.0,0.0,0.0,0.0,0.0,0.0,0.0,0.0,0.0,0.0,0.0,0.0,0.0,0.0,0.0,0.0,0.0,0.0,0.0,0.0,0.0,0.0,0.0,0.0,0.0,0.0,0.0,0.0,0.0,0.0,0.0,0.0,0.0,0.0,0.0,0.0,0.0,0.0,0.0,0.0,0.0,0.0,0.0,0.0,0.0,0.0,0.0,0.0,0.0,0.0,0.0,0.0,0.0,0.0,0.0,0.0,0.0,0.0,0.0,0.0,0.0,0.0,0.0,0.0,0.0,0.0,0.0,0.0,0.0,0.0,0.0,0.0,0.0,0.0,0.0,0.0,0.0,0.0,0.0,0.0,0.0,0.0,0.0,0.0,0.0,0.0,0.0,0.0,0.0,0.0,0.0,0.0,0.0,0.0,0.0,0.0,0.0,0.0,0.0,0.0,0.0,0.0,0.0,0.0,0.0,0.0,0.0,0.0,0.0,0.0,0.0,0.0,0.0,0.0,0.0,0.0,0.0,0.0,0.0,0.0,0.0,0.0,0.0,0.0,0.0,0.0,0.0,0.0,0.0,0.0,0.0,0.0,0.0,0.0,0.0,0.0,0.0,0.0,0.0,0.0,0.0,0.0,0.0,0.0,0.0,0.0,0.0,0.0,0.0,0.0,0.0,0.0,0.0,0.0,0.0,0.0,0.0,0.0,0.0,0.0,0.0,0.0,0.0,0.0,0.0,0.0,0.0,0.0,0.0,0.0,0.0,0.0,0.0,0.0,0.0,0.0,0.0,0.0,0.0,0.0,0.0,0.0,0.0,0.0,0.0,0.0,0.0,0.0,0.0,0.0,0.0,0.0,0.0,0.0,0.0,0.0,0.0,0.0,0.0,0.0,0.0,0.0,0.0,0.0,0.0,0.0,0.0,0.0,0.0,0.0,0.0,0.0,0.0,0.0,0.0,0.0,0.0,0.0,0.0,0.0,0.0,0.0,0.0,0.0,0.0,0.0,0.0,0.0,0.0,0.0,0.0,0.0,0.0,0.0,0.0,0.0,0.0,0.0,0.0,0.0,0.0,0.0,0.0,0.0,0.0,0.0,0.0,0.0,0.0,0.0,0.0,0.0,0.0,0.0,0.0,0.0,0.0,0.0,0.0,0.0,0.0,0.0,0.0,0.0,0.0,0.0,0.0,0.0,0.0,0.0,0.0,0.0,0.0,0.0,0.0,0.0,0.0,0.0,0.0,0.0,0.0,0.0,0.0,0.0,0.0,0.0,0.0,0.0,0.0,0.0,0.0,0.0,0.0,0.0,0.0,0.0,0.0,0.0,0.0,0.0,0.0,0.0,0.0,0.0,0.0,0.0,0.0,0.0,0.0,0.0,0.0,0.0,0.0,0.0,0.0,0.0,0.0,0.0,0.0,0.0,0.0,0.0,0.0,0.0,0.0,0.0,0.0,0.0,0.0,0.0,0.0,0.0,0.0,0.0,0.0,0.0,0.0,0.0,0.0,0.0,0.0,0.0,0.0,0.0,0.0,0.0,0.0,0.0,0.0,0.0,0.0,0.0,0.0,0.0,0.0,0.0,0.0,0.0,0.0,0.0,0.0,0.0,0.0,0.0,0.0,0.0,0.0,0.0,0.0,0.0,0.0,0.0,0.0,0.0,0.0,0.0,0.0,0.0,0.0,0.0,0.0,0.0,0.0,0.0,0.0,0.0,0.0,0.0,0.0,0.0,0.0,0.0,0.0,0.0,0.0,0.0,0.0,0.0,0.0,0.0,0.0,0.0,0.0,0.0,0.0,0.0,0.0,0.0,0.0,0.0,0.0,0.0,0.0,0.0,0.0,0.0,0.0,0.0,0.0,0.0,0.0,0.0,0.0,0.0,0.0,0.0,0.0,0.0,0.0,0.0,0.0,0.0,0.0,0.0,0.0,0.0,0.0,0.0,0.0,0.0,0.0,0.0,0.0,0.0,0.0,0.0,0.0,0.0,0.0,0.0,0.0,0.0,0.0,0.0,0.0,0.0,0.0,0.0,0.0,0.0,0.0,0.0,0.0,0.0,0.0,0.0,0.0,0.0,0.0,0.0,0.0,0.0,0.0,0.0,0.0,0.0,0.0,0.0,0.0,0.0,0.0,0.0,0.0,0.0,0.0,0.0,0.0,0.0,0.0,0.0,0.0,0.0,0.0,0.0,0.0,0.0,0.0,0.0,0.0,0.0,0.0,0.0,0.0,0.0,0.0,0.0,0.0,0.0,0.0,0.0,0.0,0.0,0.0,0.0,0.0,0.0,0.0,0.0,0.0,0.0,0.0,0.0,0.0,0.0,0.0,0.0,0.0,0.0,0.0,0.0,0.0,0.0,0.0,0.0,0.0,0.0,0.0,0.0,0.0,0.0,0.0,0.0,0.0,0.0,0.0,0.0,0.0,0.0,0.0,0.0,0.0,0.0,0.0,0.0,0.0,0.0,0.0,0.0,0.0,0.0,0.0,0.0,0.0,0.0,0.0,0.0,0.0,0.0,0.0,0.0,0.0,0.0,0.0,0.0,0.0,0.0,0.0,0.0,0.0,0.0,0.0,0.0,0.0,0.0,0.0,0.0,0.0,0.0,0.0,0.0,0.0,0.0,0.0,0.0,0.0,0.0,0.0,0.0,0.0,0.0,0.0,0.0,0.0,0.0,0.0,0.0,0.0,0.0,0.0,0.0,0.0,0.0,0.0,0.0,0.0,0.0,0.0,0.0,0.0,0.0,0.0,0.0,0.0,0.0,0.0,0.0,0.0,0.0,0.0,0.0,0.0,0.0,0.0,0.0,0.0,0.0,0.0,0.0,0.0,0.0,0.0,0.0,0.0,0.0,0.0,0.0,0.0,0.0,0.0,0.0,0.0,0.0,0.0,0.0,0.0,0.0,0.0,0.0,0.0,0.0,0.0,0.0,0.0,0.0,0.0,0.0,0.0,0.0,0.0,0.0,0.0,0.0,0.0,0.0,0.0,0.0,0.0,0.0,0.0,0.0,0.0,0.0,0.0,0.0,0.0,0.0,0.0,0.0,0.0,0.0,0.0,0.0,0.0,0.0,0.0,0.0,0.0,0.0,0.0,0.0,0.0,0.0,0.0,0.0,0.0,0.0,0.0,0.0,0.0,0.0,0.0,0.0,0.0,0.0,0.0,0.0,0.0,0.0,0.0,0.0,0.0,0.0,0.0,0.0,0.0,0.0,0.0,0.0,0.0,0.0,0.0,0.0,0.0,0.0,0.0,0.0,0.0,0.0,0.0,0.0,0.0,0.0,0.0,0.0,0.0,0.0,0.0,0.0,0.0,0.0,0.0,0.0,0.0,0.0,0.0,0.0,0.0,0.0,0.0,0.0,0.0,0.0,0.0,0.0,0.0,0.0,0.0,0.0,0.0,0.0,0.0,0.0,0.0,0.0,0.0,0.0,0.0,0.0,0.0,0.0,0.0,0.0,0.0,0.0,0.0,0.0,0.0,0.0,0.0,0.0,0.0,0.0,0.0,0.0,0.0,0.0,0.0,0.0,0.0,0.0,0.0,0.0,0.0,0.0,0.0,0.0,0.0,0.0,0.0,0.0,0.0,0.0,0.0,0.0,0.0,0.0,0.0,0.0,0.0,0.0,0.0,0.0,0.0,0.0,0.0,0.0,0.0,0.0,0.0,0.0,0.0,0.0,0.0,0.0,0.0,0.0,0.0,0.0,0.0,0.0,0.0,0.0,0.0,0.0,0.0,0.0,0.0,0.0,0.0,0.0,0.0,0.0,0.0,0.0,0.0,0.0,0.0,0.0,0.0,0.0,0.0,0.0,0.0,0.0,0.0,0.0,0.0,0.0,0.0,0.0,0.0,0.0,0.0,0.0,0.0,0.0,0.0,0.0,0.0,0.0,0.0,0.0,0.0,0.0,0.0,0.0,0.0,0.0,0.0,0.0,0.0,0.0,0.0,0.0,0.0,0.0,0.0,0.0,0.0,0.0,0.0,0.0,0.0,0.0,0.0,0.0,0.0,0.0,0.0,0.0,0.0,0.0,0.0,0.0,0.0,0.0,0.0,0.0,0.0,0.0,0.0,0.0,0.0,0.0,0.0,0.0,0.0,0.0,0.0,0.0,0.0,0.0,0.0,0.0,0.0,0.0,0.0,0.0,0.0,0.0,0.0,0.0,0.0,0.0,0.0,0.0,0.0,0.0,0.0,0.0,0.0,0.0,0.0,0.0,0.0,0.0,0.0,0.0,0.0,0.0,0.0,0.0,0.0,0.0,0.0,0.0,0.0,0.0,0.0,0.0,0.0,0.0,0.0,0.0,0.0,0.0,0.0,0.0,0.0,0.0,0.0,0.0,0.0,0.0,0.0,0.0,0.0,0.0,0.0,0.0,0.0,0.0,0.0,0.0,0.0,0.0,0.0,0.0,0.0,0.0,0.0,0.0,0.0,0.0,0.0,0.0,0.0,0.0,0.0,0.0,0.0,0.0,0.0,0.0,0.0,0.0,0.0,0.0,0.0,0.0,0.0,0.0,0.0,0.0,0.0,0.0,0.0,0.0,0.0,0.0,0.0,0.0,0.0,0.0,0.0,0.0,0.0,0.0,0.0,0.0,0.0,0.0,0.0,0.0,0.0,0.0,0.0,0.0,0.0,0.0,0.0,0.0,0.0,0.0,0.0,0.0,0.0,0.0,0.0,0.0,0.0,0.0,0.0,0.0,0.0,0.0,0.0,0.0,0.0,0.0,0.0,0.0,0.0,0.0,0.0,0.0,0.0,0.0,0.0,0.0,0.0,0.0,0.0,0.0,0.0,0.0,0.0,0.0,0.0,0.0,0.0,0.0,0.0,0.0,0.0,0.0,0.0,0.0,0.0,0.0,0.0,0.0,0.0,0.0,0.0,0.0,0.0,0.0,0.0,0.0,0.0,0.0,0.0,0.0,0.0,0.0,0.0,0.0,0.0,0.0,0.0,0.0,0.0,0.0,0.0,0.0,0.0,0.0,0.0,0.0,0.0,0.0,0.0,0.0,0.0,0.0,0.0,0.0,0.0,0.0,0.0,0.0,0.0,0.0,0.0,0.0,0.0,0.0,0.0,0.0,0.0,0.0,0.0,0.0,0.0,0.0,0.0,0.0,0.0,0.0,0.0,0.0,0.0,0.0,0.0,0.0,0.0,0.0,0.0,0.0,0.0,0.0,0.0,0.0,0.0,0.0,0.0,0.0,0.0,0.0,0.0,0.0,0.0,0.0,0.0,0.0,0.0,0.0,0.0,0.0,0.0,0.0,0.0,0.0,0.0,0.0,0.0,0.0,0.0,0.0,0.0,0.0,0.0,0.0,0.0,0.0,0.0,0.0,0.0,0.0,0.0,0.0,0.0,0.0,0.0,0.0,0.0,0.0,0.0,0.0,0.0,0.0,0.0,0.0,0.0,0.0,0.0,0.0,0.0,0.0,0.0,0.0,0.0,0.0,0.0,0.0,0.0,0.0,0.0,0.0,0.0,0.0,0.0,0.0,0.0,0.0,0.0,0.0,0.0,0.0,0.0,0.0,0.0,0.0,0.0,0.0,0.0,0.0,0.0,0.0,0.0,0.0,0.0,0.0,0.0,0.0,0.0,0.0,0.0,0.0,0.0,0.0,0.0,0.0,0.0,0.0,0.0,0.0,0.0,0.0,0.0,0.0,0.0,0.0,0.0,0.0,0.0,0.0,0.0,0.0,0.0,0.0,0.0,0.0,0.0,0.0,0.0,0.0,0.0,0.0,0.0,0.0,0.0,0.0,0.0,0.0,0.0,0.0,0.0,0.0,0.0,0.0,0.0,0.0,0.0,0.0,0.0,0.0,0.0,0.0,0.0,0.0,0.0,0.0,0.0,0.0,0.0,0.0,0.0,0.0,0.0,0.0,0.0,0.0,0.0,0.0,0.0,0.0,0.0,0.0,0.0,0.0,0.0,0.0,0.0,0.0,0.0,0.0,0.0,0.0,0.0,0.0,0.0,0.0,0.0,0.0,0.0,0.0,0.0,0.0,0.0,0.0,0.0,0.0,0.0,0.0,0.0,0.0,0.0,0.0,0.0,0.0,0.0,0.0,0.0,0.0,0.0,0.0,0.0,0.0,0.0,0.0,0.0,0.0,0.0,0.0,0.0,0.0,0.0,0.0,0.0,0.0,0.0,0.0,0.0,0.0,0.0,0.0,0.0,0.0,0.0,0.0,0.0,0.0,0.0,0.0,0.0,0.0,0.0,0.0,0.0,0.0,0.0,0.0,0.0,0.0,0.0,0.0,0.0,0.0,0.0,0.0,0.0,0.0,0.0,0.0,0.0,0.0,0.0,0.0,0.0,0.0,0.0,0.0,0.0,0.0,0.0,0.0,0.0,0.0,0.0,0.0,0.0,0.0,0.0,0.0,0.0,0.0,0.0,0.0,0.0,0.0,0.0,0.0,0.0,0.0,0.0,0.0,0.0,0.0,0.0,0.0,0.0,0.0,0.0,0.0,0.0,0.0,0.0,0.0,0.0,0.0,0.0,0.0,0.0,0.0,0.0,0.0,0.0,0.0,0.0,0.0,0.0,0.0,0.0,0.0,0.0,0.0,0.0,0.0,0.0,0.0,0.0,0.0,0.0,0.0,0.0,0.0,0.0,0.0,0.0,0.0,0.0,0.0,0.0,0.0,0.0,0.0,0.0,0.0,0.0,0.0,0.0,0.0,0.0,0.0,0.0,0.0,0.0,0.0,0.0,0.0,0.0,0.0,0.0,0.0,0.0,0.0,0.0,0.0,0.0,0.0,0.0,0.0,0.0,0.0,0.0,0.0,0.0,0.0,0.0,0.0,0.0,0.0,0.0,0.0,0.0,0.0,0.0,0.0,0.0,0.0,0.0,0.0,0.0,0.0,0.0,0.0,0.0,0.0,0.0,0.0,0.0,0.0,0.0,0.0,0.0,0.0,0.0,0.0,0.0,0.0,0.0,0.0,0.0,0.0,0.0,0.0,0.0,0.0,0.0,0.0,0.0,0.0,0.0,0.0,0.0,0.0,0.0,0.0,0.0,0.0,0.0,0.0,0.0,0.0,0.0,0.0,0.0,0.0,0.0,0.0,0.0,0.0,0.0,0.0,0.0,0.0,0.0,0.0,0.0,0.0,0.0,0.0,0.0,0.0,0.0,0.0,0.0,0.0,0.0,0.0,0.0,0.0,0.0,0.0,0.0,0.0,0.0
Tax77,0.0,-2.4036412,-1.8874359,-1.3176209,-0.71550417,-0.09282879,0.5215555,1.1641128,1.8223176,2.4962177,3.1914136,3.9117358,4.657421,5.435212,6.2451205,7.0895777,7.9398646,8.8032675,9.506865,10.455261,11.246672,12.2801285,13.11079,14.122408,15.144229,16.20959,17.46797,17.96875,19.236797,20.71707,21.95062,23.455452,25.020132,26.779736,28.620434,30.355858,32.71396,34.127262,34.675888,36.377026,38.61803,40.015915,42.61923,45.843422,48.45881,51.815475,55.33052,57.520123,59.18008,61.745434,64.18417,66.12918,69.56197,71.645195,74.98578,76.370224,78.32518,81.1702,82.093,82.54603,81.88375,81.73081,81.86513,82.59707,86.710045,90.18311,22.370806,24.024065,102.96063,109.55996,115.737434,121.26025,125.95224,32.578552,136.1784,35.733162,37.419136,39.27978,41.229347,43.414047,45.42045,46.88628,48.201397,50.78356,53.616535,56.679653,203.75317,212.05069,223.96579,234.49512,249.08438,261.09305,274.52734,286.79697,291.22275,295.5363,300.68555,309.861,315.6705,320.47644,328.7579,335.37448,342.6032,351.578,358.27393,366.34235,371.97885,380.9233,390.4463,397.48962,405.56235,413.63507,420.35794,420.6668,418.82892,87.07455,88.20698,89.72055,89.060356,88.04266,85.91674,82.29226,78.858734,75.36898,71.950195,68.45976,64.73813,55.387287,47.188995,40.857796,34.284145,27.879921,22.729628,16.19809,8.897145,1.0802163,-6.2079587,-14.383981,-22.467348,-31.006197,-39.92332,-48.174564,-55.34064,-60.547817,-64.87423,-67.3011,-69.97225,-73.839676,-77.55736,-80.80791,-82.71112,-81.680466,-75.324135,-67.72615,-61.162613,-54.75333,-48.73338,-44.133396,-40.657547,-39.043285,-37.245594,-36.31108,-37.511288,-38.74986,-39.20916,-39.965565,-39.233326,-36.79938,-36.627632,-35.674683,-33.839725,-31.823833,-30.922039,-31.573725,-26.548046,-23.562944,-24.872833,-25.523146,-24.336895,-20.61888,-18.615034,-19.772371,-27.068422,-35.159256,-40.50025,-44.180885,-47.56477,-50.22334,-51.536053,-52.943882,-53.88963,-54.737,-54.515255,-53.862286,-53.486893,-52.86023,-52.304737,-51.489384,-50.21655,-48.95699,-47.80679,-46.368988,-45.093487,-43.932293,-42.947926,-41.83788,-40.340263,-39.259377,-38.050186,-36.607113,-35.29844,-33.864548,-32.431664,-31.156155,-29.866508,-28.536932,-27.30781,-26.20989,-24.963985,-23.667727,-22.508038,-21.39375,-20.4305,-19.511753,-18.563354,-17.62087,-16.768093,-15.944903,-15.279661,-14.657236,-14.055513,-13.39922,-12.798204,-12.108082,-11.532178,-10.982052,-10.44781,-9.943502,-9.454967,-8.962243,-8.526406,-8.09304,-7.66795,-7.3094835,-6.9856024,-6.665396,-6.3417087,-6.0413127,-5.775693,-5.4785466,-5.1958957,-4.9158874,-4.685098,-4.4844613,-4.270434,-4.068965,-3.873844,-3.7002842,-3.509263,-3.3721251,-3.239589,-3.0631995,-2.8921525,-2.7167978,-2.599461,-2.4472928,-2.337064,-2.216664,-2.1194685,-1.9983802,-1.9005071,-1.8106735,-1.7483194,-1.6624143,-1.5903633,-1.5046331,-1.397287,-1.3403023,-1.2839754,-1.217239,-1.1675997,-1.1129216,-1.0402387,-0.9945403,-0.9441339,-0.90250164,-0.8455008,-0.81086683,-0.7726966,-0.72771853,-0.689602,-0.65691745,-0.6188283,-0.58154494,-0.54823077,-0.5159816,-0.4939108,-0.45988035,-0.4139942,-0.37290588,-0.33678904,-0.30207953,-0.2725917,-0.24375446,-0.21266839,-0.19153334,-0.1644985,-0.13511902,-0.114427686,-0.094575524,-0.07406378,-0.05518442,-0.034537543,-0.014831062,0.0064296345,0.029467847,0.057178058,0.090390645,0.12843378,0.16432878,0.21435393,0.299123,0.44461325,0.6181079,0.8099817,0.9213413,1.0084004,1.1088285,1.2317516,1.3575295,1.5344595,1.7434553,1.9535799,2.2976224,2.6657782,3.116435,3.6275287,4.306077,12.162889,16.641481,22.210817,30.405731,40.62674,54.80905,70.70973,89.407295,110.49949,128.45105,145.14656,160.24068,159.03746,132.9703,94.80981,55.840607,25.243795,7.760353,1.0192891,-1.041813,-1.1334721,-0.07053294,0.87934405,2.0253081,2.6919186,3.6692088,5.0601034,6.515072,-10.563371,-8.508046,-6.3991094,-4.3129206,-2.2602758,-0.2524069,1.698063,3.624782,5.5372434,7.416136,9.296915,11.180281,13.0714655,14.980453,16.931385,18.90419,20.916798,22.885086,24.998669,27.187193,29.441338,31.722612,34.056652,36.66613,38.464752,39.46425,41.84591,43.88053,46.829243,50.07611,53.060726,56.531315,55.84633,56.694443,60.04931,63.799812,67.71845,69.19095,72.20291,76.09351,79.420784,84.685455,91.82007,94.17647,96.877556,101.50428,104.54381,108.39382,114.10161,117.6936,119.94931,125.66459,128.9966,134.51674,136.21555,138.07198,138.4366,137.44885,135.95908,129.94186,127.83263,125.98075,125.342995,130.26541,135.23083,14.314486,17.656887,156.59569,166.24826,175.02118,183.18256,187.91563,27.401234,199.72424,31.544914,33.784424,38.056293,40.830544,44.981083,48.26613,51.286278,53.374054,58.053776,63.980034,70.12147,312.38315,325.1187,342.18814,353.36493,368.79553,384.64484,395.60394,409.12878,409.96548,412.30154,416.66165,429.54013,436.38965,445.3184,452.6061,460.4263,469.617,481.83972,491.8434,501.7543,514.5612,528.3145,543.24835,556.35223,569.06903,586.8177,601.6395,607.3907,607.7508,106.249115,114.823494,124.19306,129.01053,131.63757,133.04126,132.4834,131.0676,130.00076,128.72897,127.3751,124.577484,112.94213,102.496376,95.62589,86.673706,78.7714,72.623795,62.080482,50.292908,37.304493,24.236319,8.205946,-8.408788,-26.540833,-45.665066,-64.07027,-78.39232,-88.0953,-96.04351,-100.38542,-106.02939,-114.4175,-122.96434,-130.54446,-135.08685,-134.38605,-123.42078,-109.90799,-98.059235,-86.48455,-75.20715,-66.05561,-59.05626,-55.530865,-51.81934,-49.47484,-51.21479,-53.425213,-54.170406,-55.6837,-54.240448,-49.430614,-48.709686,-46.624966,-42.88975,-38.755463,-36.454723,-37.597343,-26.882935,-20.042084,-22.059162,-23.072575,-20.176056,-11.634003,-6.3945236,-7.9689765,-23.903963,-42.47637,-55.38104,-64.61192,-73.002144,-79.47462,-83.05805,-86.919464,-89.92976,-92.2795,-92.99552,-92.5695,-92.44605,-91.505,-91.19117,-90.37451,-88.65837,-86.74857,-85.53638,-83.44424,-81.21773,-78.97265,-77.15512,-75.14889,-72.698524,-70.39291,-68.194954,-65.589,-63.120373,-60.57991,-58.270294,-55.545643,-53.28036,-50.8736,-48.8229,-46.798775,-44.829433,-42.669147,-40.644688,-38.77592,-37.09307,-35.44822,-33.805214,-32.229343,-30.562698,-29.055334,-27.689869,-26.281479,-24.872284,-23.7807,-22.722698,-21.523493,-20.550045,-19.537846,-18.590967,-17.525055,-16.71994,-15.889996,-15.1209135,-14.377702,-13.530476,-12.879217,-12.211218,-11.601592,-11.032917,-10.473562,-9.957782,-9.452105,-9.071788,-8.58255,-8.107863,-7.703319,-7.282847,-6.8592515,-6.4936523,-6.154049,-5.7999907,-5.5038586,-5.2432346,-4.9485445,-4.74399,-4.4728312,-4.1908784,-3.9690342,-3.8058398,-3.5894215,-3.3789742,-3.1902826,-3.0374362,-2.8879988,-2.7440526,-2.61985,-2.47665,-2.3342538,-2.2113118,-2.0920992,-1.9778458,-1.8813163,-1.7936786,-1.6931213,-1.6167222,-1.5415803,-1.475248,-1.3997023,-1.3100413,-1.2509617,-1.1977311,-1.1366177,-1.0744704,-1.0120507,-0.9603738,-0.9169492,-0.8733354,-0.8289682,-0.77239984,-0.7144958,-0.6573209,-0.61692446,-0.5670392,-0.5191968,-0.4729115,-0.43027365,-0.3894566,-0.35309225,-0.31163195,-0.27491468,-0.2361202,-0.1968248,-0.15479262,-0.10673695,-0.057554185,-0.00689831,0.048898056,0.10730101,0.1800495,0.26502916,0.36298937,0.45672613,0.58182615,0.798587,1.1696362,1.620558,2.094463,2.3430498,2.5135949,2.6688156,2.8880417,3.0692062,3.3587162,3.6809897,3.9594014,4.429596,4.8848157,5.393945,5.9366574,6.5608416,17.57859,21.250948,25.003235,29.066761,32.238735,34.542416,35.53265,35.35122,33.40441,30.503199,26.933197,23.157454,18.39866,12.772423,9.044912,7.5940304,7.5526295,7.8515873,8.589219,8.902055,9.245044,9.90652,10.326299,10.89171,11.149984,11.597341,12.257823,13.067094,-4.048238,-3.2925186,-2.529231,-1.7765036,-1.0423865,-0.32874054,0.36516988,1.0425249,1.707049,2.362485,2.9989038,3.6462922,4.3013306,4.9580407,5.625283,6.3019795,6.984124,7.6830463,8.41734,9.149824,9.933173,10.714969,11.507354,12.371486,13.233184,13.726449,14.644493,15.079389,16.205322,17.332397,18.669231,19.942865,19.726439,20.104994,20.770353,21.979004,23.074663,23.604235,24.702316,26.52777,28.023819,29.833885,32.018337,33.650547,34.614605,35.070316,36.147697,37.676365,39.352646,40.842903,41.980484,44.408657,45.26953,47.241848,48.52132,49.510395,49.184727,48.320408,47.61869,45.856544,45.03108,44.623726,44.344326,46.25232,48.324406,4.543868,5.87392,57.163593,60.922592,64.76701,68.085266,70.38772,10.613333,75.7491,12.272125,13.162382,14.956694,15.981809,17.509842,18.739252,20.151314,21.001127,22.93599,25.567492,28.25432,123.53603,129.77751,138.0512,143.75319,150.35036,157.02846,162.32744,167.28468,168.50294,168.8921,172.71404,178.13332,183.35457,187.32901,191.71512,195.97871,200.51483,207.92493,213.7622,220.14981,227.64882,235.0491,244.11385,251.53105,261.0684,269.7193,279.75595,283.13916,285.6731,51.773373,56.23167,62.022,64.67787,67.43253,68.94739,69.25035,69.713066,69.8877,69.90728,69.92658,69.04295,62.821163,57.771202,54.46451,50.38208,46.559868,43.63609,38.09195,32.022633,24.439913,17.54383,8.93975,-0.011499086,-9.749415,-19.877037,-30.025967,-38.1344,-43.75902,-48.440308,-51.125698,-54.385277,-59.078045,-63.91922,-68.08499,-70.75903,-70.19412,-64.82351,-57.620472,-51.076244,-44.36453,-37.836002,-32.336266,-27.833559,-25.354462,-22.953894,-21.329317,-22.028627,-23.214207,-23.658499,-24.51245,-23.861082,-21.165718,-20.61434,-19.275518,-17.074968,-14.5819025,-13.063844,-13.538877,-7.389764,-2.9489381,-3.6589653,-4.1492686,-2.3453512,2.9516861,6.6126657,6.0625052,-3.5898526,-15.309459,-23.56542,-29.768385,-35.296387,-39.8254,-42.38178,-45.31735,-47.62376,-49.322918,-50.088577,-50.141,-49.95855,-49.708366,-49.546986,-49.10417,-48.356358,-47.44037,-46.38592,-45.516678,-44.078064,-43.087723,-41.92896,-40.64752,-39.376495,-38.170013,-36.88958,-35.469448,-34.164665,-32.83622,-31.40946,-29.972271,-28.733856,-27.557463,-26.4183,-25.301899,-24.09205,-23.077698,-21.932976,-20.806425,-19.677223,-18.731798,-17.715855,-16.81905,-16.109457,-15.451422,-14.62922,-13.982208,-13.277432,-12.588127,-11.852293,-11.300404,-10.712963,-10.213754,-9.64546,-9.199045,-8.7777,-8.3420725,-7.96351,-7.53654,-7.2416005,-6.868618,-6.486032,-6.134591,-5.8741736,-5.55628,-5.2651277,-5.023693,-4.763531,-4.5464706,-4.3269815,-4.108754,-3.9064279,-3.7007282,-3.523432,-3.3616931,-3.224478,-3.0657983,-2.9203694,-2.8175788,-2.6788707,-2.553293,-2.4669454,-2.3457336,-2.2291038,-2.116866,-2.0161812,-1.9260181,-1.7808665,-1.713456,-1.6246479,-1.5339102,-1.4350877,-1.3528689,-1.3126147,-1.2575713,-1.1921563,-1.1136554,-1.062673,-1.0158968,-0.95740664,-0.9170262,-0.85597485,-0.81156254,-0.7683515,-0.7212676,-0.687731,-0.65624714,-0.62714595,-0.59867114,-0.5558433,-0.53349054,-0.50661534,-0.47995844,-0.44623727,-0.42299685,-0.396882,-0.3645582,-0.34174657,-0.31591234,-0.29343587,-0.259888,-0.23706602,-0.21004558,-0.18540528,-0.1654395,-0.14424372,-0.11986938,-0.09617178,-0.070940115,-0.044376716,-0.019083941,0.009073788,0.03853481,0.07404361,0.115149155,0.1647107,0.21310586,0.27615526,0.37889576,0.5536604,0.7738342,0.99833,1.1107157,1.1844429,1.2658738,1.3635055,1.4527137,1.5849025,1.73293,1.8605005,2.0935822,2.3092241,2.5531855,2.8359196,3.1465926,8.561873,10.40149,12.323268,14.474789,16.393177,18.006783,18.956968,19.384912,19.283361,18.784517,17.899698,17.025616,15.494654,12.796741,9.490133,7.1945934,6.3078976,6.067661,6.3141546,6.551214,6.601439,6.9483113,7.455541,7.7662506,8.027929,8.427005,8.940404,9.521331,-2.5934024,-2.08747,-1.5997361,-1.1216751,-0.65655607,-0.20514996,0.21753654,0.636244,1.045376,1.4489573,1.8505161,2.2525594,2.6563275,3.0655937,3.4860933,3.874487,4.296126,4.7276125,5.1723795,5.622338,6.082557,6.5533595,7.042004,7.5814524,8.072299,8.40545,8.925747,9.114488,9.983298,10.648844,11.567498,12.513646,13.137386,13.24567,12.533208,13.348244,13.511931,14.017358,14.844674,16.280752,16.985863,18.421747,19.912521,20.933989,20.671034,21.24315,21.916811,22.63009,24.014023,24.588614,25.137108,26.905107,27.761656,28.595257,29.286077,28.762568,29.503088,28.608429,28.28717,27.069147,26.426172,25.94338,25.79413,26.885553,28.106691,2.0672286,2.8974059,33.109894,35.82758,38.13993,40.383022,41.716095,5.8315344,44.690487,6.722071,7.343682,8.409093,9.178298,10.037982,10.935995,11.767729,12.356657,13.598896,15.339069,16.986744,75.02857,78.74189,84.22609,88.615364,92.760445,97.06027,100.7615,103.45605,103.9871,104.65349,106.38796,111.84384,114.23405,117.18804,119.23203,122.34763,126.1374,131.81197,135.88342,139.40681,143.97389,150.52184,156.97974,161.08002,167.15808,173.11314,178.17625,182.13712,186.32404,34.979534,38.019974,41.794952,43.727554,45.545853,46.739994,47.135757,47.540024,48.22794,48.284718,48.68393,48.059235,44.071377,40.536552,38.59523,35.505863,33.1485,31.251392,27.54096,23.263578,18.273619,13.570265,7.556953,1.6227301,-4.8751597,-11.754171,-18.850538,-24.470451,-28.369715,-31.545475,-33.37956,-35.559566,-38.754646,-41.947174,-44.796543,-46.56908,-46.52212,-43.127415,-38.489986,-34.202644,-29.800833,-25.411173,-21.549421,-18.49016,-16.704756,-14.976482,-13.807741,-14.134428,-14.84513,-15.1045065,-15.689349,-15.300454,-13.499461,-13.106356,-12.228869,-10.767633,-9.071378,-7.9942656,-8.255082,-4.028837,-0.83098173,-1.1472018,-1.402357,-0.07410829,3.7575061,6.525444,6.329113,-0.45369855,-8.800466,-14.825244,-19.264338,-23.211046,-26.506256,-28.504566,-30.5089,-32.112125,-33.338634,-33.910324,-33.976864,-34.104286,-33.74555,-33.60884,-33.25777,-32.694717,-32.085,-31.631481,-30.952612,-30.051176,-29.311172,-28.601196,-27.866491,-26.901098,-25.74644,-24.719898,-23.823177,-22.880861,-22.083002,-20.928638,-19.956007,-19.120548,-18.414007,-17.68761,-16.907513,-16.103794,-15.111815,-14.423483,-13.770846,-13.209697,-12.574062,-11.908044,-11.451431,-10.996234,-10.463605,-9.938857,-9.492357,-9.012225,-8.619467,-8.216062,-7.709757,-7.419264,-7.09717,-6.7350125,-6.4159555,-6.133273,-5.830552,-5.562929,-5.2622333,-5.043137,-4.7522917,-4.536245,-4.3353076,-4.1332736,-3.9645789,-3.817024,-3.6357675,-3.4338548,-3.2510016,-3.0751367,-2.9026582,-2.7717803,-2.6100852,-2.4748845,-2.3422644,-2.2297723,-2.1510866,-2.0502062,-1.9309402,-1.7820169,-1.7059009,-1.645451,-1.555312,-1.4952828,-1.43703,-1.3775109,-1.2998316,-1.239452,-1.1811368,-1.1105719,-1.0654644,-1.022687,-0.9717942,-0.9261439,-0.8864965,-0.85189366,-0.81996465,-0.7658196,-0.73177856,-0.66153884,-0.63038355,-0.59336185,-0.5674964,-0.53312737,-0.50409913,-0.4913021,-0.46156138,-0.44606534,-0.43281016,-0.4049795,-0.37883392,-0.36061078,-0.33966035,-0.3219114,-0.30171478,-0.2890701,-0.27542445,-0.25790402,-0.24096172,-0.21862496,-0.20172712,-0.1792813,-0.16392826,-0.14046475,-0.12668374,-0.108563714,-0.09218593,-0.07253954,-0.056277838,-0.039488018,-0.020781167,-0.0009786142,0.02020022,0.04395382,0.07289646,0.10368002,0.13582982,0.17424269,0.24369511,0.35431358,0.48883498,0.6299862,0.69829863,0.7415421,0.78945917,0.8473927,0.8998855,0.97918826,1.0681641,1.1442862,1.261251,1.3598338,1.5024652,1.6688266,1.8530703,5.0693073,6.150617,7.311778,8.653461,9.892483,10.806695,11.53643,11.9444475,11.894098,11.712222,11.424098,11.086693,10.208879,8.892287,6.653221,5.1169715,4.23118,3.9670584,4.0906787,4.15892,4.354356,4.7230396,4.877087,5.1674433,5.3188467,5.4625354,5.7183194,6.2510443,-2.024119,-1.689809,-1.3512529,-1.0174986,-0.69409263,-0.38037893,-0.076159544,0.21934049,0.50755364,0.7945598,1.0726228,1.3481542,1.6226546,1.8974204,2.122127,2.395974,2.6717796,2.9532735,3.2432392,3.5400617,3.8452218,4.160496,4.4884114,4.8250422,5.1776204,5.4496202,5.783446,5.9275107,6.057115,6.4222884,6.981542,7.449964,7.9167533,8.45187,8.726059,8.59407,8.749947,8.510016,8.8867655,9.426924,9.860172,10.478619,11.25562,11.982274,12.794973,13.159925,13.90238,14.566398,14.553583,15.183582,15.195248,15.928137,16.64854,17.538862,18.355408,19.225088,19.934069,20.702513,21.195555,21.94481,22.573462,22.785583,23.210695,23.86483,24.777214,25.973719,27.145283,28.505991,30.193602,31.563875,33.272476,35.13041,36.53815,38.80828,40.47515,41.79486,43.21725,45.007893,46.71946,48.358997,50.75832,51.96925,54.31241,56.446014,60.125893,63.505383,66.29055,69.67889,73.78776,77.46177,81.02185,84.81404,88.0872,91.755714,95.57012,100.57155,104.31977,108.841705,113.70541,118.10281,124.23901,129.00642,134.41121,140.42706,146.38582,153.59927,162.09938,170.85237,178.2436,188.92342,195.63539,204.69392,212.89105,220.41583,230.30984,240.42593,250.12608,263.87543,273.60156,284.90723,295.0701,306.00546,319.12793,328.19812,338.56296,348.2878,355.8629,363.2518,372.93564,382.33264,392.19046,401.9939,412.4211,420.32922,425.97278,430.76538,434.88086,437.96686,440.2514,440.80527,441.1544,440.91302,443.05835,444.60706,447.32697,82.51027,83.87245,82.99939,81.2835,79.429344,79.12468,87.099335,97.40636,105.20694,113.969444,121.168594,127.45107,133.90445,139.24387,143.74995,146.82321,145.33336,143.46266,142.37776,142.03871,144.26271,146.98071,146.74161,148.3363,151.79918,156.02232,157.54109,158.08577,166.0607,171.97147,171.88113,172.38715,682.9474,687.99225,698.0075,705.30884,697.92505,152.1065,146.763,139.3775,129.5354,118.3379,109.71964,97.8399,86.07021,74.40241,66.34917,59.08831,51.95632,44.606518,34.758312,25.441328,18.505362,10.137134,1.2615982,-6.216988,-10.268925,-14.7195635,-26.270296,-38.080982,-45.512135,-50.691734,-56.213036,-62.961166,-68.12958,-71.66764,-71.886345,-70.400276,-71.4041,-73.433975,-75.74249,-77.73872,-80.888504,-81.402435,-81.33545,-81.12436,-81.12013,-81.124344,-82.10473,-81.120605,-79.774376,-78.570755,-77.25702,-73.47325,-69.02569,-68.47078,-69.766716,-69.75769,-69.44098,-68.14302,-66.72636,-65.35025,-64.28413,-63.333168,-62.339363,-61.283848,-60.719936,-60.73067,-60.102097,-58.981274,-57.948307,-56.763714,-55.15043,-53.827145,-52.75082,-51.59696,-50.685856,-49.867626,-48.600883,-48.327415,-48.476696,-48.427177,-48.191345,-48.325638,-48.56361,-47.3461,-45.174603,-43.702164,-42.392216,-40.984478,-39.925663,-39.58775,-39.536316,-39.260574,-38.020073,-36.22719,-35.266335,-34.387604,-33.417362,-32.524952,-31.345201,-29.844383,-28.70772,-27.951506,-27.088976,-26.34122,-25.344593,-24.247906,-23.263718,-21.934717,-20.457499,-19.231209,-18.133675,-17.249977,-16.7041,-16.380804,-16.342115,-16.091354,-15.200764,-13.01072,-9.978048,-6.454563,-2.5839942,0.97682416,3.0953398,4.18235,6.101334,7.856534,9.200107,10.361596,11.364104,11.962987,12.509483,13.491207,14.036221,14.631203,15.2663965,15.810183,16.319147,16.493433,16.869875,17.364582,91.60266,93.28092,93.818275,94.24535,94.65954,93.4932,90.049416,85.46987,82.24195,80.08802,79.31427,78.5387,76.92771,76.133896,75.765465,76.13194,76.303505,76.93317,77.00001,76.99187,77.07089,76.16387,76.591705,76.67473,75.84099,76.01561,77.36751,78.335175,79.05744,79.59746,80.8797,82.40427,84.26408,84.64004,85.85923,88.584145,90.561844,92.10794,92.57562,93.67513,92.43711,91.45572,91.31529,91.6377,91.712654,92.79231,94.655266,96.30299,-21.126741,-17.659578,-14.129338,-10.62771,-7.2414913,-3.9493515,-0.76992846,2.31131,5.2953105,8.211546,11.082605,13.881917,16.646141,19.416147,22.191769,24.968067,27.716118,30.490196,33.27282,36.12888,38.887234,41.858932,44.89009,48.068512,51.2032,55.088356,58.396637,58.95265,63.408424,67.34188,71.36581,75.39825,79.437614,81.08846,83.32125,85.69602,89.166985,83.32225,85.90898,89.95627,94.230865,98.79595,103.40337,108.95016,113.86457,119.050766,121.24527,124.932556,130.21864,134.82755,141.3147,146.2272,148.39073,152.76396,156.24532,161.58414,167.0874,171.18723,172.80135,174.23456,178.45335,183.50049,188.1308,195.8207,201.9826,208.93318,217.25388,223.13173,230.88747,240.28055,249.68312,260.26358,271.82672,284.16702,298.99576,310.05997,323.70563,334.64935,346.29388,356.71317,368.42255,378.5436,392.58856,411.2519,430.27222,450.60104,469.77335,491.40103,515.3147,536.97736,561.55963,583.923,608.3104,631.52045,657.01044,676.8199,699.98615,721.1031,741.9873,765.73755,788.46106,812.4582,837.6025,861.50336,883.98096,914.66785,941.8219,970.37463,998.6296,1029.4407,1052.8135,1075.2056,1099.0123,1111.3961,1131.3428,1146.8268,1167.583,1190.8549,1204.6216,1221.7368,1235.0417,1244.084,1254.7938,1253.2106,1246.2781,1243.9019,1238.4618,1228.9673,1225.9966,1219.8384,1215.7542,1208.19,1200.2744,1187.2853,1170.3081,1150.4716,1128.6136,1110.2037,1087.2987,1060.0029,1029.8606,1003.0767,977.3644,957.5122,935.7484,173.20503,172.24565,165.06937,156.92113,148.7354,144.10503,152.06245,164.1915,175.24255,185.90105,195.5992,204.67976,212.81909,219.07364,224.21027,226.88084,222.49492,216.21259,210.35403,205.8706,205.0,205.27129,202.54713,201.35098,202.93105,205.55106,205.74083,202.78046,210.96402,217.75452,213.85841,210.28023,952.18445,941.8723,932.47253,919.8298,885.66364,147.1986,135.33968,121.58914,106.63275,91.3869,77.9494,62.647552,47.262665,32.702736,21.293259,11.489277,2.552433,-7.078607,-17.7703,-28.46943,-36.986553,-46.26846,-56.518433,-64.8643,-69.97752,-74.84564,-87.04413,-99.01242,-105.68371,-110.043526,-114.84076,-120.9337,-125.39814,-128.20027,-127.796,-125.846344,-126.3359,-127.637596,-129.10823,-130.4269,-132.38805,-131.83206,-130.74933,-129.51163,-128.44724,-127.13507,-126.98452,-124.725105,-122.2445,-119.87498,-117.6621,-112.98593,-107.77566,-106.6861,-107.05973,-105.96628,-104.92402,-102.66848,-100.11809,-98.147934,-96.13262,-94.23439,-92.20361,-90.34271,-89.11122,-88.41137,-86.78937,-84.88846,-83.168465,-81.20098,-79.01155,-77.0511,-75.25268,-73.371445,-72.04858,-70.50322,-68.6963,-67.97155,-67.44842,-66.8992,-65.95503,-65.52238,-65.16278,-63.281742,-60.78324,-58.832264,-57.060196,-55.23559,-53.70877,-53.07183,-52.48011,-51.667263,-49.932026,-47.909927,-46.675587,-45.56836,-44.327244,-43.142643,-41.79584,-40.184345,-38.867775,-37.910168,-36.83384,-35.827145,-34.692657,-33.459435,-32.28281,-30.879534,-29.40317,-28.125391,-27.010952,-26.092857,-25.40009,-24.917213,-24.672682,-24.209543,-23.291883,-21.271095,-18.601027,-15.640485,-12.4871025,-9.674306,-8.082602,-7.323918,-5.922064,-4.687955,-3.7919552,-3.038265,-2.4157531,-2.0759757,-1.7241111,-1.0363848,-0.6193173,-0.14918107,0.34315675,0.787228,1.2512057,1.5694839,2.0431094,2.6371849,54.750275,55.63924,56.18876,56.60408,57.346565,56.791176,54.497116,50.89783,48.201668,46.434933,45.281036,43.90914,42.610615,41.300323,40.12602,39.745045,39.460003,39.254944,38.95206,38.286324,37.925167,37.36789,37.413223,37.143017,36.768604,36.48685,36.643692,36.98456,37.030144,36.950764,37.07221,37.759895,38.282013,38.412785,38.77989,39.60875,40.84522,40.976753,40.349533,39.87884,38.751225,37.763607,37.170338,36.56452,36.254993,36.218166,36.54803,36.69733,-16.04536,-13.336745,-10.56167,-7.8104343,-5.1345687,-2.543884,-0.028250214,2.4139562,4.794149,7.1121483,9.403699,11.669113,13.92052,16.121346,18.373621,20.648642,22.938261,25.275406,27.57447,29.902151,32.301872,34.721256,37.20472,39.764748,42.56286,45.196724,47.7728,49.049576,52.48886,55.252735,58.021454,61.094566,63.89818,65.53759,68.186104,69.48496,72.94328,69.30368,71.963974,76.21241,78.69603,81.751625,85.96367,89.72248,94.18383,97.40965,100.66995,106.09995,109.22315,113.637024,118.463,119.19105,123.806725,127.073135,131.93726,136.82045,141.61224,143.77228,145.1607,147.69775,151.55194,155.10483,159.36919,165.36835,171.30896,176.64125,182.87657,189.70178,194.59749,202.85847,210.12593,218.89899,227.23306,237.02284,248.3688,258.5873,268.90903,275.23083,284.00568,293.91577,302.53943,311.64923,322.88385,336.80432,352.07578,366.4941,382.08438,399.19427,417.30322,436.175,455.96698,471.60785,491.65607,511.9249,534.0821,550.31244,570.82513,587.59937,604.79114,623.89453,643.2548,664.62854,682.9744,706.80896,727.2407,751.02545,775.9495,801.7057,828.5816,857.3819,878.9047,902.3034,925.336,936.3906,957.1192,974.66455,993.6905,1012.88654,1028.0665,1043.4792,1058.4226,1072.7861,1083.8364,1086.1187,1085.5931,1088.7855,1085.2423,1078.1691,1079.0718,1073.8616,1068.7686,1070.5413,1065.5642,1059.3478,1045.3376,1028.512,1012.0925,994.90704,974.2263,948.2231,924.55096,901.70135,878.10693,861.207,841.79376,133.70012,133.5918,128.18831,121.0257,114.17974,110.15957,117.198,128.43637,138.60551,149.08145,158.2408,166.84369,174.05333,178.93619,183.57932,184.4184,179.71736,173.37479,168.0798,163.23326,161.70604,161.70023,159.15977,158.1597,159.4271,161.26152,160.92035,158.54915,165.48816,170.75316,167.3612,162.63365,837.61163,827.43884,815.8887,801.2761,764.44617,96.013596,84.93179,72.305885,58.19474,44.409134,32.825603,19.508427,6.38266,-6.0883403,-15.89647,-24.208036,-31.996826,-39.791378,-48.617462,-56.95986,-63.897743,-71.509056,-79.32195,-86.204124,-90.36343,-94.2895,-104.19986,-114.39766,-120.17352,-123.93894,-127.55228,-132.39479,-135.5727,-137.46883,-136.31602,-134.12842,-133.93204,-134.16808,-134.73918,-135.09827,-136.2588,-135.15753,-133.6599,-132.12189,-130.516,-129.42116,-128.86865,-126.54843,-124.05472,-121.55261,-119.12981,-114.70476,-109.81,-108.35241,-108.00575,-106.69481,-105.13583,-102.66287,-100.24927,-98.14728,-95.91538,-93.88905,-92.01904,-90.16059,-88.690926,-87.704704,-86.12172,-84.22429,-82.25083,-80.34552,-78.34191,-76.39302,-74.57727,-72.71468,-71.48268,-69.987,-68.06764,-67.12974,-66.37964,-65.40861,-64.470184,-63.99646,-63.406696,-61.493366,-59.27542,-57.383232,-55.623413,-53.876907,-52.477894,-51.654255,-50.94994,-50.055653,-48.559013,-46.614193,-45.47259,-44.37039,-43.119884,-41.975574,-40.70193,-39.175056,-37.871693,-36.938316,-35.883816,-34.7963,-33.71976,-32.551144,-31.432451,-30.196175,-28.91378,-27.743292,-26.711058,-25.76496,-25.089964,-24.5718,-24.250484,-23.808958,-23.026932,-21.360706,-19.166927,-16.815413,-14.331891,-12.1126995,-10.880525,-10.298482,-9.2116785,-8.267155,-7.569034,-6.968635,-6.4583344,-6.1499825,-5.8100758,-5.2188387,-4.8270035,-4.3845644,-3.9272234,-3.499088,-3.055344,-2.734037,-2.299429,-1.7917573,36.73136,37.152065,37.310112,37.431545,37.772552,37.13023,35.110596,32.326828,30.266544,28.827597,27.944965,26.82401,25.713463,24.821518,23.946035,23.623232,23.323812,23.22511,22.966385,22.321398,21.943073,21.54889,21.446838,21.196535,20.809761,20.39054,20.4048,20.457151,20.407003,20.28973,20.260542,20.566248,20.835209,20.726557,20.802597,21.251057,21.809145,21.69165,21.279493,20.933844,19.939062,18.952068,18.38511,17.894627,17.58927,17.372625,17.647549,17.765913,-12.967012,-10.756499,-8.476426,-6.225902,-3.9812753,-1.838106,0.2516507,2.2853289,4.2699585,6.2209496,8.145622,10.047722,11.934558,13.814324,15.729834,17.623693,19.546589,21.454117,23.409588,25.389996,27.428295,29.448519,31.647615,33.737747,36.193916,38.363487,40.29934,41.783768,44.486237,46.231014,48.866863,51.082787,53.735336,55.35228,57.08111,59.785698,57.319542,59.682137,62.495457,66.010185,68.36454,71.21025,73.821724,77.04829,79.79663,82.28048,86.379715,91.102165,94.0673,97.58172,99.58144,103.208015,107.13667,110.71457,114.53409,118.20327,121.7731,124.40772,125.957924,128.15382,131.8159,135.01102,138.32542,143.4845,148.02406,152.18483,157.76213,163.40906,169.53484,174.72829,183.54588,190.74152,197.21848,206.35013,215.39597,224.3215,232.14891,239.72502,247.29596,255.4029,263.07913,270.7422,278.97202,291.67096,303.6173,316.74515,329.96432,343.17264,358.15967,373.323,389.10144,403.8425,420.0321,434.0989,453.85117,466.20117,480.40268,495.11,510.70114,528.1678,543.1835,561.5012,579.3833,599.45807,619.6068,643.30884,665.45966,690.99365,714.97784,738.15216,757.9924,781.2536,801.09717,819.35114,836.556,855.4196,874.9293,894.94885,910.56274,929.3535,946.3558,959.41315,973.74286,979.41205,979.4015,985.5546,988.2145,985.9748,986.98737,984.27673,985.9141,990.39545,990.2035,989.8597,980.17926,967.2784,955.82007,940.06805,923.4408,904.7315,883.9671,859.4211,838.26245,822.8224,809.3781,123.65454,123.91028,119.382385,113.07267,106.65618,102.75987,109.29432,120.38703,130.4884,140.98222,149.98842,157.98967,165.20364,169.6721,174.11134,175.12544,170.52455,164.26602,158.95477,154.8525,153.31175,152.97769,151.20395,149.75723,150.97447,153.39297,152.9193,149.93987,157.06805,161.91763,158.82457,153.93742,815.8423,806.72034,796.54333,779.294,744.61743,88.486855,76.75726,64.1511,50.767303,37.04731,25.029343,12.134324,-0.8224333,-12.882621,-22.182568,-30.100336,-37.711147,-44.99263,-53.642063,-62.19966,-68.82244,-75.57431,-83.23498,-89.7753,-93.850784,-97.75845,-107.151665,-117.069725,-122.95425,-126.73641,-130.29391,-134.75035,-137.71205,-139.10551,-137.84363,-135.56581,-135.27774,-135.62738,-136.08075,-136.00487,-136.85002,-135.60127,-134.25288,-132.59499,-131.19044,-129.65488,-129.06776,-126.71127,-123.90765,-121.49233,-119.090034,-114.76708,-109.86915,-108.26651,-108.09602,-106.86442,-105.39053,-102.788414,-100.350006,-98.17765,-96.10743,-94.12221,-92.119514,-90.260994,-88.74087,-87.7035,-86.00103,-84.14434,-82.0752,-80.21359,-78.03903,-76.01151,-74.104774,-72.38024,-70.95681,-69.403046,-67.48063,-66.58307,-65.87963,-65.01001,-63.993515,-63.297962,-62.746613,-60.88556,-58.755917,-56.865963,-55.233227,-53.39839,-52.132248,-51.20033,-50.610416,-49.737568,-48.258232,-46.373463,-44.992912,-43.89914,-42.656826,-41.495136,-40.161892,-38.760433,-37.492023,-36.51652,-35.502388,-34.54745,-33.43181,-32.322754,-31.265419,-30.098959,-28.802973,-27.71071,-26.676748,-25.816578,-25.16271,-24.633009,-24.319708,-23.88557,-23.028648,-21.417381,-19.380638,-17.104149,-14.776613,-12.722155,-11.557783,-11.001976,-9.9657955,-9.065663,-8.411155,-7.832967,-7.3383226,-7.020366,-6.6946125,-6.1363378,-5.7387505,-5.3079267,-4.859236,-4.4423785,-4.0154743,-3.6963081,-3.2723472,-2.792506,31.973328,32.28459,32.37172,32.496624,32.776566,32.168938,30.388466,27.811028,25.99333,24.682486,23.808712,22.734827,21.745926,20.883072,20.07478,19.726366,19.471891,19.23207,18.960691,18.422554,18.0878,17.706095,17.518396,17.242193,16.919815,16.628262,16.571854,16.659851,16.560207,16.57077,16.515444,16.734417,16.979864,16.874008,16.966215,17.324142,17.818604,17.67745,17.172287,16.783056,15.880249,15.081999,14.668478,14.250257,13.852343,13.62143,13.676896,13.641667
Tax78,0.0,-1.36928,-1.0662203,-0.72102183,-0.34839386,0.04283902,0.44931886,0.8648752,1.2914859,1.7271664,2.1753643,2.63681,3.1099398,3.598922,4.0693007,4.5250936,5.051462,5.5862083,6.1294417,6.482462,6.823986,7.1716347,7.7060905,8.359969,8.885968,9.483281,9.9259615,10.580954,11.119516,11.633218,12.030651,12.407848,13.248592,14.069764,14.702979,15.442478,15.98909,16.725431,17.023561,17.733519,18.286823,19.250217,19.9053,21.689663,22.269228,23.516396,24.782246,25.131464,25.41127,26.578276,27.540104,28.093107,28.766594,29.643444,30.757193,31.585737,32.24289,32.629044,32.575676,32.52843,31.879416,31.767164,31.92272,31.84576,32.810024,33.920765,10.553161,11.221444,38.146824,40.27616,42.52767,44.11595,45.160236,14.499798,48.139046,15.622679,16.183857,17.22712,17.865616,18.58687,19.377552,19.824982,20.456419,20.999607,22.30144,23.795233,72.247375,75.00969,79.790436,83.940796,88.160164,93.0616,97.02804,100.45026,102.36381,104.33551,106.405876,110.18399,112.760994,114.98875,119.036804,120.94533,124.295654,128.67563,132.38287,135.88396,139.06491,142.39177,147.25055,151.8965,156.16557,159.34209,162.11446,163.48497,163.42023,46.42107,47.462265,48.583244,48.737335,48.244446,47.402428,46.288208,45.018543,44.047092,42.41673,41.087437,39.353207,35.696693,32.598648,29.944054,27.043858,24.453234,22.175571,19.170477,16.114353,12.689787,9.508418,5.9447722,2.4816487,-1.3589625,-5.1839147,-9.122924,-12.328868,-14.802787,-16.942112,-18.433945,-19.992704,-21.998081,-24.003546,-25.831211,-26.93069,-26.81485,-24.325846,-21.26926,-18.678713,-16.073069,-13.6437845,-11.772181,-10.457621,-9.819129,-9.239857,-9.00939,-9.672865,-10.395797,-10.728649,-11.207588,-11.119233,-10.221049,-10.295098,-10.034162,-9.333678,-8.63879,-8.361777,-8.816544,-6.7161965,-5.499631,-6.2098107,-6.6700325,-6.28059,-4.7167034,-3.9494767,-4.6132298,-8.043213,-11.797957,-14.274148,-16.08234,-17.809845,-19.16379,-19.894966,-20.730993,-21.354422,-22.04689,-22.143139,-21.950447,-21.838789,-21.660864,-21.595793,-21.345236,-20.978582,-20.580942,-20.378696,-19.906244,-19.41636,-18.993261,-18.734455,-18.312548,-17.841167,-17.219933,-16.610428,-16.083174,-15.509479,-14.864877,-14.366954,-13.710487,-13.261492,-12.711091,-12.2401085,-11.777301,-11.243682,-10.816691,-10.301931,-9.70738,-9.213369,-8.8533535,-8.523101,-8.087313,-7.719347,-7.3669367,-6.9493084,-6.6599936,-6.2902904,-5.976236,-5.6991277,-5.3976545,-5.108264,-4.8352013,-4.6267858,-4.344093,-4.1496305,-3.9433815,-3.7467637,-3.5715833,-3.464732,-3.244862,-3.105675,-2.9287493,-2.755481,-2.6137795,-2.5149703,-2.431699,-2.3147852,-2.1671195,-2.084849,-1.982023,-1.9022307,-1.7790309,-1.7076554,-1.632094,-1.5579228,-1.502974,-1.4458565,-1.3968931,-1.3368148,-1.2267631,-1.1728323,-1.1179289,-1.0686797,-1.014762,-0.95779127,-0.9214771,-0.8713316,-0.83502406,-0.7989204,-0.75371313,-0.72748727,-0.6745316,-0.6446153,-0.6207743,-0.60669607,-0.5880439,-0.5690711,-0.55981135,-0.5369159,-0.510968,-0.48654714,-0.47108197,-0.44797087,-0.44008762,-0.4148183,-0.40465787,-0.37873584,-0.36385873,-0.34894636,-0.3395206,-0.32071698,-0.3109069,-0.296978,-0.28159344,-0.26055515,-0.24961448,-0.22841932,-0.21659674,-0.20530574,-0.19284262,-0.17745192,-0.16186696,-0.13823313,-0.12426022,-0.10351075,-0.084816,-0.06343217,-0.039675653,-0.014801985,0.012444534,0.042043332,0.07389342,0.11225189,0.15628739,0.20718455,0.25720078,0.32220563,0.4195454,0.59660214,0.82443464,1.0612512,1.1916884,1.288949,1.4002035,1.5357386,1.6712965,1.8308492,2.0505428,2.1751869,2.5162818,2.870281,3.2954035,3.746554,4.3572288,11.284397,14.595843,18.74927,24.197777,30.745161,38.777866,47.374153,56.50487,64.784096,71.48673,77.13923,80.44526,79.33241,68.01685,48.019455,27.95965,12.269739,3.006251,-0.7895378,-2.0726223,-2.2950902,-1.963507,-1.5366467,-1.0885296,-0.821742,-0.45411125,0.12679006,0.64258564,-4.8971896,-4.0507402,-3.1395392,-2.202528,-1.2648717,-0.33612853,0.5784169,1.4750177,2.3559456,3.222294,4.0760155,4.9020076,5.7441745,6.5653276,7.382805,8.144549,8.956261,9.759325,10.55604,11.350165,12.153479,12.947936,13.706539,14.480643,15.359145,16.123138,16.841255,17.772081,18.00492,19.087336,20.046795,21.589079,22.71791,24.02399,25.254177,26.448217,27.292713,27.511309,28.509644,28.960747,28.93089,30.86581,32.627335,33.791225,35.50351,37.407124,38.27275,38.865158,39.83247,40.395065,41.08507,42.00286,42.453854,43.23136,43.14119,43.54013,44.106987,43.81047,43.069794,41.526363,41.111687,40.44873,39.982494,41.445744,42.675163,8.157194,9.133241,48.76798,51.19308,53.833538,55.925552,56.976166,12.663864,60.80181,14.056671,14.814882,16.178644,16.931967,18.265923,19.203606,20.11715,20.768534,22.280972,24.12304,25.860237,93.04125,96.353645,100.490074,104.30072,108.57758,113.403885,117.16133,120.64445,121.56108,123.15793,125.4211,129.22523,132.93024,137.08464,139.56163,143.03862,147.35063,152.91681,156.44792,160.75504,165.93826,171.54065,178.0537,184.60904,191.44556,197.6292,204.87907,210.0369,213.69864,54.44591,58.70355,62.872196,64.95592,66.55193,67.58795,67.640205,67.78942,67.58701,67.694954,67.2375,66.114815,62.120533,58.168533,55.83774,52.69741,50.05303,47.70931,43.85908,39.52401,34.534348,29.271032,22.979736,16.547932,8.953989,0.9582388,-6.9427958,-13.065776,-17.424507,-20.898829,-22.992207,-25.600857,-29.496172,-33.56181,-37.462082,-40.05627,-40.201313,-35.68879,-29.948767,-25.0239,-20.001207,-15.158568,-11.268699,-8.399024,-7.084463,-5.6984973,-4.896129,-5.9865932,-7.2965393,-7.9359727,-8.878718,-8.553414,-6.553743,-6.496849,-5.7531285,-4.228526,-2.4749305,-1.6445317,-2.4026437,2.482387,5.5665846,4.3967934,3.6586618,4.877738,8.774836,11.1230955,10.207186,2.371276,-6.823016,-13.2944145,-18.113432,-22.699858,-26.397501,-28.63536,-31.120314,-33.07868,-34.606796,-35.28124,-35.62547,-36.061024,-36.09858,-36.26777,-36.09676,-35.76189,-35.41133,-35.068302,-34.554947,-33.76258,-32.960136,-32.50681,-31.927444,-31.066412,-30.147799,-29.424406,-28.410091,-27.545883,-26.514591,-25.504374,-24.31521,-23.186459,-22.204493,-21.317696,-20.49016,-19.62098,-18.835423,-17.910843,-17.199146,-16.519373,-15.635601,-15.053624,-14.368678,-13.722401,-13.018275,-12.421236,-11.816782,-11.169067,-10.6409,-10.1862755,-9.730657,-9.227637,-8.75152,-8.309585,-7.9557867,-7.5713077,-7.1917715,-6.8276105,-6.464869,-6.1682267,-5.835345,-5.558005,-5.2227902,-4.9450574,-4.7557898,-4.514736,-4.2714505,-4.101922,-3.892897,-3.667736,-3.491437,-3.311177,-3.0941806,-2.9347503,-2.8297985,-2.714505,-2.5819976,-2.4607983,-2.3298955,-2.1818397,-2.0646784,-1.9571975,-1.8750525,-1.7352139,-1.6345559,-1.5408392,-1.4653089,-1.3928431,-1.3013566,-1.2235204,-1.1574621,-1.0941722,-1.065282,-1.0025333,-0.9465642,-0.8851229,-0.83659714,-0.7967359,-0.773062,-0.7301717,-0.68649757,-0.6407653,-0.60833234,-0.5743821,-0.56077075,-0.53454715,-0.48501715,-0.44861543,-0.43747205,-0.42017683,-0.39329708,-0.37849218,-0.36708122,-0.35015202,-0.3228328,-0.29355597,-0.26990798,-0.2546296,-0.24025548,-0.22051272,-0.20273215,-0.18386786,-0.16719858,-0.1425962,-0.12467899,-0.10335909,-0.07678482,-0.050045017,-0.017666351,0.015325025,0.05123913,0.092148334,0.13711137,0.18748733,0.2488572,0.32459757,0.39937848,0.49681303,0.6496122,0.9229931,1.2597713,1.6035086,1.7792337,1.896711,2.0249476,2.1762254,2.2841835,2.4350114,2.6472573,2.8266368,3.1516674,3.4446802,3.7687695,4.1337805,4.528736,11.217141,13.139891,14.8092375,16.553095,17.754084,18.638702,18.869682,18.4049,17.181152,15.445017,13.491717,11.519203,9.127689,6.353773,4.311791,3.542135,3.4200113,3.5304465,3.8313186,3.8679547,4.014647,4.277457,4.517378,4.668416,4.7817407,4.975381,5.2880263,5.5581126,-1.4337167,-1.2061256,-0.9645455,-0.7182581,-0.4727016,-0.23059697,0.006631603,0.2387299,0.46586263,0.6882416,0.906712,1.1219246,1.3351095,1.5468444,1.7575256,1.9668194,2.1739771,2.3631694,2.56883,2.7726223,2.9721467,3.1793861,3.3524532,3.5531554,3.7545042,3.8953779,4.1282206,4.3290744,4.553206,4.668345,4.882288,5.2611003,5.6255507,5.941312,6.02037,6.418705,6.704693,6.8659225,7.0224166,7.1794195,7.5483146,7.464979,8.1608925,8.384343,9.005537,9.314803,9.369572,9.688455,9.9811325,10.092079,10.220249,10.595787,10.735518,10.711293,10.886596,11.190563,11.217511,11.090011,10.936929,10.564717,10.244849,10.048541,9.88257,10.288935,10.713819,1.8842276,2.2076654,12.496048,13.196621,14.075939,14.654226,15.206049,3.296647,15.936528,3.6914072,3.889419,4.269121,4.5154257,4.8050675,5.104417,5.3511214,5.5866823,6.0110955,6.5637593,7.118983,25.631588,26.833862,28.48137,29.593235,30.864939,32.10049,33.137035,33.968296,33.989365,34.01963,34.596676,35.67246,36.785187,37.25547,38.114063,38.638084,39.589138,41.601704,42.4556,43.95364,45.809067,46.89974,48.54457,50.31687,51.621437,53.934875,56.194542,56.757957,57.9046,14.368499,15.566167,16.588547,17.526663,17.759928,18.18769,18.430365,18.479162,18.847961,18.719435,18.855589,18.581486,17.49043,16.541422,16.016554,15.220993,14.457521,13.911018,12.967797,11.747522,10.418626,8.891862,7.120428,5.2205977,3.0647306,0.7870094,-1.4600607,-3.294227,-4.5345426,-5.551601,-6.180534,-6.9178734,-8.047477,-9.301632,-10.454325,-11.131705,-11.197693,-10.078434,-8.4728365,-6.9973435,-5.4635234,-3.9381866,-2.6718347,-1.6698923,-1.1338359,-0.61537033,-0.2942898,-0.54238236,-0.9037264,-1.0935096,-1.3707563,-1.2741153,-0.6609625,-0.59470046,-0.33531952,0.1650449,0.75749457,1.0914625,0.91700447,2.486988,3.6160798,3.382969,3.1995733,3.6456935,5.0282245,5.9236765,5.765055,3.1827161,0.025731267,-2.253521,-3.9957302,-5.586181,-6.8921514,-7.7658324,-8.674047,-9.397857,-9.984072,-10.258758,-10.463467,-10.72158,-10.769094,-10.925181,-10.979765,-10.95878,-10.7286825,-10.547447,-10.390428,-10.219728,-10.010801,-9.8120575,-9.639785,-9.267708,-9.053615,-8.73987,-8.505872,-8.299146,-8.052747,-7.7297373,-7.4118614,-7.166824,-6.776328,-6.471098,-6.1443467,-5.9115696,-5.679881,-5.4329405,-5.1703854,-5.0024104,-4.764283,-4.57388,-4.374363,-4.1640124,-4.0126624,-3.8619196,-3.7079463,-3.5274282,-3.365553,-3.2134504,-3.0748608,-2.9288375,-2.794876,-2.6088002,-2.456586,-2.2611449,-2.1417582,-2.0208106,-1.9296976,-1.8385022,-1.7605482,-1.7082552,-1.5943644,-1.541855,-1.4632108,-1.4237357,-1.3375748,-1.2117485,-1.1463792,-1.0995791,-1.0734385,-1.004553,-0.9561969,-0.9273457,-0.8893575,-0.8466887,-0.8002979,-0.771469,-0.72323394,-0.6770148,-0.64088494,-0.6247339,-0.5729189,-0.5636397,-0.5260781,-0.47492573,-0.4618397,-0.4258354,-0.39293462,-0.36426347,-0.35835212,-0.33943516,-0.3267225,-0.30840763,-0.29236692,-0.28201434,-0.26866063,-0.2642526,-0.25631407,-0.24855559,-0.23118687,-0.2153064,-0.21158703,-0.20446032,-0.20083779,-0.18456088,-0.17766051,-0.17104515,-0.15856735,-0.13796657,-0.13573526,-0.12540534,-0.12272166,-0.11675179,-0.10597115,-0.09650336,-0.09222332,-0.083404705,-0.074333094,-0.067464076,-0.0598971,-0.055482578,-0.050866693,-0.045813404,-0.040655967,-0.03503072,-0.027725024,-0.019820092,-0.010350339,-0.00044906547,0.010384738,0.021889748,0.034888774,0.047742892,0.06552558,0.08665573,0.10739559,0.1343496,0.17968921,0.25649565,0.35048547,0.44541726,0.49221858,0.5224541,0.5556882,0.5953719,0.63125044,0.68438655,0.7433879,0.7934901,0.88550097,0.9693702,1.0634631,1.1716146,1.2894359,3.220172,3.8048525,4.3967934,5.032317,5.4842205,5.949532,6.1561284,6.157602,6.002267,5.752594,5.4078417,5.03808,4.5596247,3.822311,2.8177938,2.0234149,1.8085294,1.6934094,1.7169749,1.7897412,1.8160185,1.9235283,2.0028017,2.0847282,2.21829,2.3187215,2.4611473,2.571609,-0.6604762,-0.55167854,-0.43730223,-0.32153204,-0.20657608,-0.09351148,0.017194055,0.12554516,0.23178504,0.33586833,0.43831906,0.5394396,0.63951653,0.739155,0.83877754,0.93883866,1.0393414,1.1404212,1.2424022,1.3444728,1.4448781,1.5437665,1.6415083,1.670296,1.7669603,1.8387259,1.9378561,2.0553644,2.1594648,2.1410544,2.1986115,2.4820826,2.6469376,2.8396401,2.8756516,3.0364053,3.1859107,3.2757728,3.3683977,3.3677495,3.49501,3.5242293,3.5630293,3.7141125,3.9883335,4.2181287,4.28633,4.2094254,4.311234,4.3291545,4.4761634,4.635612,4.6619287,4.6967397,4.784962,4.831664,4.8597665,4.907444,4.7718534,4.6364946,4.474718,4.4315333,4.4228497,4.62361,4.9147377,0.8499279,0.9889304,5.7934227,6.068059,6.488573,6.6541686,6.9286227,1.5436465,7.4879084,1.7070916,1.804906,1.9753678,2.0587988,2.2192578,2.3070953,2.4895027,2.5429707,2.7397463,2.9758697,3.2581637,11.70668,12.32377,13.189461,13.63514,14.441281,15.134496,15.654127,15.924799,15.962106,16.144245,16.05302,16.807499,17.527548,17.779823,18.204102,18.490705,19.406317,19.973501,20.628735,21.604439,22.421339,23.147741,24.442125,25.091465,26.411167,26.736269,28.010742,28.712477,29.079836,7.633968,8.207562,8.675302,9.112415,9.5766735,9.599985,9.605726,9.733662,9.808257,9.971982,9.99602,9.971285,9.291818,8.795127,8.509857,8.035153,7.7205787,7.447371,6.924415,6.2284813,5.4851675,4.7255006,3.7794478,2.8325832,1.7855997,0.60435736,-0.5357671,-1.4748632,-2.1500533,-2.7003443,-3.0123832,-3.4268236,-4.0155873,-4.6656666,-5.210923,-5.6408606,-5.7117267,-5.118041,-4.3324957,-3.584472,-2.837721,-2.0547898,-1.4034503,-0.85333806,-0.5561881,-0.2705076,-0.08688426,-0.18889867,-0.35926366,-0.45172954,-0.59430647,-0.54848826,-0.23861372,-0.19542032,-0.053089418,0.21117753,0.5217274,0.7091742,0.63067514,1.4396015,2.0521832,1.9737079,1.900271,2.1377606,2.8439791,3.3384032,3.2680705,1.9785228,0.3331221,-0.8788417,-1.7754581,-2.6352015,-3.3411589,-3.792679,-4.222585,-4.5490785,-4.8761234,-5.020033,-5.0927606,-5.1769457,-5.229458,-5.3048024,-5.3090982,-5.2526135,-5.2361226,-5.197643,-5.174171,-5.0210466,-4.8943067,-4.796645,-4.7186847,-4.58113,-4.4210186,-4.253015,-4.084648,-3.9503286,-3.8611267,-3.7480476,-3.5356357,-3.4106998,-3.2833545,-3.1434505,-3.0140266,-2.8680573,-2.735602,-2.5922544,-2.4166846,-2.2894514,-2.1710086,-2.0733442,-2.0095334,-1.9161664,-1.8590517,-1.7569876,-1.6508657,-1.5423641,-1.4494879,-1.3625838,-1.2418805,-1.1604964,-1.0793273,-1.0619143,-1.0009247,-0.9500346,-0.8928383,-0.8118037,-0.79294324,-0.7599197,-0.73841774,-0.70899487,-0.67996067,-0.6552538,-0.63063216,-0.606443,-0.58099735,-0.56424814,-0.52739006,-0.47652152,-0.45273557,-0.42910805,-0.42224655,-0.40601766,-0.38349512,-0.3671045,-0.3277613,-0.2995589,-0.27850398,-0.27393544,-0.23498063,-0.2243557,-0.20752688,-0.19805606,-0.18366891,-0.17309639,-0.17032588,-0.16755882,-0.16480117,-0.16213001,-0.15488397,-0.1523693,-0.14989284,-0.1329354,-0.1255323,-0.12344724,-0.12142058,-0.10676003,-0.09952525,-0.0943384,-0.08807573,-0.086594954,-0.085104115,-0.08362612,-0.082151264,-0.075178206,-0.07385998,-0.0616987,-0.06068246,-0.05971497,-0.05511807,-0.049841788,-0.04060221,-0.03611182,-0.031777978,-0.03058832,-0.02927767,-0.028029077,-0.02391648,-0.022638433,-0.02122544,-0.019738775,-0.018185968,-0.014829809,-0.013274347,-0.011580815,-0.00938787,-0.0070185065,-0.0041864263,-0.0012306059,0.0019970415,0.005654397,0.00965061,0.014595194,0.02040783,0.027295148,0.03402591,0.04275589,0.057439856,0.082279086,0.09552741,0.12123664,0.13353822,0.1412364,0.14972746,0.15994848,0.16912965,0.18297017,0.19837616,0.21139213,0.2356793,0.2133305,0.23400548,0.25792912,0.2841836,0.7125897,0.8421356,0.97567457,1.126304,1.2451054,1.3395351,1.390005,1.4327973,1.4111784,1.3605636,1.2947265,1.2439291,1.1722225,1.0314204,0.7758925,0.5217451,0.4587043,0.43287313,0.41349772,0.39449373,0.44854322,0.4603112,0.5162608,0.48019925,0.53048265,0.5590605,0.6122561,0.64708847,-0.14498258,-0.12154952,-0.09717045,-0.07266809,-0.048231453,-0.028165314,-0.008500779,0.010745782,0.029620975,0.048174065,0.06646072,0.08456885,0.102569155,0.12033019,0.13776323,0.1552109,0.17275183,0.19046181,0.20844422,0.2267436,0.24536407,0.2642989,0.2834749,0.30229688,0.32103288,0.34012195,0.35943106,0.3792834,0.39958754,0.42039695,0.44403717,0.43164134,0.43537286,0.4426953,0.46073878,0.4935938,0.5180073,0.53194326,0.5685904,0.5794618,0.582974,0.62774867,0.58636785,0.5851463,0.5711559,0.5988204,0.6389728,0.6882616,0.6900879,0.74553883,0.77479905,0.80827564,0.86390156,0.85688657,0.8671192,0.900469,0.92950606,0.87821525,0.86618024,0.91528857,0.9135975,0.97009903,0.9732536,0.9892685,1.0686702,1.073586,1.0975778,1.1791958,1.1996106,1.2054354,1.2847095,1.3344254,1.3921834,1.4479579,1.5093416,1.5787305,1.6665983,1.6903086,1.70039,1.7810438,1.7986114,1.836504,1.8466866,1.9040145,2.0570843,2.046183,2.2394292,2.223484,2.33091,2.4164748,2.4661944,2.5267851,2.6858273,2.7041574,2.919262,3.0232866,3.003713,3.185593,3.3844914,3.618217,3.6723304,3.761126,4.004025,4.0332055,4.186717,4.342903,4.346945,4.706323,5.0933146,5.181342,5.3350725,5.5243335,5.9781547,6.138868,6.4569592,6.512524,7.0075927,7.2610116,7.502658,7.486332,7.846005,8.453267,8.953848,9.219785,9.491002,10.0945215,10.269434,10.574086,10.84507,11.8074255,12.109053,12.27851,13.079221,13.160707,13.273218,13.541553,13.9134035,13.860637,14.4007845,14.305477,14.62553,14.9348135,14.913133,15.120414,15.486605,3.7829235,3.9184308,3.9685023,3.926531,3.9289997,4.0396433,4.451141,4.8353205,5.158889,5.533994,5.913013,6.121778,6.34498,6.6318736,6.858547,7.10775,6.941198,7.0677533,7.0556016,7.0676994,7.166793,7.2858577,7.244539,7.491521,7.63,7.9094048,8.065481,8.198558,8.555079,9.029215,9.038935,9.081165,30.359985,30.855236,31.221014,31.967327,32.208614,8.839009,8.7578945,8.399072,8.251412,7.68923,7.1930823,6.6415315,6.075485,5.5344043,5.1658354,4.8828387,4.518446,4.154168,3.6585717,3.1941102,2.9073436,2.4753318,2.0797837,1.6393985,1.4315075,1.2193223,0.6069472,-0.0717179,-0.4659743,-0.7256134,-1.018268,-1.4028212,-1.6875596,-1.8964174,-1.9483428,-1.8906487,-1.983012,-2.14534,-2.339776,-2.4960108,-2.7406924,-2.7996392,-2.850363,-2.9072673,-2.970903,-2.9945588,-3.0870297,-3.0704446,-3.0380087,-3.0087748,-2.9913971,-2.7873154,-2.5445275,-2.576747,-2.7350278,-2.7228096,-2.7565231,-2.705268,-2.6714637,-2.6569817,-2.6433375,-2.6058981,-2.561643,-2.5004783,-2.4739487,-2.5296638,-2.5008583,-2.4532688,-2.4037964,-2.3808777,-2.3121893,-2.270416,-2.2198946,-2.1819994,-2.1625185,-2.1433597,-2.1021745,-2.1110294,-2.1391373,-2.1908433,-2.1902287,-2.2466936,-2.3020737,-2.2431352,-2.1502514,-2.088454,-2.0218055,-1.9493654,-1.911433,-1.9017727,-1.9447271,-1.9416021,-1.8382118,-1.7216148,-1.6691298,-1.6469616,-1.6194707,-1.5782478,-1.5205104,-1.4400017,-1.373505,-1.3402543,-1.2943618,-1.2643669,-1.2129488,-1.1508644,-1.1011933,-1.0105034,-0.9103277,-0.83221686,-0.76327264,-0.7097644,-0.67916995,-0.66668934,-0.6828676,-0.67598605,-0.6190396,-0.4415335,-0.1936311,0.09695623,0.4220978,0.722608,0.9066805,1.0040394,1.1775082,1.3389167,1.4567915,1.5689368,1.6681755,1.7300117,1.764497,1.8473595,1.8882337,1.9534004,2.0089087,2.0519004,2.0843034,2.1220322,2.1561244,2.1960166,8.27959,8.340505,8.370981,8.306744,8.313992,8.0846,7.771177,7.3541713,7.0175233,6.978669,6.8825693,6.8041353,6.7194552,6.5863223,6.4302087,6.3219295,6.37195,6.269754,6.254347,6.2979302,6.216966,6.127596,6.1092167,6.109234,6.139032,6.1135964,6.1805744,6.174466,6.3140125,6.4400663,6.5166054,6.703986,6.721312,6.9017425,6.910578,7.105504,7.323515,7.388266,7.4087257,7.5318446,7.3661714,7.407945,7.439801,7.450062,7.481394,7.6336217,7.8882084,8.069775,-1.2726249,-1.0863377,-0.8878137,-0.6844058,-0.483059,-0.2850003,-0.09129691,0.09744336,0.2813541,0.46048728,0.6350204,0.80555737,0.97246146,1.1358621,1.2957815,1.4535333,1.6091435,1.7623293,1.9141588,2.064623,2.2124765,2.3591585,2.505513,2.6504426,2.7936864,2.937616,3.1196568,3.2874331,3.425182,3.6330793,3.7436633,3.7100992,3.8526335,4.0826626,4.281264,4.5595827,4.7502184,4.9968767,5.2468157,5.232675,5.569333,5.851202,5.893597,6.107387,6.195511,6.303998,6.43814,6.7089405,6.8650937,6.9875283,7.2081494,7.5189114,7.5916967,7.876388,8.088193,8.383998,8.488218,8.687367,8.769029,8.934277,8.833086,9.087912,9.189684,9.452079,9.697323,10.117338,10.534192,10.544015,10.964784,11.39058,11.934808,12.234396,12.632482,12.856628,13.789566,14.73524,15.169903,15.955741,16.105474,16.262173,16.927408,17.54359,18.187124,19.029325,20.225967,20.777088,22.301048,23.15664,24.468533,25.629282,26.802458,27.106092,28.494265,29.684254,31.455328,32.762997,33.971466,35.451748,37.5017,39.199,40.19477,42.632328,44.859085,46.302906,48.328114,51.16916,53.50653,56.15112,59.62027,62.29309,65.844315,68.59468,71.22855,74.34212,77.947296,81.63856,84.85793,88.727875,93.33142,96.85312,100.4849,105.15038,109.01437,113.432014,116.24439,121.08565,123.04732,126.33092,129.14536,133.21738,136.8005,140.94594,146.96815,150.7737,153.19756,155.69572,158.7042,160.79698,163.77089,164.73685,166.02347,166.93558,166.91481,168.09378,168.87935,43.21504,44.059532,43.50015,42.799706,41.670864,41.63896,43.135468,46.03795,48.417976,51.140167,53.18036,55.408524,57.382595,59.043488,60.392372,60.77848,60.333256,59.07465,58.471306,58.14535,58.21639,58.768063,58.86441,59.245743,59.931404,61.1471,61.423588,61.59279,63.76259,65.69946,65.673164,64.97002,236.1648,237.0531,238.63013,239.72751,236.62895,55.504925,52.43317,49.686558,45.497524,41.40893,37.711124,33.23704,28.79508,24.42196,21.371649,18.461802,15.606811,13.036182,9.562782,6.189733,3.5065768,0.52466077,-2.6896577,-5.5046554,-7.205904,-9.11171,-13.348683,-17.585371,-20.11224,-21.891935,-23.73689,-25.99923,-27.664062,-28.720217,-28.687822,-28.221897,-28.515644,-29.304115,-30.214027,-31.056276,-32.166878,-32.508392,-32.615505,-32.677475,-32.786743,-32.85252,-33.212055,-32.873077,-32.403473,-31.853426,-31.381607,-29.882177,-28.163593,-28.084093,-28.698765,-28.808208,-28.676542,-28.02995,-27.480347,-27.037058,-26.623056,-26.153698,-25.687128,-25.3383,-25.1618,-25.064081,-24.72742,-24.383484,-23.925005,-23.412622,-22.764725,-22.250273,-21.795977,-21.423985,-21.023838,-20.769999,-20.215778,-20.152515,-20.219664,-20.200253,-20.072014,-20.110718,-20.201176,-19.630337,-18.883871,-18.27027,-17.801638,-17.252754,-16.889822,-16.855108,-16.867764,-16.742487,-16.199139,-15.450922,-15.108444,-14.815201,-14.371007,-13.961549,-13.519638,-12.949836,-12.532409,-12.260939,-11.913443,-11.6440525,-11.237459,-10.82965,-10.419619,-9.887826,-9.318252,-8.878283,-8.457765,-8.105362,-7.870644,-7.770461,-7.745612,-7.6321173,-7.2543035,-6.423795,-5.2230883,-3.894499,-2.484176,-1.2151634,-0.51687706,-0.21093957,0.40030167,0.9387607,1.3314842,1.6597589,1.9348546,2.0836442,2.2370164,2.547118,2.7207892,2.9255428,3.1449394,3.3487692,3.5696082,3.725199,3.9626427,4.265586,27.58703,27.950495,28.087252,28.144667,28.186672,27.751524,26.558126,24.968819,23.73656,22.871017,22.237139,21.64339,21.075718,20.455381,19.928307,19.724775,19.607574,19.42372,19.279375,18.94077,18.686178,18.487085,18.482079,18.20206,18.00123,17.719957,17.705387,17.785725,17.759655,17.748049,17.744078,17.908855,18.180178,18.168472,18.207676,18.581884,18.989477,18.802801,18.585829,18.45393,17.82878,17.334253,17.203402,16.898085,16.711119,16.576178,16.662771,16.703459,-6.781963,-5.7565403,-4.6622276,-3.5442743,-2.427867,-1.3285133,-0.25696677,0.7836277,1.8012391,2.8015378,3.7757218,4.73025,5.6507587,6.5685973,7.4727445,8.367438,9.246377,10.106716,10.978409,11.826807,12.691795,13.541844,14.387771,15.245905,15.997722,16.882757,18.003675,18.597498,19.471075,20.288645,21.252323,21.110983,21.918255,23.084843,24.013767,25.170185,26.27991,27.221914,28.244753,29.035324,30.225557,31.100502,32.156628,32.667183,33.195507,33.8893,34.925983,35.085255,36.64055,37.913815,39.265255,40.446358,41.889786,42.582848,43.770798,44.92835,45.934402,46.42339,46.84589,46.941456,47.843765,48.574306,49.460217,51.087643,52.308334,54.462513,55.91892,57.684612,59.584415,61.03377,63.341248,65.98793,67.62987,70.1095,73.32785,76.12442,78.20948,80.68503,83.027306,84.849625,87.71695,89.19048,92.74215,96.184166,100.229774,104.30951,108.10658,112.600235,118.841606,123.58026,130.41154,134.95857,139.55016,145.54648,153.01959,157.83908,163.09013,168.81807,175.66861,182.79916,189.80916,197.41289,206.2173,213.81445,220.77686,231.77307,241.63554,253.2813,264.58896,277.27472,288.94427,303.02112,314.2912,325.604,337.61618,350.62872,366.19037,382.01892,395.45352,411.41394,424.8661,441.07913,455.60483,466.92462,476.51553,487.61157,497.25934,508.287,516.2886,526.6265,537.5426,548.3229,556.57446,567.09814,570.96497,576.4854,579.8143,582.21,582.232,579.7808,573.84094,568.8121,563.8366,562.3412,560.44946,135.65492,137.06291,134.33495,130.44345,126.078804,124.02992,128.41179,136.99452,144.35422,151.86438,159.38239,165.47122,170.8935,175.01637,178.2748,179.40005,176.14781,172.60135,168.58461,165.5955,164.77124,165.05843,163.58151,162.27473,163.79536,165.64912,165.60353,164.02309,168.83078,173.02762,170.7749,168.09431,642.1847,639.4741,636.6705,631.74164,611.6672,127.16488,118.1049,107.1588,95.695305,83.32744,73.6699,62.043175,50.382248,39.51699,31.095783,23.488081,16.307064,9.345696,1.5267811,-6.5548406,-12.87783,-20.007063,-27.356825,-33.85861,-38.41786,-42.49751,-51.71868,-61.16204,-66.83338,-70.83813,-74.67825,-79.19179,-82.64215,-84.754425,-84.405,-83.03131,-83.778305,-85.107834,-86.81134,-88.26773,-90.49103,-90.72111,-90.48261,-90.078545,-89.81914,-89.51644,-89.95691,-88.77752,-87.416664,-86.22022,-84.88498,-81.282776,-77.523285,-77.158905,-78.17036,-77.9514,-77.463585,-75.86816,-74.2848,-72.93144,-71.96848,-70.76163,-69.61171,-68.31889,-67.46985,-67.203064,-66.283806,-65.097115,-63.933617,-62.50487,-60.959965,-59.677067,-58.45232,-57.070374,-56.239452,-55.31549,-54.01735,-53.5644,-53.345776,-52.933403,-52.429546,-52.39326,-52.24103,-50.81633,-48.849922,-47.2896,-46.026035,-44.4475,-43.368855,-43.013794,-42.7339,-42.117702,-40.842335,-39.101162,-38.21656,-37.348526,-36.459297,-35.53845,-34.447186,-32.98733,-31.963388,-31.182604,-30.270798,-29.538258,-28.586185,-27.606977,-26.687016,-25.581757,-24.355856,-23.281942,-22.325647,-21.577494,-21.109762,-20.818913,-20.738981,-20.479717,-19.733343,-17.95381,-15.62489,-12.961563,-10.159554,-7.7004075,-6.3713,-5.804991,-4.631936,-3.5914974,-2.8493283,-2.212518,-1.6670156,-1.3641835,-1.0308348,-0.37114432,0.045404218,0.5301703,1.0455304,1.5186747,2.0318704,2.391154,2.9006445,3.5034206,47.040184,47.495247,47.639675,47.66478,47.804474,46.982174,44.67252,41.420166,38.97668,37.299442,36.30759,34.995846,33.733013,32.679035,31.63398,31.211191,30.877012,30.585903,30.35567,29.713726,29.230492,28.78039,28.5879,28.207018,27.83016,27.478203,27.479502,27.543089,27.540712,27.531906,27.429777,27.783504,28.009352,27.969597,28.099144,28.528536,29.18809,28.947151,28.304228,27.909412,26.838,25.781551,25.19774,24.675444,24.080336,23.78527,23.89906,24.013502,-13.048432,-11.07648,-8.989577,-6.8416514,-4.6962523,-2.5759716,-0.4889306,1.5547227,3.5384135,5.486417,7.371676,9.211956,11.058097,12.865891,14.606491,16.355446,18.03976,19.7905,21.501184,23.21028,24.912504,26.564112,28.259817,29.934217,31.53094,33.212124,35.376335,37.010765,38.202477,40.004086,40.28758,42.307705,43.6753,45.147095,47.112873,49.29582,51.249004,53.31774,54.794834,56.72005,58.266964,60.532352,62.28843,64.00457,65.52918,64.5235,66.10645,69.444565,71.605446,74.128746,77.00845,79.49855,81.62891,83.22842,85.20658,87.290245,89.09519,89.392456,89.73173,90.36744,92.03341,93.748474,95.48764,98.10112,100.569466,103.19468,106.48562,110.23593,113.857994,117.41531,121.04692,125.0838,129.06816,133.76566,138.32501,142.95702,147.49953,151.2201,154.64111,158.70273,163.0822,166.44505,170.4188,176.92201,183.80243,192.04404,197.4214,206.69797,215.09164,223.79353,232.5695,240.95743,249.36797,257.81244,265.89444,276.36636,285.8128,294.51306,304.14246,313.85608,325.13913,335.9084,348.38406,361.7839,376.55048,390.5864,406.19,423.09174,439.8637,458.89246,475.7439,493.4813,510.3707,522.9153,539.7724,555.9283,575.0561,592.50134,610.24316,627.68646,646.21344,662.52826,679.8171,688.8208,697.6909,709.8726,715.2607,724.0889,731.53204,740.0747,748.81946,756.7033,763.8226,768.6006,766.7886,761.168,755.3338,752.1991,742.7328,731.6222,720.82227,711.16986,702.66516,693.9807,684.7591,163.1576,163.08838,158.87503,152.96378,147.17383,143.45164,149.02863,158.35689,166.59016,175.33348,183.47499,190.05064,195.94066,199.93405,203.50398,204.43175,200.08357,194.82222,190.55676,186.53181,185.51335,184.95062,182.51494,181.28241,182.54828,184.04161,183.82408,180.94821,186.7019,190.98799,187.67448,183.76045,708.68896,701.1703,691.91003,681.63275,653.8809,132.03435,120.77461,109.381226,96.4565,83.332756,72.41383,60.32125,48.008945,36.43936,27.225542,19.426771,12.149832,4.895475,-3.4874585,-11.869208,-18.645718,-25.64008,-33.64116,-40.13499,-44.898254,-49.106716,-58.497066,-68.21931,-74.26883,-78.11763,-82.01396,-86.62547,-89.88176,-92.045425,-91.7253,-90.18951,-90.83606,-92.20451,-93.675385,-95.00649,-97.0367,-96.94479,-96.559975,-96.26436,-95.8245,-95.42,-95.71581,-94.12937,-92.46848,-90.71113,-89.26251,-85.732704,-81.88631,-81.21933,-82.1576,-81.739746,-81.11516,-79.56353,-78.08067,-76.81331,-75.50387,-74.22271,-72.98798,-71.69288,-70.63435,-70.2153,-69.20165,-68.005295,-66.60142,-65.19416,-63.66711,-62.294765,-60.885227,-59.61867,-58.65476,-57.598717,-56.333927,-55.753418,-55.453068,-54.89451,-54.4617,-54.420937,-54.373096,-53.099125,-51.091957,-49.646595,-48.233944,-46.80863,-45.73987,-45.25265,-45.00127,-44.604546,-43.1483,-41.462296,-40.527035,-39.591793,-38.58143,-37.612156,-36.46702,-35.079086,-33.94103,-33.140045,-32.29034,-31.44094,-30.455786,-29.550827,-28.67876,-27.390278,-26.074345,-25.023058,-24.04047,-23.22786,-22.672754,-22.316572,-22.112154,-21.69029,-20.865095,-19.141674,-16.847042,-14.276872,-11.565375,-9.171543,-7.8807993,-7.3325715,-6.2059965,-5.201311,-4.4906893,-3.871666,-3.3472393,-3.039598,-2.6950421,-2.0365536,-1.6089547,-1.1219062,-0.60205483,-0.11247591,0.3948823,0.77031374,1.2865347,1.8864416,43.40351,43.832478,43.973198,44.032356,44.323322,43.55768,41.29111,38.169964,35.883556,34.297092,33.193935,31.955782,30.717651,29.603844,28.702011,28.308903,27.976662,27.70387,27.344893,26.706558,26.242352,25.820185,25.60459,25.276531,24.751411,24.436485,24.40891,24.481434,24.402853,24.271511,24.180845,24.477291,24.728374,24.675732,24.714508,25.085718,25.673603,25.418726,24.803682,24.305344,23.309202,22.504356,21.922237,21.380276,20.922852,20.71939,20.743958,20.784737
Tax79,0.0,-1.127418,-0.94536483,-0.70268816,-0.4178109,-0.10349103,0.23146573,0.58212024,0.9393121,1.3045574,1.6757518,2.0508995,2.4274573,2.8035388,3.179312,3.5515358,3.9189153,4.263671,4.617725,4.9597726,5.2519417,5.6087036,5.9128666,6.2615004,6.65347,7.099219,7.3722906,7.8809524,8.094393,8.43814,8.797955,9.330779,9.782261,10.227136,10.7670555,11.301161,11.77332,12.502572,12.785479,13.227577,14.399776,14.872614,15.922643,17.271019,18.021444,18.594986,19.69931,20.424559,20.979883,22.091312,22.433455,23.123167,23.88263,24.950796,25.704948,26.492926,26.95442,28.128397,28.47364,28.856691,28.75576,28.751139,29.111755,29.577847,30.874817,32.206524,24.661242,26.136114,37.877113,39.802822,41.70273,43.160572,44.713375,34.231377,48.67111,36.81957,38.670143,41.095413,42.675446,44.475212,46.264435,48.57364,49.948273,52.593277,55.645813,58.888382,82.52365,85.755615,90.59131,96.01762,102.14332,107.12808,112.0893,116.696724,119.187164,121.31362,124.479645,129.0398,133.30118,137.1324,141.12747,146.17445,149.81015,155.1281,160.29884,165.40927,171.06114,176.87929,183.71484,188.24945,193.74918,200.08482,206.06615,208.53622,210.41965,157.63939,162.999,167.97035,171.38173,174.52585,176.99924,178.27086,179.14494,180.18979,181.38853,181.72922,181.2204,176.64682,173.0948,170.77077,168.0313,164.90984,161.94366,157.12126,152.8759,146.62257,140.43163,133.90875,126.84527,118.277725,109.765526,100.265175,91.55002,84.709854,78.526215,74.040535,68.60553,61.723194,54.62146,47.71443,42.78435,41.812794,47.629215,55.097263,61.0193,66.957245,72.76482,76.712845,79.505356,79.5691,79.74271,79.37258,75.67715,72.26281,70.06608,67.37548,66.70347,68.9785,67.74946,68.105354,69.802704,71.554184,71.9759,70.3625,76.24177,79.99874,77.664955,75.60261,76.78585,82.003296,84.38628,81.54874,69.1006,55.687256,46.195435,39.046368,31.79896,25.676529,21.478323,16.612791,12.327497,8.152205,5.4901304,3.698899,1.5308777,-0.15644571,-2.2363636,-3.9820666,-4.9690304,-5.852823,-6.979443,-7.792751,-8.15236,-8.442644,-9.260562,-10.021967,-10.2122135,-10.096752,-9.959168,-9.800421,-9.248412,-8.927011,-8.346876,-7.789539,-7.368421,-6.892952,-6.4297347,-5.923516,-5.577402,-5.208975,-4.7509885,-4.4652286,-4.105754,-3.7975132,-3.4679644,-2.996146,-2.6732247,-2.4655638,-2.2855728,-2.0668125,-1.8407658,-1.6502732,-1.4875383,-1.3848717,-1.208633,-1.0852349,-0.9544097,-0.8706832,-0.74567163,-0.6335143,-0.58887625,-0.5422496,-0.5183638,-0.483241,-0.42214012,-0.41780254,-0.41403335,-0.35199413,-0.3315571,-0.309299,-0.28011924,-0.25518844,-0.23495492,-0.20623131,-0.16415761,-0.15362109,-0.1370124,-0.13623877,-0.12511972,-0.117590465,-0.11714522,-0.09713265,-0.0855429,-0.078205265,-0.06622064,-0.06532239,-0.05780839,-0.048665293,-0.048367392,-0.047968626,-0.0474115,-0.04672104,-0.04621322,-0.03659829,-0.028853253,-0.019628989,-0.019352688,-0.019057717,-0.018755335,-0.01307044,-0.006568413,-0.0064906697,-0.006388682,-0.006288562,-0.0061810687,-0.0060516493,-0.005916889,0.0,0.0,0.0,0.0,0.0,0.0,0.0,0.0,0.0,0.0,0.0,0.0,0.0,0.0,0.0,0.0,0.0,0.0,0.0,0.0,0.0,0.0,0.0,0.0,0.0,0.0,0.0,0.0,0.0,0.0,0.0,0.0,0.0,0.0,0.0,0.0,0.0,0.0,0.0,0.0,0.0,0.0,0.0,0.0,0.0,0.0,0.0,0.0,0.0,0.0,0.0,0.0,0.0,0.0,0.0,0.0,0.0,0.0,0.0,0.0,0.0,0.0,0.0,0.0,0.0,0.0,0.0,0.0,0.0,0.0,0.0,0.0,0.0,0.0,0.0,0.0,0.0,0.0,0.0,0.0,0.0,0.0,0.0,0.0,0.0,0.0,0.0,0.0,0.0,0.0,0.0,0.0,0.0,0.0,0.0,0.0,0.0,0.0,0.0,0.0,0.0,0.0,0.0,0.0,0.0,0.0,0.0,0.0,0.0,0.0,0.0,0.0,0.0,0.0,0.0,0.0,0.0,0.0,0.0,0.0,0.0,0.0,0.0,0.0,0.0,0.0,0.0,0.0,0.0,0.0,0.0,0.0,0.0,0.0,0.0,0.0,0.0,0.0,0.0,0.0,0.0,0.0,0.0,0.0,0.0,0.0,0.0,0.0,0.0,0.0,0.0,0.0,0.0,0.0,0.0,0.0,0.0,0.0,0.0,0.0,0.0,0.0,0.0,0.0,0.0,0.0,0.0,0.0,0.0,0.0,0.0,0.0,0.0,0.0,0.0,0.0,0.0,0.0,0.0,0.0,0.0,0.0,0.0,0.0,0.0,0.0,0.0,0.0,0.0,0.0,0.0,0.0,0.0,0.0,0.0,0.0,0.0,0.0,0.0,0.0,0.0,0.0,0.0,0.0,0.0,0.0,0.0,0.0,0.0,0.0,0.0,0.0,0.0,0.0,0.0,0.0,0.0,0.0,0.0,0.0,0.0,0.0,0.0,0.0,0.0,0.0,0.0,0.0,0.0,0.0,0.0,0.0,0.0,0.0,0.0,0.0,0.0,0.0,0.0,0.0,0.0,0.0,0.0,0.0,0.0,0.0,0.0,0.0,0.0,0.0,0.0,0.0,0.0,0.0,0.0,0.0,0.0,0.0,0.0,0.0,0.0,0.0,0.0,0.0,0.0,0.0,0.0,0.0,0.0,0.0,0.0,0.0,0.0,0.0,0.0,0.0,0.0,0.0,0.0,0.0,0.0,0.0,0.0,0.0,0.0,0.0,0.0,0.0,0.0,0.0,0.0,0.0,0.0,0.0,0.0,0.0,0.0,0.0,0.0,0.0,0.0,0.0,0.0,0.0,0.0,0.0,0.0,0.0,0.0,0.0,0.0,0.0,0.0,0.0,0.0,0.0,0.0,0.0,0.0,0.0,0.0,0.0,0.0,0.0,0.0,0.0,0.0,0.0,0.0,0.0,0.0,0.0,0.0,0.0,0.0,0.0,0.0,0.0,0.0,0.0,0.0,0.0,0.0,0.0,0.0,0.0,0.0,0.0,0.0,0.0,0.0,0.0,0.0,0.0,0.0,0.0,0.0,0.0,0.0,0.0,0.0,0.0,0.0,0.0,0.0,0.0,0.0,0.0,0.0,0.0,0.0,0.0,0.0,0.0,0.0,0.0,0.0,0.0,0.0,0.0,0.0,0.0,0.0,0.0,0.0,0.0,0.0,0.0,0.0,0.0,0.0,0.0,0.0,0.0,0.0,0.0,0.0,0.0,0.0,0.0,0.0,0.0,0.0,0.0,0.0,0.0,0.0,0.0,0.0,0.0,0.0,0.0,0.0,0.0,0.0,0.0,0.0,0.0,0.0,0.0,0.0,0.0,0.0,0.0,0.0,0.0,0.0,0.0,0.0,0.0,0.0,0.0,0.0,0.0,0.0,0.0,0.0,0.0,0.0,0.0,0.0,0.0,0.0,0.0,0.0,0.0,0.0,0.0,0.0,0.0,0.0,0.0,0.0,0.0,0.0,0.0,0.0,0.0,0.0,0.0,0.0,0.0,0.0,0.0,0.0,0.0,0.0,0.0,0.0,0.0,0.0,0.0,0.0,0.0,0.0,0.0,0.0,0.0,0.0,0.0,0.0,0.0,0.0,0.0,0.0,0.0,0.0,0.0,0.0,0.0,0.0,0.0,0.0,0.0,0.0,0.0,0.0,0.0,0.0,0.0,0.0,0.0,0.0,0.0,0.0,0.0,0.0,0.0,0.0,0.0,0.0,0.0,0.0,0.0,0.0,0.0,0.0,0.0,0.0,0.0,0.0,0.0,0.0,0.0,0.0,0.0,0.0,0.0,0.0,0.0,0.0,0.0,0.0,0.0,0.0,0.0,0.0,0.0,0.0,0.0,0.0,0.0,0.0,0.0,0.0,0.0,0.0,0.0,0.0,0.0,0.0,0.0,0.0,0.0,0.0,0.0,0.0,0.0,0.0,0.0,0.0,0.0,0.0,0.0,0.0,0.0,0.0,0.0,0.0,0.0,0.0,0.0,0.0,0.0,0.0,0.0,0.0,0.0,0.0,0.0,0.0,0.0,0.0,0.0,0.0,0.0,0.0,0.0,0.0,0.0,0.0,0.0,0.0,0.0,0.0,0.0,0.0,0.0,0.0,0.0,0.0,0.0,0.0,0.0,0.0,0.0,0.0,0.0,0.0,0.0,0.0,0.0,0.0,0.0,0.0,0.0,0.0,0.0,0.0,0.0,0.0,0.0,0.0,0.0,0.0,0.0,0.0,0.0,0.0,0.0,0.0,0.0,0.0,0.0,0.0,0.0,0.0,0.0,0.0,0.0,0.0,0.0,0.0,0.0,0.0,0.0,0.0,0.0,0.0,0.0,0.0,0.0,0.0,0.0,0.0,0.0,0.0,0.0,0.0,0.0,0.0,0.0,0.0,0.0,0.0,0.0,0.0,0.0,0.0,0.0,0.0,0.0,0.0,0.0,0.0,0.0,0.0,0.0,0.0,0.0,0.0,0.0,0.0,0.0,0.0,0.0,0.0,0.0,0.0,0.0,0.0,0.0,0.0,0.0,0.0,0.0,0.0,0.0,0.0,0.0,0.0,0.0,0.0,0.0,0.0,0.0,0.0,0.0,0.0,0.0,0.0,0.0,0.0,0.0,0.0,0.0,0.0,0.0,0.0,0.0,0.0,0.0,0.0,0.0,0.0,0.0,0.0,0.0,0.0,0.0,0.0,0.0,0.0,0.0,0.0,0.0,0.0,0.0,0.0,0.0,0.0,0.0,0.0,0.0,0.0,0.0,0.0,0.0,0.0,0.0,0.0,0.0,0.0,0.0,0.0,0.0,0.0,0.0,0.0,0.0,0.0,0.0,0.0,0.0,0.0,0.0,0.0,0.0,0.0,0.0,0.0,0.0,0.0,0.0,0.0,0.0,0.0,0.0,0.0,0.0,0.0,0.0,0.0,0.0,0.0,0.0,0.0,0.0,0.0,0.0,0.0,0.0,0.0,0.0,0.0,0.0,0.0,0.0,0.0,0.0,0.0,0.0,0.0,0.0,0.0,0.0,0.0,0.0,0.0,0.0,0.0,0.0,0.0,0.0,0.0,0.0,0.0,0.0,0.0,0.0,0.0,0.0,0.0,0.0,0.0,0.0,0.0,0.0,0.0,0.0,0.0,0.0,0.0,0.0,0.0,0.0,0.0,0.0,0.0,0.0,0.0,0.0,0.0,0.0,0.0,0.0,0.0,0.0,0.0,0.0,0.0,0.0,0.0,0.0,0.0,0.0,0.0,0.0,0.0,0.0,0.0,0.0,0.0,0.0,0.0,0.0,0.0,0.0,0.0,0.0,0.0,0.0,0.0,0.0,0.0,0.0,0.0,0.0,0.0,0.0,0.0,0.0,0.0,0.0,0.0,0.0,0.0,0.0,0.0,0.0,0.0,0.0,0.0,0.0,0.0,0.0,0.0,0.0,0.0,0.0,0.0,0.0,0.0,0.0,0.0,0.0,0.0,0.0,0.0,0.0,0.0,0.0,0.0,0.0,0.0,0.0,0.0,0.0,0.0,0.0,0.0,0.0,0.0,0.0,0.0,0.0,0.0,0.0,0.0,0.0,0.0,0.0,0.0,0.0,0.0,0.0,0.0,0.0,0.0,0.0,0.0,0.0,0.0,0.0,0.0,0.0,0.0,0.0,0.0,0.0,0.0,0.0,0.0,0.0,0.0,0.0,0.0,0.0,0.0,0.0,0.0,0.0,0.0,0.0,0.0,0.0,0.0,0.0,0.0,0.0,0.0,0.0,0.0,0.0,0.0,0.0,0.0,0.0,0.0,0.0,0.0,0.0,0.0,0.0,0.0,0.0,0.0,0.0,0.0,0.0,0.0,0.0,0.0,0.0,0.0,0.0,0.0,0.0,0.0,0.0,0.0,0.0,0.0,0.0,0.0,0.0,0.0,0.0,0.0,0.0,0.0,0.0,0.0,0.0,0.0,0.0,0.0,0.0,0.0,0.0,0.0,0.0,0.0,0.0,0.0,0.0,0.0,0.0,0.0,0.0,0.0,0.0,0.0,0.0,0.0,0.0,0.0,0.0,0.0,0.0,0.0,0.0,0.0,0.0,0.0,0.0,0.0,0.0,0.0,0.0,0.0,0.0,0.0,0.0,0.0,0.0,0.0,0.0,0.0,0.0,0.0,0.0,0.0,0.0,0.0,0.0,0.0,0.0,0.0,0.0,0.0,0.0,0.0,0.0,0.0,0.0,0.0,0.0,0.0,0.0,0.0,0.0,0.0,0.0,0.0,0.0,0.0,0.0,0.0,0.0,0.0,0.0,0.0,0.0,0.0,0.0,0.0,0.0,0.0,0.0,0.0,0.0,0.0,0.0,0.0,0.0,0.0,0.0,0.0,0.0,0.0,0.0,0.0,0.0,0.0,0.0,0.0,0.0,0.0,0.0,0.0,0.0,0.0,0.0,0.0,0.0,0.0,0.0,0.0,0.0,0.0,0.0,0.0,0.0,0.0,0.0,0.0,0.0,0.0,0.0,0.0,0.0,0.0,0.0,0.0,0.0,0.0,0.0,0.0,0.0,0.0,0.0,0.0,0.0,0.0,0.0,0.0,0.0,0.0,0.0,0.0,0.0,0.0,0.0,0.0,0.0,0.0,0.0,0.0,0.0,0.0,0.0,0.0,0.0,0.0,0.0,0.0,0.0,0.0,0.0,0.0,0.0,0.0,0.0,0.0,0.0,0.0,0.0,0.0,0.0,0.0,0.0,0.0,0.0,0.0,0.0,0.0,0.0,0.0,0.0,0.0,0.0,0.0,0.0,0.0,0.0,0.0,0.0,0.0,0.0,0.0,0.0,0.0,0.0,0.0,0.0,0.0,0.0,0.0,0.0,0.0,0.0,0.0,0.0,0.0,0.0,0.0,0.0,0.0,0.0,0.0,0.0,0.0,0.0,0.0,0.0,0.0,0.0,0.0,0.0,0.0,0.0,0.0,0.0,0.0,0.0,0.0,0.0,0.0,0.0,0.0,0.0,0.0,0.0,0.0,0.0,0.0,0.0,0.0,0.0,0.0,0.0,0.0,0.0,0.0,0.0,0.0,0.0,0.0,0.0,0.0,0.0,0.0,0.0,0.0,0.0,0.0,0.0,0.0,0.0,0.0,0.0,0.0,0.0,0.0,0.0,0.0,0.0,0.0,0.0,0.0,0.0,0.0,0.0,0.0,0.0,0.0,0.0,0.0,0.0,0.0,0.0,0.0,0.0,0.0,0.0,0.0,0.0,0.0,0.0,0.0,0.0,0.0,0.0,0.0,0.0,0.0,0.0,0.0,0.0,0.0,0.0,0.0,0.0,0.0,0.0,0.0,0.0,0.0,0.0,0.0,0.0,0.0,0.0,0.0,0.0,0.0,0.0,0.0,0.0,0.0,0.0,0.0,0.0,0.0,0.0,0.0,0.0,0.0,0.0,0.0,0.0,0.0,0.0,0.0,0.0,0.0,0.0,0.0,0.0,0.0,0.0,0.0,0.0,0.0,0.0,0.0,0.0,0.0,0.0,0.0,0.0,0.0,0.0,0.0,0.0,0.0,0.0,0.0,0.0,0.0,0.0,0.0,0.0,0.0,0.0,0.0,0.0,0.0,0.0,0.0,0.0,0.0,0.0,0.0,0.0,0.0,0.0,0.0,0.0,0.0,0.0,0.0,0.0,0.0,0.0,0.0,0.0,0.0,0.0,0.0,0.0,0.0,0.0,0.0,0.0,0.0,0.0,0.0,0.0,0.0,0.0,0.0,0.0,0.0,0.0,0.0,0.0,0.0,0.0,0.0,0.0,0.0,0.0,0.0,0.0,0.0,0.0,0.0,0.0,0.0,0.0,0.0,0.0,0.0,0.0,0.0,0.0,0.0,0.0,0.0,0.0,0.0,0.0,0.0,0.0,0.0,0.0,0.0,0.0,0.0,0.0,0.0,0.0,0.0,0.0,0.0,0.0,0.0,0.0,0.0,0.0,0.0,0.0,0.0,0.0,0.0,0.0,0.0,0.0,0.0,0.0,0.0,0.0,0.0,0.0,0.0,0.0,0.0,0.0,0.0,0.0,0.0,0.0,0.0,0.0,0.0,0.0,0.0,0.0,0.0,0.0,0.0,0.0,0.0,0.0,0.0,0.0,0.0,0.0,0.0,0.0,0.0,0.0,0.0,0.0,0.0,0.0,0.0,0.0,0.0,0.0,0.0,0.0,0.0,0.0,0.0,0.0,0.0,0.0,0.0,0.0,0.0,0.0,0.0,0.0,0.0,0.0,0.0,0.0,0.0,0.0,0.0,0.0,0.0,0.0,0.0,0.0,0.0,0.0,0.0,0.0,0.0,0.0,0.0,0.0,0.0,0.0,0.0,0.0,0.0,0.0,0.0,0.0,0.0,0.0,0.0,0.0,0.0,0.0,0.0,0.0,0.0,0.0,0.0,0.0,0.0,0.0,0.0,0.0,0.0,0.0,0.0,0.0,0.0,0.0,0.0,0.0,0.0,0.0,0.0,0.0,0.0,0.0,0.0,0.0,0.0,0.0,0.0,0.0,0.0,0.0,0.0,0.0,0.0,0.0,0.0,0.0,0.0,0.0,0.0,0.0,0.0,0.0,0.0,0.0,0.0,0.0,0.0,0.0,0.0,0.0,0.0,0.0,0.0,0.0,0.0,0.0,0.0,0.0,0.0,0.0,0.0,0.0,0.0,0.0,0.0,0.0,0.0,0.0,0.0,0.0,0.0,0.0,0.0,0.0,0.0,0.0,0.0,0.0,0.0,0.0,0.0,0.0,0.0,0.0,0.0,0.0,0.0,0.0,0.0,0.0,0.0,0.0,0.0,0.0,0.0,0.0,0.0,0.0,0.0,0.0,0.0,0.0,0.0,0.0,0.0,0.0,0.0,0.0,0.0,0.0,0.0,0.0,0.0,0.0,0.0,0.0,0.0,0.0,0.0,0.0,0.0,0.0,0.0,0.0,0.0,0.0,0.0,0.0,0.0,0.0,0.0,0.0,0.0,0.0,0.0,0.0,0.0,0.0,0.0,0.0,0.0,0.0,0.0,0.0,0.0,0.0,0.0,0.0,0.0,0.0,0.0,0.0,0.0,0.0,0.0,0.0,0.0,0.0,0.0,0.0,0.0,0.0,0.0,0.0,0.0,0.0,0.0,0.0,0.0,0.0,0.0,0.0,0.0,0.0,0.0,0.0,0.0,0.0,0.0,0.0,0.0,0.0,0.0,0.0,0.0,0.0,0.0,0.0,0.0,0.0,0.0,0.0,0.0,0.0,0.0,0.0,0.0,0.0,0.0,0.0,0.0,0.0,0.0,0.0,0.0,0.0,0.0,0.0,0.0,0.0,0.0,0.0,0.0,0.0,0.0,0.0,0.0,0.0,0.0,0.0,0.0,0.0,0.0,0.0,0.0,0.0,0.0,0.0,0.0,0.0,0.0,0.0,0.0,0.0,0.0,0.0,0.0,0.0,0.0,0.0,0.0,0.0,0.0,0.0,0.0,0.0,0.0,0.0,0.0,0.0,0.0,0.0,0.0,0.0,0.0,0.0,0.0,0.0,0.0,0.0,0.0,0.0,0.0,0.0,0.0,0.0,0.0,0.0,0.0,0.0,0.0,0.0,0.0,0.0,0.0,0.0,0.0,0.0,0.0,0.0,0.0,0.0,0.0,0.0,0.0,0.0,0.0,0.0,0.0,0.0,0.0,0.0,0.0,0.0,0.0,0.0,0.0,0.0,0.0,0.0,0.0,0.0,0.0,0.0,0.0,0.0,0.0,0.0,0.0,0.0,0.0,0.0,0.0,0.0,0.0,0.0,0.0,0.0,0.0,0.0,0.0,0.0,0.0,0.0,0.0,0.0,0.0,0.0,0.0,0.0,0.0,0.0,0.0,0.0,0.0,0.0,0.0,0.0,0.0,0.0,0.0,0.0,0.0,0.0,0.0,0.0,0.0,0.0,0.0,0.0,0.0,0.0,0.0,0.0,0.0,0.0,0.0,0.0,0.0,0.0,0.0,0.0,0.0,0.0,0.0,0.0,0.0,0.0,0.0,0.0,0.0,0.0,0.0,0.0,0.0,0.0,0.0,0.0,0.0,0.0,0.0,0.0,0.0,0.0,0.0,0.0,0.0,0.0,0.0,0.0,0.0,0.0,0.0,0.0,0.0,0.0,0.0,0.0,0.0,0.0,0.0,0.0,0.0,0.0,0.0,0.0,0.0,0.0,0.0,0.0,0.0,0.0,0.0,0.0,0.0,0.0,0.0,0.0,0.0,0.0,0.0,0.0,0.0,0.0,0.0,0.0,0.0,0.0,0.0,0.0,0.0,0.0,0.0,0.0,0.0,0.0,0.0,0.0,0.0,0.0,0.0,0.0,0.0,0.0,0.0,0.0,0.0,0.0,0.0,0.0,0.0,0.0,0.0,0.0,0.0,0.0,0.0,0.0,0.0,0.0,0.0,0.0,0.0,0.0,0.0,0.0,0.0,0.0,0.0,0.0,0.0,0.0,0.0,0.0,0.0,0.0,0.0,0.0,0.0,0.0,0.0,0.0,0.0,0.0,0.0,0.0,0.0,0.0,0.0,0.0,0.0,0.0,0.0,0.0,0.0,0.0,0.0,0.0,0.0,0.0,0.0,0.0,0.0,0.0,0.0,0.0,0.0,0.0,0.0,0.0,0.0,0.0,0.0,0.0,0.0,0.0,0.0,0.0,0.0,0.0,0.0,0.0,0.0,0.0,0.0,0.0,0.0,0.0,0.0,0.0,0.0,0.0,0.0,0.0,0.0,0.0,0.0,0.0,0.0,0.0,0.0,0.0,0.0,0.0,0.0,0.0,0.0,0.0,0.0,0.0,0.0,0.0,0.0,0.0,0.0,0.0,0.0,0.0,0.0,0.0,0.0,0.0,0.0,0.0,0.0,0.0,0.0,0.0,0.0,0.0,0.0,0.0,0.0,0.0,0.0,0.0,0.0,0.0,0.0,0.0,0.0,0.0,0.0,0.0,0.0,0.0,0.0,0.0,0.0,0.0,0.0,0.0,0.0,0.0,0.0,0.0,0.0,0.0,0.0,0.0,0.0,0.0,0.0,0.0,0.0,0.0,0.0,0.0,0.0,0.0,0.0,0.0,0.0,0.0,0.0,0.0,0.0,0.0,0.0,0.0,0.0,0.0,0.0,0.0,0.0,0.0,0.0,0.0,0.0,0.0,0.0,0.0,0.0,0.0,0.0,0.0,0.0,0.0,0.0,0.0,0.0,0.0,0.0,0.0,0.0,0.0,0.0,0.0,0.0,0.0,0.0,0.0,0.0,0.0,0.0,0.0,0.0,0.0,0.0,0.0,0.0,0.0,0.0,0.0,0.0,0.0,0.0,0.0,0.0,0.0,0.0,0.0,0.0,0.0,0.0,0.0,0.0,0.0,0.0,0.0,0.0,0.0,0.0,0.0,0.0,0.0,0.0,0.0,0.0,0.0,0.0,0.0,0.0,0.0,0.0,0.0,0.0,0.0,0.0,0.0,0.0,0.0,0.0,0.0,0.0,0.0,0.0,0.0,0.0,0.0,0.0,0.0,0.0,0.0,0.0,0.0,0.0,0.0,0.0,0.0,0.0,0.0,0.0,0.0,0.0,0.0,0.0,0.0,0.0,0.0,0.0,0.0,0.0,0.0,0.0,0.0,0.0,0.0,0.0,0.0,0.0,0.0,0.0,0.0,0.0,0.0,0.0,0.0,0.0,0.0,0.0,0.0,0.0,0.0,0.0,0.0,0.0,0.0,0.0,0.0,0.0,0.0,0.0,0.0,0.0,0.0,0.0,0.0,0.0,0.0,0.0,0.0,0.0,0.0,0.0,0.0,0.0,0.0,0.0,0.0,0.0,0.0,0.0,0.0,0.0,0.0,0.0,0.0,0.0,0.0,0.0,0.0,0.0,0.0,0.0,0.0,0.0,0.0,0.0,0.0,0.0,0.0,0.0,0.0,0.0,0.0,0.0,0.0,0.0,0.0,0.0,0.0,0.0,0.0,0.0,0.0,0.0,0.0,0.0,0.0,0.0,0.0,0.0,0.0,0.0,0.0,0.0,0.0,0.0,0.0,0.0,0.0,0.0,0.0,0.0,0.0,0.0,0.0,0.0,0.0,0.0,0.0,0.0,0.0,0.0,0.0,0.0,0.0,0.0,0.0,0.0,0.0,0.0,0.0,0.0,0.0,0.0,0.0,0.0,0.0,0.0,0.0,0.0,0.0,0.0,0.0,0.0,0.0,0.0,0.0,0.0,0.0,0.0,0.0,0.0,0.0,0.0,0.0,0.0,0.0,0.0,0.0,0.0,0.0,0.0,0.0,0.0,0.0,0.0,0.0,0.0,0.0,0.0,0.0,0.0,0.0,0.0,0.0,0.0,0.0,0.0,0.0,0.0,0.0,0.0,0.0,0.0,0.0,0.0,0.0,0.0,0.0,0.0,0.0,0.0,0.0,0.0,0.0,0.0,0.0,0.0,0.0,0.0,0.0,0.0,0.0,0.0,0.0,0.0,0.0,0.0,0.0,0.0,0.0,0.0,0.0,0.0,0.0,0.0,0.0,0.0,0.0,0.0,0.0,0.0,0.0,0.0,0.0,0.0,0.0,0.0,0.0,0.0,0.0,0.0,0.0,0.0,0.0,0.0,0.0,0.0,0.0,0.0,0.0,0.0,0.0,0.0,0.0,0.0,0.0,0.0,0.0,0.0,0.0,0.0,0.0,0.0,0.0,0.0,0.0,0.0,0.0,0.0,0.0,0.0,0.0,0.0,0.0,0.0,0.0,0.0,0.0,0.0,0.0,0.0,0.0,0.0,0.0,0.0,0.0,0.0,0.0,0.0,0.0,0.0,0.0,0.0,0.0,0.0,0.0,0.0,0.0,0.0,0.0,0.0,0.0,0.0,0.0,0.0,0.0,0.0,0.0,0.0,0.0,0.0,0.0,0.0,0.0,0.0,0.0,0.0,0.0,0.0,0.0,0.0,0.0,0.0,0.0,0.0,0.0,0.0,0.0,0.0,0.0,0.0,0.0,0.0,0.0,0.0,0.0,0.0,0.0,0.0,0.0,0.0,0.0,0.0,0.0,0.0,0.0,0.0,0.0
Tax80,0.0,-0.7644738,-0.6525901,-0.51058525,-0.34779122,-0.17084455,0.015535791,0.20936714,0.4037223,0.59990996,0.7964511,0.99234957,1.1865524,1.366261,1.5543966,1.7390363,1.9200159,2.0679996,2.245564,2.4151576,2.6075144,2.7709758,2.932729,3.1086867,3.338227,3.4995694,3.6422136,3.6424744,3.836732,3.9446259,4.0765667,4.271293,4.5642686,4.7690964,4.9590793,5.0630064,5.217628,5.332597,5.4324603,5.531811,5.673794,5.966671,6.225316,6.4882016,6.606636,6.9835334,7.295595,7.4771366,7.578887,7.8618455,7.8307424,7.9666505,8.13293,8.378146,8.561321,8.607736,8.502259,8.593669,8.359969,8.233462,7.78558,7.822419,7.736611,7.6610484,7.832914,8.111972,0.8552882,0.91763014,8.877459,9.273586,9.473075,9.808224,10.025851,1.1716894,10.411182,1.2785275,1.3165723,1.3847759,1.4300818,1.4871893,1.5817981,1.6173728,1.6229644,1.7241334,1.8227228,1.969863,13.045027,13.403238,13.995258,14.416957,15.10651,15.84027,16.06701,16.850378,16.985481,17.006033,16.91825,17.264265,17.256802,17.787254,17.820776,18.328964,18.297045,18.649527,18.999418,19.278833,19.398335,19.68493,20.052805,20.301094,20.57046,20.906416,20.96977,20.889898,20.839241,1.7183822,1.7762839,1.7929022,1.7465445,1.6560447,1.5286593,1.3705193,1.249741,1.0704064,0.90529996,0.70969075,0.5685185,0.17626421,-0.1635376,-0.3899774,-0.6489829,-0.89216214,-1.1411899,-1.360658,-1.6262155,-1.8998159,-2.2136052,-2.5034473,-2.775558,-3.1041963,-3.4145997,-3.7167737,-3.9902942,-4.18562,-4.3568177,-4.4590526,-4.550729,-4.702601,-4.864931,-5.0091624,-5.090566,-5.094583,-4.9158883,-4.6935964,-4.520111,-4.312247,-4.1257143,-3.9527254,-3.8092954,-3.7502604,-3.677398,-3.6307065,-3.657267,-3.6715038,-3.6754143,-3.6850867,-3.6537735,-3.5640526,-3.5365767,-3.4968727,-3.4047434,-3.3337116,-3.2889245,-3.3107238,-3.0929615,-2.9642317,-2.9930654,-3.0000017,-2.9335356,-2.7697175,-2.6542335,-2.6813598,-2.9567935,-3.2597382,-3.4620066,-3.5931532,-3.741615,-3.8319745,-3.8999395,-3.9513009,-3.9816875,-4.025597,-4.0193787,-4.0275674,-4.0341883,-4.0185857,-4.0077806,-3.9963872,-3.9771302,-3.924769,-3.8920121,-3.8592088,-3.7842402,-3.7246242,-3.689524,-3.6531131,-3.5989957,-3.5575309,-3.5154834,-3.483792,-3.4318693,-3.3468883,-3.2831619,-3.2031143,-3.146984,-3.0967748,-3.0585186,-3.0008051,-2.8946404,-2.857812,-2.8310022,-2.777238,-2.6948783,-2.6556084,-2.5937722,-2.5557828,-2.5082476,-2.4379506,-2.3935645,-2.3688557,-2.3308072,-2.2818062,-2.254663,-2.2204278,-2.1755455,-2.1274807,-2.0883093,-2.0379088,-1.9899087,-1.9612396,-1.9256943,-1.8871293,-1.8566831,-1.7945675,-1.778587,-1.7409717,-1.7184385,-1.6943574,-1.6796585,-1.622225,-1.586065,-1.5619149,-1.5257788,-1.502935,-1.4582665,-1.4362042,-1.4181044,-1.3899338,-1.3653444,-1.3470595,-1.3339219,-1.3226558,-1.2823018,-1.2513828,-1.2273111,-1.2083776,-1.1938934,-1.1732422,-1.1424086,-1.1214613,-1.1064595,-1.0885639,-1.0710733,-1.0620049,-1.0455027,-1.0186458,-1.0021662,-0.99428684,-0.97849494,-0.9533306,-0.9359006,-0.9280345,-0.9118668,-0.8951656,-0.8722301,-0.8657541,-0.8436593,-0.8375755,-0.8311171,-0.817971,-0.80352664,-0.7899389,-0.7719379,-0.7487539,-0.7286806,-0.7242188,-0.7156594,-0.7075237,-0.69152653,-0.67631865,-0.66506475,-0.64973456,-0.6395166,-0.6192687,-0.5996954,-0.5819236,-0.5649044,-0.5466675,-0.5226178,-0.49345052,-0.4632552,-0.4263053,-0.38651672,-0.34216154,-0.29125616,-0.23268083,-0.16276307,-0.0825114,0.0120963575,0.10319753,0.21881242,0.41540396,0.74882704,1.1371464,1.5007215,1.608095,1.644879,1.6925808,1.7638214,1.8188542,1.9243046,2.0580382,2.1579263,2.3829265,2.588113,2.8249857,3.1077814,3.4246945,13.103854,15.26271,17.624943,20.559198,23.583504,27.038904,30.553442,33.847687,36.029747,37.69019,38.288544,38.195843,35.951637,29.952862,20.998703,12.261546,5.5083065,1.3360114,-0.36493814,-1.0264099,-1.2231929,-1.1572485,-1.0787042,-1.0103323,-0.9439024,-0.8447431,-0.7189353,-0.58963877,-1.6717614,-1.4725131,-1.2379936,-0.9772171,-0.7144283,-0.44819808,-0.18252327,0.08026801,0.33818436,0.5900108,0.8349913,1.0719656,1.3012975,1.5223658,1.7281313,1.931274,2.126068,2.3116696,2.4886665,2.6579766,2.8192055,2.986451,3.1232457,3.248532,3.4519799,3.5701287,3.711414,3.9066532,4.053704,4.1774344,4.3000746,4.596477,4.616596,4.7878733,5.012574,5.203991,5.354615,5.3246565,5.4560966,5.3904815,5.394035,5.552646,5.8608775,6.0891213,6.282722,6.6019998,6.642542,6.822544,6.940378,7.0502133,7.1195865,7.28438,7.2728124,7.413409,7.2425914,7.266554,7.216573,7.110531,6.860162,6.5716596,6.280469,6.0362096,6.0045867,6.1800876,6.3577957,-0.36808014,-0.25815,6.9894733,7.2893367,7.660936,7.8322954,7.879302,-0.073008835,8.226912,0.037336066,0.09154675,0.21553706,0.2765276,0.35437265,0.43296245,0.50823456,0.5226603,0.6683056,0.8604999,1.0073323,11.759049,11.933291,12.239914,12.580297,13.009922,13.414858,13.710391,13.978815,14.057076,13.892782,13.964687,14.33582,14.49909,14.698013,14.896965,14.736688,15.043455,15.329596,15.500705,15.885043,15.968765,16.385872,16.804192,17.211449,17.527512,17.961866,18.421938,18.701708,18.871836,0.9643263,1.1771699,1.319045,1.3837247,1.426624,1.3424767,1.316995,1.3385367,1.2243925,1.1453866,1.070096,0.9397209,0.67013824,0.3256715,0.11645534,-0.0819269,-0.29919067,-0.47014934,-0.7452697,-1.0478055,-1.3691471,-1.7025845,-2.0673528,-2.4547503,-2.8632305,-3.2978017,-3.7330306,-4.0589385,-4.2951856,-4.485435,-4.6067767,-4.719786,-4.8946915,-5.0802603,-5.2521377,-5.3615556,-5.3857703,-5.204948,-4.9774265,-4.7311096,-4.50032,-4.2562704,-4.060226,-3.9004579,-3.8063974,-3.69971,-3.6310587,-3.6484237,-3.687991,-3.6996248,-3.718399,-3.6817756,-3.5693283,-3.5437074,-3.4693978,-3.3707473,-3.259055,-3.1798105,-3.1823874,-2.9179683,-2.7284865,-2.7497606,-2.7507877,-2.6707718,-2.4344485,-2.2648852,-2.2764816,-2.6614323,-3.1138585,-3.4376655,-3.6803684,-3.8844366,-4.061152,-4.164344,-4.2826977,-4.3694825,-4.4365425,-4.451786,-4.4737535,-4.487109,-4.4886513,-4.4923563,-4.4690704,-4.4243507,-4.407974,-4.3800497,-4.3309016,-4.27817,-4.224177,-4.167683,-4.12848,-4.0877676,-4.0036817,-3.9365594,-3.8901415,-3.8450303,-3.7789705,-3.7080061,-3.644115,-3.573761,-3.512036,-3.4112518,-3.3507752,-3.2912893,-3.2458878,-3.1623716,-3.1068134,-3.040105,-2.9672675,-2.9233418,-2.8438485,-2.7886648,-2.75175,-2.6931283,-2.6476867,-2.6226652,-2.5758383,-2.5439253,-2.4908483,-2.4621484,-2.4140842,-2.3935857,-2.3450167,-2.3245106,-2.296903,-2.260762,-2.2315433,-2.1899421,-2.155253,-2.1180143,-2.087058,-2.0687053,-2.0455027,-2.013208,-1.9858284,-1.9690578,-1.9381304,-1.9073886,-1.8816603,-1.8426056,-1.8169254,-1.7937694,-1.7628411,-1.7322112,-1.7019031,-1.6669118,-1.6287081,-1.5844797,-1.546238,-1.5162783,-1.493075,-1.4649631,-1.4379531,-1.408109,-1.3818159,-1.3458987,-1.3173177,-1.2839777,-1.2658892,-1.2496762,-1.2216955,-1.1900152,-1.1732147,-1.1606078,-1.1387941,-1.125661,-1.1120921,-1.1033819,-1.068008,-1.0563654,-1.0401478,-1.0192587,-1.0120587,-0.99959886,-0.98500776,-0.969732,-0.95679945,-0.9450745,-0.9250288,-0.9183984,-0.909342,-0.8981088,-0.8879855,-0.8782066,-0.86951894,-0.8553796,-0.839327,-0.8188151,-0.7966505,-0.77448606,-0.7533311,-0.72561574,-0.69069666,-0.65978026,-0.61923784,-0.5716453,-0.5162703,-0.46154365,-0.4006555,-0.3297119,-0.2534834,-0.15925084,-0.048871968,0.080540776,0.20303613,0.36007893,0.62377524,1.0718156,1.5907584,2.056948,2.1617477,2.1566334,2.1604893,2.198179,2.2088985,2.2897496,2.3688126,2.407021,2.5816667,2.6950245,2.8292968,2.970876,3.1270745,11.942122,12.883532,13.673518,14.446879,14.707306,14.760422,14.451446,13.684165,12.408343,10.871179,9.242715,7.724671,6.065521,4.255587,2.8424778,2.2351968,2.170855,2.098041,2.151809,2.1435668,2.2133603,2.3068192,2.3752823,2.39753,2.5000384,2.4853845,2.5975318,2.708397,-0.81487864,-0.71565366,-0.6114091,-0.49994344,-0.38514054,-0.26939282,-0.15433106,-0.040874597,0.07038048,0.1789363,0.2846968,0.38750702,0.48755324,0.5847464,0.67887336,0.7694819,0.85666144,0.93270457,1.0128329,1.0900533,1.1640605,1.2353717,1.3028988,1.3673723,1.4217461,1.4921619,1.5504248,1.6116731,1.6631186,1.7282655,1.7801424,1.9614395,2.070693,2.1619213,2.2365375,2.330485,2.3742106,2.3641872,2.374762,2.4333248,2.494364,2.5517976,2.6816332,2.7043285,2.8119845,2.9294775,2.9876044,3.0161211,3.1692948,3.1889024,3.1645648,3.2175293,3.2527487,3.1794715,3.1329253,3.1001005,3.140636,3.0219269,2.9415445,2.7810454,2.663103,2.5941687,2.529477,2.6175466,2.6824663,-0.25563055,-0.20963646,3.0801957,3.2299614,3.3668432,3.4631555,3.5380294,-0.08155963,3.670879,-0.06999678,-0.03768972,0.004678416,0.031007579,0.06614403,0.098221324,0.13870518,0.15380332,0.20443913,0.27297932,0.35813034,5.1472235,5.3194966,5.6204357,5.7080913,5.8681455,6.0187135,6.0935893,6.283416,6.012893,5.9014435,5.989497,6.1279907,6.102966,6.181943,6.4068317,6.271204,6.4047894,6.5028596,6.464549,6.6695037,6.770738,6.957109,7.231929,7.3900642,7.5580864,7.8651443,8.201304,8.2568245,8.200096,0.43495166,0.48838896,0.5650369,0.584202,0.6094897,0.6337517,0.6018196,0.51515347,0.533188,0.45046505,0.45142174,0.4327721,0.30120125,0.13819274,0.06699395,-0.04279427,-0.15411809,-0.2433134,-0.3402702,-0.4723188,-0.63226974,-0.76945835,-0.9329644,-1.1090229,-1.2836573,-1.4720187,-1.6522146,-1.7897117,-1.8820984,-1.9541911,-1.9962622,-2.055065,-2.1362102,-2.2144375,-2.292514,-2.3417866,-2.3563583,-2.2647278,-2.1677916,-2.0483298,-1.9482161,-1.832808,-1.7410715,-1.6634907,-1.6113898,-1.5568533,-1.5160451,-1.5234114,-1.5191102,-1.5149385,-1.5305569,-1.5197436,-1.4717288,-1.4555402,-1.4259028,-1.3857427,-1.333765,-1.2992973,-1.2987418,-1.1800022,-1.0770291,-1.0831882,-1.0825992,-1.0388374,-0.920768,-0.82951915,-0.83061963,-1.0048964,-1.2271426,-1.3873702,-1.5065763,-1.6044291,-1.6928712,-1.7503339,-1.8040864,-1.832848,-1.867304,-1.8919687,-1.9064292,-1.904382,-1.9126925,-1.9145515,-1.9084532,-1.9066675,-1.9030435,-1.8872287,-1.8806378,-1.8712023,-1.851918,-1.834844,-1.81323,-1.7932571,-1.771621,-1.7562624,-1.7399963,-1.7091057,-1.686531,-1.6710191,-1.6492643,-1.6254402,-1.5810074,-1.5529896,-1.537966,-1.5225414,-1.5005791,-1.4736158,-1.4478488,-1.4120322,-1.3926592,-1.3792628,-1.3664598,-1.3543859,-1.326925,-1.3087884,-1.2752556,-1.265772,-1.2494894,-1.1975573,-1.1636857,-1.1416895,-1.1193173,-1.1045855,-1.0899249,-1.075793,-1.0474935,-1.0066258,-0.98015225,-0.9636989,-0.9376716,-0.9293173,-0.9030149,-0.89063203,-0.8828561,-0.8752066,-0.85821754,-0.8390199,-0.8215815,-0.8143855,-0.7926305,-0.7808433,-0.77388877,-0.762447,-0.75529724,-0.73959,-0.7282313,-0.7107885,-0.68453586,-0.67503935,-0.6586353,-0.647757,-0.64254284,-0.63703734,-0.626406,-0.62056077,-0.6149976,-0.6068726,-0.5927677,-0.58451647,-0.5702556,-0.5557555,-0.54551834,-0.5411525,-0.5369167,-0.5327502,-0.524787,-0.511036,-0.50208604,-0.4981351,-0.49418938,-0.48551893,-0.48194212,-0.4700742,-0.46111986,-0.45006034,-0.44665864,-0.44299847,-0.43921667,-0.43083447,-0.41946533,-0.4164244,-0.41020632,-0.40386552,-0.39547735,-0.38919857,-0.38539076,-0.3808847,-0.37124038,-0.36265823,-0.35267833,-0.34214514,-0.3332325,-0.32050848,-0.30666414,-0.29470626,-0.2789544,-0.25906637,-0.2355094,-0.21057267,-0.18260899,-0.15404923,-0.12133313,-0.08228999,-0.037983794,0.013921581,0.0633123,0.1264417,0.23325342,0.41373536,0.6226165,0.7998938,0.8471105,0.84874123,0.8543605,0.8699941,0.87514347,0.9090762,0.9473685,0.96521837,1.043146,1.0976261,1.1578245,1.2282572,1.3010553,5.021765,5.4800196,5.865535,6.265981,6.5022364,6.6774974,6.682797,6.5326276,6.06533,5.604488,5.1282268,4.6999817,4.1214128,3.3643773,2.4633293,1.8287692,1.5345545,1.3563579,1.3717105,1.3189582,1.3371061,1.4135123,1.4314482,1.455003,1.463859,1.473598,1.569401,1.6498815,-0.33603245,-0.3010525,-0.26066014,-0.21733366,-0.17260568,-0.12745576,-0.082517855,-0.038151026,0.005431362,0.047941737,0.08938392,0.12965426,0.16867937,0.20653914,0.24317288,0.27925798,0.3121612,0.34388977,0.37441334,0.40381715,0.43206593,0.45914045,0.48465455,0.50881994,0.53185123,0.5541717,0.5747086,0.60441405,0.6220857,0.6502898,0.6648294,0.7046625,0.772117,0.7910722,0.8169121,0.8538379,0.8656825,0.85037935,0.85486925,0.9307333,0.9613169,0.9526077,1.0055459,1.0131956,1.0623552,1.1313223,1.1276076,1.1500368,1.1894528,1.1726261,1.2268765,1.2277777,1.1878211,1.188241,1.1889117,1.2015239,1.2079742,1.1561095,1.1161174,1.0342492,0.9947251,0.98398894,0.9332526,0.9618676,1.0004462,-0.13760786,-0.12432879,1.1352807,1.2183994,1.2901978,1.3375432,1.3634627,-0.056481313,1.4359485,-0.04368324,-0.032380614,-0.016231166,-0.0069687525,0.010447454,0.025519708,0.037994046,0.049680877,0.06961119,0.09860233,0.13846354,2.0760517,2.1904962,2.2577012,2.3599722,2.4657753,2.5541728,2.6547523,2.596342,2.5506773,2.4852607,2.4644756,2.5028732,2.5642302,2.6339757,2.6712968,2.6860142,2.7595305,2.8547118,2.8567216,2.924665,3.019117,3.0489213,3.1856077,3.254184,3.3539538,3.610145,3.6168752,3.6756716,3.5388575,0.24631487,0.25682372,0.28185758,0.33116812,0.3066379,0.31176093,0.30443135,0.28079987,0.29428685,0.28188515,0.2552676,0.2263592,0.17593339,0.098310195,0.063387446,0.01672305,-0.025338406,-0.061147526,-0.1177485,-0.17601602,-0.23423794,-0.29768762,-0.373053,-0.453011,-0.5392095,-0.61865824,-0.7017157,-0.7661806,-0.8113442,-0.84984756,-0.86820203,-0.8947315,-0.92361623,-0.9612016,-0.99004775,-1.015505,-1.0102727,-0.9833015,-0.9421973,-0.9015819,-0.8504448,-0.7996417,-0.75894046,-0.724085,-0.7025048,-0.68127126,-0.66608703,-0.66823375,-0.6702803,-0.6674245,-0.66967976,-0.6646915,-0.64338773,-0.63816947,-0.61617744,-0.5982678,-0.57781893,-0.5638652,-0.55573577,-0.50356513,-0.46201533,-0.46294498,-0.46384612,-0.44506666,-0.3944349,-0.35571223,-0.3542375,-0.43817416,-0.54318506,-0.61936367,-0.66853434,-0.7200054,-0.7572823,-0.7847066,-0.81282854,-0.83607006,-0.8558908,-0.8551968,-0.8620084,-0.8625103,-0.85844296,-0.86270666,-0.85274506,-0.8518779,-0.8501699,-0.84849954,-0.83623534,-0.81771046,-0.8063506,-0.8021995,-0.7872769,-0.77373576,-0.7616401,-0.75499576,-0.7312249,-0.7242244,-0.7116896,-0.70513016,-0.6990122,-0.6845414,-0.6713372,-0.6648067,-0.64885634,-0.62896675,-0.6229833,-0.61709565,-0.6114826,-0.6057353,-0.5999462,-0.5941949,-0.5821575,-0.5613956,-0.55625194,-0.5362285,-0.5159372,-0.51207393,-0.5020044,-0.4972433,-0.47636613,-0.47209552,-0.4679825,-0.45095792,-0.43339097,-0.4173642,-0.4137068,-0.4030982,-0.39494428,-0.39142194,-0.38352963,-0.3801198,-0.37686208,-0.3735602,-0.36518764,-0.357408,-0.3481079,-0.34516713,-0.33818808,-0.3233851,-0.32064137,-0.31288454,-0.30479383,-0.30196634,-0.29342708,-0.29070327,-0.28791478,-0.28511792,-0.2827127,-0.2743518,-0.2721254,-0.2697878,-0.26137474,-0.25913745,-0.25320193,-0.2508502,-0.24860796,-0.24652614,-0.24098244,-0.23354499,-0.23157148,-0.22962125,-0.22769439,-0.2258682,-0.22019142,-0.21847634,-0.2166968,-0.21491615,-0.20917335,-0.20304194,-0.20142946,-0.19204314,-0.18276124,-0.18142,-0.18011214,-0.17872545,-0.177368,-0.1759134,-0.17441335,-0.17287974,-0.16742994,-0.16620737,-0.16518962,-0.16425933,-0.16330703,-0.1621103,-0.16053537,-0.15868285,-0.15669224,-0.15136422,-0.14848173,-0.14520355,-0.14153916,-0.13435028,-0.13001873,-0.1251419,-0.11873446,-0.11150611,-0.102677494,-0.093198135,-0.08266481,-0.070619725,-0.05741899,-0.041132733,-0.02208235,0.00021970738,0.02143307,0.04852724,0.094343156,0.17171848,0.26118785,0.34135684,0.36160746,0.3621053,0.3643953,0.37109807,0.37335095,0.38816923,0.40497822,0.41304266,0.44733623,0.47166532,0.4987417,0.53062296,0.5639689,2.1941912,2.3994238,2.5777385,2.7687604,2.8954768,3.0019987,3.034738,2.9999301,2.8692882,2.7006404,2.5190852,2.3527567,2.1444273,1.8382578,1.3830597,1.034138,0.8957986,0.7863691,0.72707695,0.7450669,0.7039563,0.758362,0.75631386,0.81265944,0.7935878,0.8255104,0.8267574,0.9099999,-0.2268219,-0.2065714,-0.18294305,-0.15741551,-0.13091901,-0.10405984,-0.07722297,-0.050684653,-0.0246048,0.00088361907,0.025695309,0.04978513,0.07314057,0.0954995,0.11703533,0.13781558,0.15783703,0.17707989,0.1956437,0.21344775,0.23060977,0.247154,0.2657126,0.2802631,0.29416233,0.30739373,0.32026693,0.3326094,0.35408574,0.36517462,0.3779722,0.38601416,0.3970248,0.4146438,0.43886375,0.43956578,0.46328557,0.47329745,0.48213756,0.5045541,0.5153755,0.52556145,0.53835946,0.54758203,0.5182322,0.5116072,0.5287748,0.549891,0.5689659,0.61421037,0.6179142,0.66543484,0.6608315,0.6773224,0.67210513,0.69199836,0.6789693,0.69240123,0.68297464,0.6817624,0.68904656,0.7121808,0.73624945,0.757354,0.7819591,0.80852264,0.760597,0.7915718,0.8100371,0.8434982,0.8679088,0.87104005,0.925631,0.96441466,0.95278287,0.99758726,1.0104401,1.022562,1.0286223,1.0352112,1.1002132,1.0907183,1.1220523,1.1973008,1.1694942,1.2760653,1.362286,1.3714365,1.383824,1.4384016,1.4754908,1.5043206,1.524506,1.6932815,1.7127966,1.7132862,1.8081919,1.7669251,1.8474054,1.8337599,1.9034264,1.9865673,2.1389751,2.093363,2.1889064,2.2262962,2.3668425,2.3496857,2.4608605,2.555868,2.6180694,2.6628103,2.597485,2.7773073,2.892637,2.9635859,3.1303966,3.05981,3.287333,3.3212576,3.489242,3.682651,3.704762,3.8137798,3.8287833,4.0112367,4.025545,4.068584,4.190101,4.220536,4.3320017,4.3725333,4.5429916,4.6196976,4.504844,4.6719007,4.680332,4.8918962,4.825459,4.8443995,4.8287907,4.7515693,4.688571,4.8067803,4.8541193,0.21542042,0.18053709,0.19778778,0.16926762,0.13820006,0.09220102,0.16347072,0.22489777,0.3345515,0.38141334,0.44888112,0.4924255,0.5906816,0.60880476,0.6838092,0.63924044,0.60571605,0.5810274,0.5841072,0.57686114,0.5848799,0.56470764,0.57175076,0.5836025,0.62045956,0.6354781,0.6128834,0.6441656,0.7097397,0.72321564,0.7170872,0.721421,6.6143,6.50852,6.5146766,6.699608,6.7525296,0.5339496,0.49579936,0.4551782,0.3460583,0.2664734,0.16647628,0.09244936,-0.038256146,-0.113502756,-0.17816216,-0.24927862,-0.31432652,-0.36524943,-0.45609778,-0.52383566,-0.58546764,-0.645681,-0.70341325,-0.7659639,-0.8039229,-0.83726704,-0.93104583,-1.0161828,-1.0705469,-1.1086134,-1.149976,-1.1949139,-1.2288622,-1.2545686,-1.2533953,-1.2468312,-1.2585781,-1.2710534,-1.2866944,-1.3064828,-1.3332846,-1.343683,-1.3495907,-1.3430098,-1.3426857,-1.3401923,-1.3526955,-1.3424504,-1.3309411,-1.3277472,-1.3170775,-1.2815807,-1.2512752,-1.2494059,-1.2628238,-1.2576264,-1.2530723,-1.2339363,-1.2174692,-1.2031288,-1.1976156,-1.1843778,-1.1702081,-1.1649423,-1.1631746,-1.1672934,-1.1646075,-1.1540664,-1.1477572,-1.1405536,-1.1303782,-1.1215239,-1.1140738,-1.1055218,-1.1006417,-1.0957785,-1.0859168,-1.0722048,-1.0761479,-1.0790035,-1.0741584,-1.0717721,-1.0708065,-1.0541352,-1.0246062,-1.0121998,-0.9968135,-0.9839671,-0.9594166,-0.9589503,-0.96202695,-0.96197665,-0.951129,-0.93333644,-0.9254585,-0.91397333,-0.90511197,-0.89126366,-0.87928873,-0.8632021,-0.85020727,-0.8414456,-0.83155376,-0.8227515,-0.81011134,-0.78733206,-0.7735497,-0.754852,-0.7279278,-0.70276225,-0.68221456,-0.66823024,-0.6553954,-0.6490408,-0.6472371,-0.6431007,-0.6253912,-0.58798254,-0.5348022,-0.47080502,-0.39793834,-0.32491952,-0.27982894,-0.25025088,-0.20746726,-0.16853587,-0.13700297,-0.10877348,-0.084240615,-0.06810921,-0.052658387,-0.030173704,-0.015314887,0.0005840978,0.015434313,0.026038632,0.036050946,0.039790943,0.04727038,0.05766169,2.1004097,2.0841293,2.0441737,1.9971772,1.9370058,1.8705037,1.7532623,1.6188239,1.4930769,1.4353831,1.4120908,1.3762884,1.3371776,1.272981,1.2755902,1.2413125,1.2394259,1.2344257,1.2188773,1.2073511,1.1846178,1.1995932,1.1534597,1.1253179,1.1290616,1.1227373,1.1242393,1.1339499,1.162929,1.146749,1.1820203,1.2337198,1.2539655,1.2694548,1.250441,1.258538,1.340652,1.3469098,1.2941666,1.3248272,1.281716,1.2799166,1.2734911,1.2749451,1.2424332,1.2717028,1.2525054,1.3291011,-0.20161946,-0.18217571,-0.1594137,-0.13484097,-0.10938576,-0.08366382,-0.0580438,-0.03281197,-0.008116807,0.015908003,0.039156344,0.061604906,0.083204776,0.1039601,0.123788714,0.14273418,0.16089438,0.17813802,0.19450751,0.20970008,0.22397484,0.23744977,0.25008008,0.26196933,0.2732438,0.2838386,0.29358545,0.30249968,0.31199023,0.31514677,0.3256882,0.3317635,0.34411502,0.36539757,0.37806877,0.41406235,0.44817412,0.4490444,0.46633917,0.47733974,0.47880742,0.4878962,0.47579688,0.4814609,0.46199286,0.4470478,0.45323533,0.44792446,0.47390708,0.48286846,0.49446702,0.5153862,0.53242445,0.5318139,0.55075526,0.55781037,0.5884429,0.5862987,0.5987574,0.54386824,0.533574,0.53109837,0.5751505,0.5807336,0.56989086,0.60622346,0.5993742,0.5673816,0.6019069,0.64884204,0.61719894,0.651583,0.6791898,0.7581557,0.7934586,0.81902105,0.8614722,0.92783594,0.88693136,0.95239073,0.9683884,0.9426112,0.9898076,1.0050197,0.99239886,1.0755243,1.0835537,1.1043996,1.1209675,1.1990854,1.2721779,1.358609,1.4051086,1.4377948,1.5791923,1.5769123,1.682703,1.5876068,1.7133753,1.7663164,1.7650027,1.8326946,1.8789674,1.984165,2.0928545,2.1956317,2.2686553,2.3300962,2.403549,2.4395435,2.5507603,2.7592044,2.7768512,2.837739,2.9799385,3.0673883,3.0777557,3.2967172,3.2908514,3.3287156,3.5464408,3.575736,3.7764928,3.7873518,3.8127577,3.7906592,4.0564065,4.224166,4.1964803,4.310912,4.455458,4.5457783,4.67625,4.742884,4.7401996,4.836682,4.771994,4.675525,4.6756134,4.795053,4.993627,4.869666,5.02546,4.9026904,4.833807,0.2707052,0.2552649,0.23780635,0.2297699,0.16753125,0.13726272,0.19180214,0.22773534,0.2606655,0.35123876,0.37024197,0.36666122,0.41055527,0.43634996,0.46061623,0.46646735,0.44252497,0.40725523,0.39419228,0.35628393,0.3544413,0.33965033,0.35594073,0.34542522,0.35582218,0.35354868,0.40084526,0.37615713,0.3806284,0.40798286,0.4411231,0.38340622,5.280484,5.1645947,5.1386824,5.2748017,5.0615616,0.16470651,0.106007785,0.02042997,-0.0891334,-0.17137267,-0.21457262,-0.30174235,-0.35665002,-0.4223875,-0.46450776,-0.5374447,-0.57805276,-0.6328534,-0.67698574,-0.7376185,-0.7688971,-0.82246107,-0.8676068,-0.9174367,-0.93812823,-0.96275705,-1.0187386,-1.0816321,-1.1199962,-1.1503419,-1.1706294,-1.2023139,-1.2301084,-1.2419987,-1.2386961,-1.2337958,-1.2401329,-1.2512507,-1.2646375,-1.2765114,-1.2934355,-1.2975619,-1.2991202,-1.2821,-1.2682784,-1.2705173,-1.2612895,-1.2584094,-1.2535762,-1.2399276,-1.2350032,-1.2061493,-1.1831616,-1.1679761,-1.1674463,-1.1678629,-1.1667935,-1.1595432,-1.1373053,-1.1308516,-1.1248854,-1.1109158,-1.1046203,-1.0853165,-1.0731667,-1.0525339,-1.0485173,-1.0370222,-1.0157875,-1.0090292,-1.0003889,-0.9864312,-0.9796412,-0.95944506,-0.9544096,-0.93335503,-0.9252902,-0.91428256,-0.91471356,-0.91442984,-0.9130703,-0.9063869,-0.9085428,-0.893301,-0.8809889,-0.8648356,-0.84859824,-0.8325432,-0.8259098,-0.81772953,-0.81796885,-0.80978984,-0.8013808,-0.7887229,-0.7822369,-0.766819,-0.75283414,-0.7457365,-0.7369165,-0.72565824,-0.7163534,-0.70963764,-0.6962483,-0.68958986,-0.67678815,-0.66723984,-0.6576816,-0.6452388,-0.63121754,-0.61898553,-0.6078412,-0.5984279,-0.5916749,-0.5867469,-0.58106494,-0.5775158,-0.56757206,-0.54417616,-0.50588375,-0.46774545,-0.42495567,-0.38467634,-0.35650194,-0.34222868,-0.31921437,-0.29789868,-0.2810151,-0.26603457,-0.25320226,-0.24481633,-0.23621006,-0.22297522,-0.21325578,-0.20162809,-0.1917003,-0.18273933,-0.1703761,-0.1639484,-0.15507178,-0.14497885,1.004669,1.0014398,0.9899066,0.97813797,0.95925707,0.93169844,0.8708971,0.79771566,0.7294578,0.6874534,0.6607645,0.6291149,0.59616417,0.5597702,0.53892255,0.5000145,0.4817174,0.47891626,0.47072703,0.4556115,0.45131436,0.4439176,0.43570173,0.43174198,0.42785135,0.4189678,0.4163604,0.4126596,0.39444584,0.40309766,0.40320164,0.4127813,0.42382598,0.41308954,0.41236115,0.42084825,0.42632955,0.41380998,0.40334085,0.39765158,0.3795064,0.36443576,0.35606503,0.35292658,0.34057269,0.33508688,0.34490216,0.34677342,-0.16801623,-0.15225019,-0.13358228,-0.11326157,-0.09209013,-0.07059398,-0.049117148,-0.027886806,-0.0070737638,0.0132107865,0.03287349,0.05185517,0.07012041,0.08768164,0.10451561,0.12063901,0.13597023,0.15062395,0.16463612,0.1777764,0.19034246,0.20212126,0.21306957,0.22331679,0.23300736,0.24186066,0.2500703,0.2576805,0.2653405,0.2825221,0.29271284,0.29947966,0.30746973,0.31616896,0.33523238,0.36806113,0.37757835,0.38034457,0.3963504,0.40435818,0.41651228,0.42443168,0.44244066,0.4524518,0.42922807,0.44076687,0.42801127,0.45221978,0.4606804,0.45934352,0.48632497,0.50450844,0.5252245,0.53368515,0.5370065,0.5577804,0.54295367,0.56538415,0.55239606,0.5449901,0.5672079,0.5718889,0.5657064,0.5743308,0.5793185,0.6064701,0.6387125,0.6647248,0.67926854,0.7064148,0.75079226,0.7518528,0.757411,0.83676744,0.8433218,0.93070316,0.9253311,1.0149269,0.96488035,1.0375493,1.0099703,0.9996152,1.0776064,1.0733763,1.1462252,1.167367,1.2182795,1.2361356,1.3698556,1.3272601,1.3839368,1.4349296,1.5155882,1.5473032,1.6258646,1.591085,1.6908666,1.7775047,1.7733471,1.8173432,1.8894606,1.9116235,1.9503404,1.9962281,2.0875716,2.224134,2.3248465,2.257611,2.3520365,2.4740412,2.497782,2.558564,2.697901,2.7572308,2.929902,2.8978643,3.0549247,3.0004718,3.2250566,3.3180041,3.419787,3.3922873,3.475613,3.5608978,3.532289,3.6661205,3.750653,3.6900163,3.7289135,3.9325466,3.965467,3.9208486,3.9765725,4.1507545,4.233251,4.2508764,4.2357435,4.126974,4.149205,4.0875077,4.0135064,3.9248908,3.9860659,4.032641,3.8837013,0.06368173,0.08499737,0.0063661374,-0.022599868,-0.055738572,-0.08691232,-0.04999216,0.014439149,0.033657063,0.08232779,0.09422012,0.12154341,0.1459385,0.17112632,0.18367663,0.19646056,0.15062544,0.15719475,0.13079426,0.10267178,0.09266134,0.09241591,0.08948782,0.0856812,0.06848714,0.07668319,0.06777388,0.05941919,0.07953618,0.11218221,0.10321283,0.09219643,3.7719085,3.7897196,3.8078227,3.7786658,3.634592,-0.16812615,-0.2153311,-0.26648545,-0.31163803,-0.40944308,-0.44017777,-0.5113316,-0.54353356,-0.61725235,-0.63694173,-0.6957091,-0.7305815,-0.7562434,-0.7995874,-0.8227655,-0.8721682,-0.90501493,-0.9337686,-0.965358,-0.9808631,-1.0032682,-1.0499489,-1.0841743,-1.0960565,-1.1180134,-1.1388104,-1.1545918,-1.1660123,-1.1712134,-1.1719681,-1.1653118,-1.16838,-1.175281,-1.1764858,-1.1825378,-1.1826614,-1.1756046,-1.1656947,-1.165302,-1.1487411,-1.138075,-1.141463,-1.1375674,-1.132469,-1.1202117,-1.1150335,-1.0994322,-1.0659752,-1.0630575,-1.0675548,-1.0574387,-1.0551158,-1.0399399,-1.025392,-1.019128,-1.0132964,-0.9994221,-0.9854535,-0.9717259,-0.9678961,-0.9671007,-0.96264255,-0.95686007,-0.9439834,-0.93016523,-0.9222121,-0.91504425,-0.9086075,-0.8950069,-0.88994026,-0.8761293,-0.8632216,-0.86069685,-0.8600461,-0.85875744,-0.8495407,-0.8442968,-0.844983,-0.8245636,-0.8137615,-0.78556013,-0.7732909,-0.7647303,-0.7533374,-0.7509398,-0.73546976,-0.72615767,-0.7140894,-0.70351094,-0.6977276,-0.6865147,-0.67472357,-0.66849875,-0.6609647,-0.6387253,-0.6309908,-0.6252276,-0.61900806,-0.61325586,-0.59990656,-0.5920029,-0.5841053,-0.57404596,-0.55729777,-0.5475641,-0.5386812,-0.53111315,-0.52552384,-0.51683676,-0.5109681,-0.50779617,-0.49521843,-0.47764367,-0.4535698,-0.42524156,-0.3936961,-0.3642906,-0.3459969,-0.33577624,-0.31913605,-0.3037686,-0.2916238,-0.28075477,-0.27131283,-0.26501435,-0.25616753,-0.24615136,-0.2384976,-0.23047277,-0.22236052,-0.21487585,-0.2071312,-0.20124301,-0.19385903,-0.18560134,0.6599662,0.65595305,0.64748704,0.6259692,0.6195678,0.5922625,0.5501306,0.4928093,0.45133522,0.42174867,0.40204895,0.37912783,0.35748175,0.3384403,0.32074922,0.31279117,0.30258605,0.3020209,0.29521906,0.28067723,0.2782083,0.26824248,0.26257813,0.25450975,0.24559502,0.2308076,0.22820966,0.22652228,0.2227958,0.21899799,0.21569721,0.21735175,0.22070372,0.21687138,0.21888933,0.22221799,0.2276073,0.22277337,0.21008612,0.20483837,0.19024228,0.17648628,0.16736186,0.15723303,0.14968142,0.14617057,0.14729421,0.15109925,-0.19321865,-0.16855556,-0.14088982,-0.111607835,-0.081619054,-0.051425003,-0.021445692,0.008114517,0.03710371,0.06539401,0.09300528,0.11988482,0.14606696,0.17144464,0.19604656,0.21987928,0.24304588,0.26568392,0.2919731,0.31249794,0.33233586,0.35162795,0.37002048,0.3869546,0.402718,0.41789812,0.44351178,0.46974847,0.4894315,0.50865805,0.5235799,0.5408091,0.56222755,0.5951902,0.60583955,0.590102,0.60510224,0.638193,0.6607342,0.62666416,0.62868536,0.6641112,0.6467444,0.6446504,0.6744046,0.69085675,0.7194118,0.7626418,0.7557465,0.7766867,0.78397804,0.8269886,0.8817747,0.8878091,0.8542668,0.8685481,0.868799,0.838623,0.84920776,0.8703247,0.85824513,0.8524644,0.84323865,0.87674296,0.89869916,0.8652159,0.91952246,0.908509,0.9310379,0.90785426,0.9337481,0.9842716,0.9831404,1.0722287,1.0671868,1.1111053,1.1640377,1.1568309,1.1709381,1.2035246,1.2223846,1.1940178,1.2313267,1.2836552,1.2982731,1.3864862,1.4749944,1.4750872,1.566997,1.6581903,1.68971,1.651765,1.7088467,1.7482979,1.8086898,1.8397266,1.8755342,1.807578,1.8094249,1.8759234,1.889424,2.0419288,2.0734065,2.16579,2.1952355,2.266403,2.4498613,2.4228625,2.3850338,2.6017768,2.6151192,2.7332604,2.8663042,2.9331608,2.9621809,3.012769,3.148042,3.1968322,3.3323877,3.486078,3.5316002,3.6581626,3.7209067,3.756006,3.6791663,3.825202,3.8743067,3.9591,3.970495,4.0682826,4.1260347,4.2411256,4.224847,4.2856593,4.3633256,4.1477275,4.2853956,4.4157104,4.3106995,4.122129,4.293213,4.2494383,4.204233,4.270948,4.293257,0.09746485,0.09639023,0.06979268,0.009893387,-0.03736184,-0.037001282,-0.021109033,0.04978485,0.08224165,0.12313693,0.1711735,0.18357578,0.1904234,0.23215014,0.24261503,0.230736,0.20549019,0.18647574,0.1363519,0.13404267,0.15018749,0.13399158,0.10195979,0.09978291,0.10374099,0.11018391,0.09164048,0.075343795,0.1204577,0.131405,0.14732914,0.11667004,4.2454224,4.216298,4.178426,4.221477,4.0295796,-0.15766439,-0.20690902,-0.2613393,-0.3334756,-0.39515644,-0.47551528,-0.5415781,-0.60380554,-0.6768383,-0.70904267,-0.75286037,-0.78129184,-0.82439864,-0.8728124,-0.9131486,-0.9488147,-0.9958076,-1.0180237,-1.0525368,-1.0761107,-1.0934116,-1.1265717,-1.1758626,-1.1986599,-1.2247721,-1.2402015,-1.2515755,-1.2710012,-1.2830169,-1.2836044,-1.2710983,-1.2756265,-1.2830056,-1.2906272,-1.2892019,-1.2931687,-1.27763,-1.2623335,-1.2618291,-1.2495652,-1.2493789,-1.2527748,-1.2321433,-1.219559,-1.214316,-1.2007794,-1.1841897,-1.1561283,-1.1371627,-1.1335367,-1.1320608,-1.1294916,-1.1219652,-1.1075596,-1.1008617,-1.0946271,-1.0881792,-1.0815824,-1.0753847,-1.0711731,-1.0701556,-1.0651873,-1.058723,-1.0518593,-1.0445002,-1.0355787,-1.0182999,-1.0110945,-0.9971346,-0.9914407,-0.9807096,-0.9723448,-0.9693857,-0.9684313,-0.94400376,-0.92774117,-0.9136645,-0.90677464,-0.8988077,-0.8789648,-0.86967844,-0.85666174,-0.8403699,-0.8337022,-0.81532735,-0.80650795,-0.798728,-0.7774255,-0.7661392,-0.7543597,-0.7486128,-0.7419377,-0.73516,-0.7269857,-0.7168344,-0.7009306,-0.69459,-0.68775594,-0.68143004,-0.6732992,-0.6646134,-0.6507629,-0.63986516,-0.6277233,-0.6170644,-0.5930823,-0.5765688,-0.57061756,-0.56607574,-0.5636429,-0.560136,-0.54611814,-0.5274437,-0.5019318,-0.4719691,-0.43862927,-0.40755466,-0.38817364,-0.37727112,-0.35730937,-0.34100676,-0.32799047,-0.31630862,-0.3060155,-0.29573533,-0.28825045,-0.27711666,-0.26839182,-0.25926173,-0.2499761,-0.24126603,-0.23251264,-0.225575,-0.21720085,-0.20806873,0.68854177,0.68275446,0.6731412,0.6541369,0.64547426,0.6191556,0.569793,0.50977266,0.4666852,0.4355959,0.41691375,0.39257094,0.3693468,0.34735346,0.3274466,0.31687188,0.30946678,0.30352032,0.2933945,0.28037134,0.2691914,0.25787938,0.25039935,0.24110836,0.23129079,0.22512564,0.22103088,0.22728838,0.21896382,0.21679202,0.21403258,0.21339177,0.2159198,0.21836315,0.21316755,0.21893215,0.22013725,0.214007,0.20434658,0.1914889,0.1758308,0.16119628,0.14933418,0.14381316,0.13296486,0.12503211,0.12774988,0.12565435
Tax81,0.0,-0.17751402,-0.14480464,-0.09851212,-0.04288178,0.019838726,0.08156494,0.1477483,0.21463813,0.28114828,0.3422365,0.4045137,0.46399933,0.52026606,0.57270604,0.61313385,0.6560025,0.6992255,0.7319066,0.7625608,0.7928159,0.8239733,0.8472783,0.8383284,0.8656431,0.89770186,0.9283334,0.94391,0.959938,0.9787044,0.98495626,1.0025753,1.043285,1.0725209,1.0921612,1.0950919,1.1090809,1.1222069,1.1004008,1.1214229,1.1409229,1.1513655,1.1916101,1.2334487,1.2525146,1.289814,1.2929199,1.2900839,1.3044723,1.3502971,1.3647974,1.3917098,1.4016707,1.3820416,1.3878685,1.3598183,1.3415339,1.3659817,1.2932014,1.2726574,1.2303241,1.2000605,1.1795692,1.1776351,1.2054212,1.2150239,0.82559246,0.86303884,1.3013086,1.3573511,1.3723251,1.3935611,1.3922143,0.9398847,1.3955653,0.9562765,0.9637575,1.0295396,1.0507904,1.0705519,1.1059811,1.0978091,1.1005529,1.1078753,1.1139922,1.1438084,1.5988079,1.5784652,1.6358802,1.6471089,1.6920242,1.6715931,1.6891485,1.7079118,1.6880003,1.677228,1.633466,1.6443008,1.6962277,1.6948403,1.6300254,1.6132336,1.5874798,1.5473759,1.5837579,1.5699708,1.557484,1.542989,1.5137873,1.5289807,1.5200644,1.4719589,1.5170648,1.46618,1.4143231,0.91029084,1.2868127,1.2817445,1.3012139,1.318864,1.2985767,1.261823,1.2552222,1.2281306,1.2149919,1.2071996,1.1795765,1.1278535,1.0437442,1.0155637,0.9604193,0.90487665,0.8452113,0.76134795,0.6939281,0.6011291,0.5150537,0.46984228,0.41674966,0.35791433,0.3287827,0.29823813,0.24707675,0.21817127,0.19382203,0.18119447,0.16610153,0.14379524,0.11907287,0.0945315,0.082114145,0.07648492,0.08960055,0.09951016,0.10787022,0.11337199,0.12290383,0.12808551,0.12948115,0.12579192,0.1209153,0.12002066,0.11273559,0.100736044,0.09717673,0.0904416,0.08693532,0.08246029,0.078189656,0.076965734,0.072135754,0.07132921,0.07166279,0.06659121,0.071070045,0.061515283,0.057842102,0.04756576,0.047969334,0.051456146,0.04971402,0.048195112,0.036090225,0.022151982,0.01188356,0.002504796,-0.006565973,-0.011978015,-0.015563489,-0.02180212,-0.026681177,-0.03032736,-0.031554926,-0.031531908,-0.032192435,-0.030323949,-0.030618917,-0.03150406,-0.031484477,-0.03163499,-0.033268582,-0.031121893,-0.03188448,-0.032767672,-0.03260593,-0.03439479,-0.030869383,-0.030272359,-0.027011462,-0.027677104,-0.028227858,-0.025838036,-0.024401233,-0.024368195,-0.021627687,-0.02182128,-0.022008868,-0.02052343,-0.020708535,-0.01784059,-0.016067896,-0.01608365,-0.012637929,-0.010601358,-0.0106401425,-0.010657818,-0.0077231764,-0.007731095,-0.007724275,-0.0076936856,-0.0076303794,-0.0076201474,-0.0076407483,-0.007649986,-0.0076480154,-0.004931922,-0.004919223,-0.0049097845,-0.0031940553,-0.0015615885,-0.0015584244,-0.001555242,-0.0015549415,-0.0015587561,-0.001557949,-0.0015546073,-0.0015526651,-0.0015502984,-0.0015474156,-0.0015444614,-0.0015401288,-0.0015372931,-0.0015354044,-0.0015316436,-0.0015269798,-0.0015259184,-0.0015276544,0.0,0.0,0.0,0.0,0.0,0.0,0.0,0.0,0.0,0.0,0.0,0.0,0.0,0.0,0.0,0.0,0.0,0.0,0.0,0.0,0.0,0.0,0.0,0.0,0.0,0.0,0.0,0.0,0.0,0.0,0.0,0.0,0.0,0.0,0.0,0.0,0.0,0.0,0.0,0.0,0.0,0.0,0.0,0.0,0.0,0.0,0.0,0.0,0.0,0.0,0.0,0.0,0.0,0.0,0.0,0.0,0.0,0.0,0.0,0.0,0.0,0.0,0.0,0.0,0.0,0.0,0.0,0.0,0.0,0.0,0.0,0.0,0.0,0.0,0.0,0.0,0.0,0.0,0.0,0.0,0.0,0.0,0.0,0.0,0.0,0.0,0.0,0.0,0.0,0.0,0.0,0.0,0.0,0.0,0.0,0.0,0.0,0.0,0.0,0.0,0.0,0.0,0.0,0.0,0.0,0.0,0.0,0.0,0.0,0.0,0.0,0.0,0.0,0.0,0.0,0.0,0.0,0.0,0.0,0.0,0.0,0.0,0.0,0.0,0.0,0.0,0.0,0.0,0.0,0.0,0.0,0.0,0.0,0.0,0.0,0.0,0.0,0.0,0.0,0.0,0.0,0.0,0.0,0.0,0.0,0.0,0.0,0.0,0.0,0.0,0.0,0.0,0.0,0.0,0.0,0.0,0.0,0.0,0.0,0.0,0.0,0.0,0.0,0.0,0.0,0.0,0.0,0.0,0.0,0.0,0.0,0.0,0.0,0.0,0.0,0.0,0.0,0.0,0.0,0.0,0.0,0.0,0.0,0.0,0.0,0.0,0.0,0.0,0.0,0.0,0.0,0.0,0.0,0.0,0.0,0.0,0.0,0.0,0.0,0.0,0.0,0.0,0.0,0.0,0.0,0.0,0.0,0.0,0.0,0.0,0.0,0.0,0.0,0.0,0.0,0.0,0.0,0.0,0.0,0.0,0.0,0.0,0.0,0.0,0.0,0.0,0.0,0.0,0.0,0.0,0.0,0.0,0.0,0.0,0.0,0.0,0.0,0.0,0.0,0.0,0.0,0.0,0.0,0.0,0.0,0.0,0.0,0.0,0.0,0.0,0.0,0.0,0.0,0.0,0.0,0.0,0.0,0.0,0.0,0.0,0.0,0.0,0.0,0.0,0.0,0.0,0.0,0.0,0.0,0.0,0.0,0.0,0.0,0.0,0.0,0.0,0.0,0.0,0.0,0.0,0.0,0.0,0.0,0.0,0.0,0.0,0.0,0.0,0.0,0.0,0.0,0.0,0.0,0.0,0.0,0.0,0.0,0.0,0.0,0.0,0.0,0.0,0.0,0.0,0.0,0.0,0.0,0.0,0.0,0.0,0.0,0.0,0.0,0.0,0.0,0.0,0.0,0.0,0.0,0.0,0.0,0.0,0.0,0.0,0.0,0.0,0.0,0.0,0.0,0.0,0.0,0.0,0.0,0.0,0.0,0.0,0.0,0.0,0.0,0.0,0.0,0.0,0.0,0.0,0.0,0.0,0.0,0.0,0.0,0.0,0.0,0.0,0.0,0.0,0.0,0.0,0.0,0.0,0.0,0.0,0.0,0.0,0.0,0.0,0.0,0.0,0.0,0.0,0.0,0.0,0.0,0.0,0.0,0.0,0.0,0.0,0.0,0.0,0.0,0.0,0.0,0.0,0.0,0.0,0.0,0.0,0.0,0.0,0.0,0.0,0.0,0.0,0.0,0.0,0.0,0.0,0.0,0.0,0.0,0.0,0.0,0.0,0.0,0.0,0.0,0.0,0.0,0.0,0.0,0.0,0.0,0.0,0.0,0.0,0.0,0.0,0.0,0.0,0.0,0.0,0.0,0.0,0.0,0.0,0.0,0.0,0.0,0.0,0.0,0.0,0.0,0.0,0.0,0.0,0.0,0.0,0.0,0.0,0.0,0.0,0.0,0.0,0.0,0.0,0.0,0.0,0.0,0.0,0.0,0.0,0.0,0.0,0.0,0.0,0.0,0.0,0.0,0.0,0.0,0.0,0.0,0.0,0.0,0.0,0.0,0.0,0.0,0.0,0.0,0.0,0.0,0.0,0.0,0.0,0.0,0.0,0.0,0.0,0.0,0.0,0.0,0.0,0.0,0.0,0.0,0.0,0.0,0.0,0.0,0.0,0.0,0.0,0.0,0.0,0.0,0.0,0.0,0.0,0.0,0.0,0.0,0.0,0.0,0.0,0.0,0.0,0.0,0.0,0.0,0.0,0.0,0.0,0.0,0.0,0.0,0.0,0.0,0.0,0.0,0.0,0.0,0.0,0.0,0.0,0.0,0.0,0.0,0.0,0.0,0.0,0.0,0.0,0.0,0.0,0.0,0.0,0.0,0.0,0.0,0.0,0.0,0.0,0.0,0.0,0.0,0.0,0.0,0.0,0.0,0.0,0.0,0.0,0.0,0.0,0.0,0.0,0.0,0.0,0.0,0.0,0.0,0.0,0.0,0.0,0.0,0.0,0.0,0.0,0.0,0.0,0.0,0.0,0.0,0.0,0.0,0.0,0.0,0.0,0.0,0.0,0.0,0.0,0.0,0.0,0.0,0.0,0.0,0.0,0.0,0.0,0.0,0.0,0.0,0.0,0.0,0.0,0.0,0.0,0.0,0.0,0.0,0.0,0.0,0.0,0.0,0.0,0.0,0.0,0.0,0.0,0.0,0.0,0.0,0.0,0.0,0.0,0.0,0.0,0.0,0.0,0.0,0.0,0.0,0.0,0.0,0.0,0.0,0.0,0.0,0.0,0.0,0.0,0.0,0.0,0.0,0.0,0.0,0.0,0.0,0.0,0.0,0.0,0.0,0.0,0.0,0.0,0.0,0.0,0.0,0.0,0.0,0.0,0.0,0.0,0.0,0.0,0.0,0.0,0.0,0.0,0.0,0.0,0.0,0.0,0.0,0.0,0.0,0.0,0.0,0.0,0.0,0.0,0.0,0.0,0.0,0.0,0.0,0.0,0.0,0.0,0.0,0.0,0.0,0.0,0.0,0.0,0.0,0.0,0.0,0.0,0.0,0.0,0.0,0.0,0.0,0.0,0.0,0.0,0.0,0.0,0.0,0.0,0.0,0.0,0.0,0.0,0.0,0.0,0.0,0.0,0.0,0.0,0.0,0.0,0.0,0.0,0.0,0.0,0.0,0.0,0.0,0.0,0.0,0.0,0.0,0.0,0.0,0.0,0.0,0.0,0.0,0.0,0.0,0.0,0.0,0.0,0.0,0.0,0.0,0.0,0.0,0.0,0.0,0.0,0.0,0.0,0.0,0.0,0.0,0.0,0.0,0.0,0.0,0.0,0.0,0.0,0.0,0.0,0.0,0.0,0.0,0.0,0.0,0.0,0.0,0.0,0.0,0.0,0.0,0.0,0.0,0.0,0.0,0.0,0.0,0.0,0.0,0.0,0.0,0.0,0.0,0.0,0.0,0.0,0.0,0.0,0.0,0.0,0.0,0.0,0.0,0.0,0.0,0.0,0.0,0.0,0.0,0.0,0.0,0.0,0.0,0.0,0.0,0.0,0.0,0.0,0.0,0.0,0.0,0.0,0.0,0.0,0.0,0.0,0.0,0.0,0.0,0.0,0.0,0.0,0.0,0.0,0.0,0.0,0.0,0.0,0.0,0.0,0.0,0.0,0.0,0.0,0.0,0.0,0.0,0.0,0.0,0.0,0.0,0.0,0.0,0.0,0.0,0.0,0.0,0.0,0.0,0.0,0.0,0.0,0.0,0.0,0.0,0.0,0.0,0.0,0.0,0.0,0.0,0.0,0.0,0.0,0.0,0.0,0.0,0.0,0.0,0.0,0.0,0.0,0.0,0.0,0.0,0.0,0.0,0.0,0.0,0.0,0.0,0.0,0.0,0.0,0.0,0.0,0.0,0.0,0.0,0.0,0.0,0.0,0.0,0.0,0.0,0.0,0.0,0.0,0.0,0.0,0.0,0.0,0.0,0.0,0.0,0.0,0.0,0.0,0.0,0.0,0.0,0.0,0.0,0.0,0.0,0.0,0.0,0.0,0.0,0.0,0.0,0.0,0.0,0.0,0.0,0.0,0.0,0.0,0.0,0.0,0.0,0.0,0.0,0.0,0.0,0.0,0.0,0.0,0.0,0.0,0.0,0.0,0.0,0.0,0.0,0.0,0.0,0.0,0.0,0.0,0.0,0.0,0.0,0.0,0.0,0.0,0.0,0.0,0.0,0.0,0.0,0.0,0.0,0.0,0.0,0.0,0.0,0.0,0.0,0.0,0.0,0.0,0.0,0.0,0.0,0.0,0.0,0.0,0.0,0.0,0.0,0.0,0.0,0.0,0.0,0.0,0.0,0.0,0.0,0.0,0.0,0.0,0.0,0.0,0.0,0.0,0.0,0.0,0.0,0.0,0.0,0.0,0.0,0.0,0.0,0.0,0.0,0.0,0.0,0.0,0.0,0.0,0.0,0.0,0.0,0.0,0.0,0.0,0.0,0.0,0.0,0.0,0.0,0.0,0.0,0.0,0.0,0.0,0.0,0.0,0.0,0.0,0.0,0.0,0.0,0.0,0.0,0.0,0.0,0.0,0.0,0.0,0.0,0.0,0.0,0.0,0.0,0.0,0.0,0.0,0.0,0.0,0.0,0.0,0.0,0.0,0.0,0.0,0.0,0.0,0.0,0.0,0.0,0.0,0.0,0.0,0.0,0.0,0.0,0.0,0.0,0.0,0.0,0.0,0.0,0.0,0.0,0.0,0.0,0.0,0.0,0.0,0.0,0.0,0.0,0.0,0.0,0.0,0.0,0.0,0.0,0.0,0.0,0.0,0.0,0.0,0.0,0.0,0.0,0.0,0.0,0.0,0.0,0.0,0.0,0.0,0.0,0.0,0.0,0.0,0.0,0.0,0.0,0.0,0.0,0.0,0.0,0.0,0.0,0.0,0.0,0.0,0.0,0.0,0.0,0.0,0.0,0.0,0.0,0.0,0.0,0.0,0.0,0.0,0.0,0.0,0.0,0.0,0.0,0.0,0.0,0.0,0.0,0.0,0.0,0.0,0.0,0.0,0.0,0.0,0.0,0.0,0.0,0.0,0.0,0.0,0.0,0.0,0.0,0.0,0.0,0.0,0.0,0.0,0.0,0.0,0.0,0.0,0.0,0.0,0.0,0.0,0.0,0.0,0.0,0.0,0.0,0.0,0.0,0.0,0.0,0.0,0.0,0.0,0.0,0.0,0.0,0.0,0.0,0.0,0.0,0.0,0.0,0.0,0.0,0.0,0.0,0.0,0.0,0.0,0.0,0.0,0.0,0.0,0.0,0.0,0.0,0.0,0.0,0.0,0.0,0.0,0.0,0.0,0.0,0.0,0.0,0.0,0.0,0.0,0.0,0.0,0.0,0.0,0.0,0.0,0.0,0.0,0.0,0.0,0.0,0.0,0.0,0.0,0.0,0.0,0.0,0.0,0.0,0.0,0.0,0.0,0.0,0.0,0.0,0.0,0.0,0.0,0.0,0.0,0.0,0.0,0.0,0.0,0.0,0.0,0.0,0.0,0.0,0.0,0.0,0.0,0.0,0.0,0.0,0.0,0.0,0.0,0.0,0.0,0.0,0.0,0.0,0.0,0.0,0.0,0.0,0.0,0.0,0.0,0.0,0.0,0.0,0.0,0.0,0.0,0.0,0.0,0.0,0.0,0.0,0.0,0.0,0.0,0.0,0.0,0.0,0.0,0.0,0.0,0.0,0.0,0.0,0.0,0.0,0.0,0.0,0.0,0.0,0.0,0.0,0.0,0.0,0.0,0.0,0.0,0.0,0.0,0.0,0.0,0.0,0.0,0.0,0.0,0.0,0.0,0.0,0.0,0.0,0.0,0.0,0.0,0.0,0.0,0.0,0.0,0.0,0.0,0.0,0.0,0.0,0.0,0.0,0.0,0.0,0.0,0.0,0.0,0.0,0.0,0.0,0.0,0.0,0.0,0.0,0.0,0.0,0.0,0.0,0.0,0.0,0.0,0.0,0.0,0.0,0.0,0.0,0.0,0.0,0.0,0.0,0.0,0.0,0.0,0.0,0.0,0.0,0.0,0.0,0.0,0.0,0.0,0.0,0.0,0.0,0.0,0.0,0.0,0.0,0.0,0.0,0.0,0.0,0.0,0.0,0.0,0.0,0.0,0.0,0.0,0.0,0.0,0.0,0.0,0.0,0.0,0.0,0.0,0.0,0.0,0.0,0.0,0.0,0.0,0.0,0.0,0.0,0.0,0.0,0.0,0.0,0.0,0.0,0.0,0.0,0.0,0.0,0.0,0.0,0.0,0.0,0.0,0.0,0.0,0.0,0.0,0.0,0.0,0.0,0.0,0.0,0.0,0.0,0.0,0.0,0.0,0.0,0.0,0.0,0.0,0.0,0.0,0.0,0.0,0.0,0.0,0.0,0.0,0.0,0.0,0.0,0.0,0.0,0.0,0.0,0.0,0.0,0.0,0.0,0.0,0.0,0.0,0.0,0.0,0.0,0.0,0.0,0.0,0.0,0.0,0.0,0.0,0.0,0.0,0.0,0.0,0.0,0.0,0.0,0.0,0.0,0.0,0.0,0.0,0.0,0.0,0.0,0.0,0.0,0.0,0.0,0.0,0.0,0.0,0.0,0.0,0.0,0.0,0.0,0.0,0.0,0.0,0.0,0.0,0.0,0.0,0.0,0.0,0.0,0.0,0.0,0.0,0.0,0.0,0.0,0.0,0.0,0.0,0.0,0.0,0.0,0.0,0.0,0.0,0.0,0.0,0.0,0.0,0.0,0.0,0.0,0.0,0.0,0.0,0.0,0.0,0.0,0.0,0.0,0.0,0.0,0.0,0.0,0.0,0.0,0.0,0.0,0.0,0.0,0.0,0.0,0.0,0.0,0.0,0.0,0.0,0.0,0.0,0.0,0.0,0.0,0.0,0.0,0.0,0.0,0.0,0.0,0.0,0.0,0.0,0.0,0.0,0.0,0.0,0.0,0.0,0.0,0.0,0.0,0.0,0.0,0.0,0.0,0.0,0.0,0.0,0.0,0.0,0.0,0.0,0.0,0.0,0.0,0.0,0.0,0.0,0.0,0.0,0.0,0.0,0.0,0.0,0.0,0.0,0.0,0.0,0.0,0.0,0.0,0.0,0.0,0.0,0.0,0.0,0.0,0.0,0.0,0.0,0.0,0.0,0.0,0.0,0.0,0.0,0.0,0.0,0.0,0.0,0.0,0.0,0.0,0.0,0.0,0.0,0.0,0.0,0.0,0.0,0.0,0.0,0.0,0.0,0.0,0.0,0.0,0.0,0.0,0.0,0.0,0.0,0.0,0.0,0.0,0.0,0.0,0.0,0.0,0.0,0.0,0.0,0.0,0.0,0.0,0.0,0.0,0.0,0.0,0.0,0.0,0.0,0.0,0.0,0.0,0.0,0.0,0.0,0.0,0.0,0.0,0.0,0.0,0.0,0.0,0.0,0.0,0.0,0.0,0.0,0.0,0.0,0.0,0.0,0.0,0.0,0.0,0.0,0.0,0.0,0.0,0.0,0.0,0.0,0.0,0.0,0.0,0.0,0.0,0.0,0.0,0.0,0.0,0.0,0.0,0.0,0.0,0.0,0.0,0.0,0.0,0.0,0.0,0.0,0.0,0.0,0.0,0.0,0.0,0.0,0.0,0.0,0.0,0.0,0.0,0.0,0.0,0.0,0.0,0.0,0.0,0.0,0.0,0.0,0.0,0.0,0.0,0.0,0.0,0.0,0.0,0.0,0.0,0.0,0.0,0.0,0.0,0.0,0.0,0.0,0.0,0.0,0.0,0.0,0.0,0.0,0.0,0.0,0.0,0.0,0.0,0.0,0.0,0.0,0.0,0.0,0.0,0.0,0.0,0.0,0.0,0.0,0.0,0.0,0.0,0.0,0.0,0.0,0.0,0.0,0.0,0.0,0.0,0.0,0.0,0.0,0.0,0.0,0.0,0.0,0.0,0.0,0.0,0.0,0.0,0.0,0.0,0.0,0.0,0.0,0.0,0.0,0.0,0.0,0.0,0.0,0.0,0.0,0.0,0.0,0.0,0.0,0.0,0.0,0.0,0.0,0.0,0.0,0.0,0.0,0.0,0.0,0.0,0.0,0.0,0.0,0.0,0.0,0.0,0.0,0.0,0.0,0.0,0.0,0.0,0.0,0.0,0.0,0.0,0.0,0.0,0.0,0.0,0.0,0.0,0.0,0.0,0.0,0.0,0.0,0.0,0.0,0.0,0.0,0.0,0.0,0.0,0.0,0.0,0.0,0.0,0.0,0.0,0.0,0.0,0.0,0.0,0.0,0.0,0.0,0.0,0.0,0.0,0.0,0.0,0.0,0.0,0.0,0.0,0.0,0.0,0.0,0.0,0.0,0.0,0.0,0.0,0.0,0.0,0.0,0.0,0.0,0.0,0.0,0.0,0.0,0.0,0.0,0.0,0.0,0.0,0.0,0.0,0.0,0.0,0.0,0.0,0.0,0.0,0.0,0.0,0.0,0.0,0.0,0.0,0.0,0.0,0.0,0.0,0.0,0.0,0.0,0.0,0.0,0.0,0.0,0.0,0.0,0.0,0.0,0.0,0.0,0.0,0.0,0.0,0.0,0.0,0.0,0.0,0.0,0.0,0.0,0.0,0.0,0.0,0.0,0.0,0.0,0.0,0.0,0.0,0.0,0.0,0.0,0.0,0.0,0.0,0.0,0.0,0.0,0.0,0.0,0.0,0.0,0.0,0.0,0.0,0.0,0.0,0.0,0.0,0.0,0.0,0.0,0.0,0.0,0.0,0.0,0.0,0.0,0.0,0.0,0.0,0.0,0.0,0.0,0.0,0.0,0.0,0.0,0.0,0.0,0.0,0.0,0.0,0.0,0.0,0.0,0.0,0.0,0.0,0.0,0.0,0.0,0.0,0.0,0.0,0.0,0.0,0.0,0.0,0.0,0.0,0.0,0.0,0.0,0.0,0.0,0.0,0.0,0.0,0.0,0.0,0.0,0.0,0.0,0.0,0.0,0.0,0.0,0.0,0.0,0.0,0.0,0.0,0.0,0.0,0.0,0.0,0.0,0.0,0.0,0.0,0.0,0.0,0.0,0.0,0.0,0.0,0.0,0.0,0.0,0.0,0.0,0.0,0.0,0.0,0.0,0.0,0.0,0.0,0.0,0.0,0.0,0.0,0.0,0.0,0.0,0.0,0.0,0.0,0.0,0.0,0.0,0.0,0.0,0.0,0.0,0.0,0.0,0.0,0.0,0.0,0.0,0.0,0.0,0.0,0.0,0.0,0.0,0.0,0.0,0.0,0.0,0.0,0.0,0.0,0.0,0.0,0.0,0.0,0.0,0.0,0.0,0.0,0.0,0.0,0.0,0.0,0.0,0.0,0.0,0.0,0.0,0.0,0.0,0.0,0.0,0.0,0.0,0.0,0.0,0.0,0.0,0.0,0.0,0.0,0.0,0.0,0.0,0.0,0.0,0.0,0.0,0.0,0.0,0.0,0.0,0.0,0.0,0.0,0.0,0.0,0.0,0.0,0.0,0.0,0.0,0.0,0.0,0.0,0.0,0.0,0.0,0.0,0.0,0.0,0.0,0.0,0.0,0.0,0.0,0.0,0.0,0.0,0.0,0.0,0.0,0.0,0.0,0.0,0.0,0.0,0.0,0.0,0.0,0.0,0.0,0.0,0.0,0.0,0.0,0.0,0.0,0.0,0.0,0.0,0.0,0.0,0.0,0.0,0.0,0.0,0.0,0.0,0.0,0.0,0.0,0.0,0.0,0.0,0.0,0.0,0.0,0.0,0.0,0.0,0.0,0.0,0.0,0.0,0.0,0.0,0.0,0.0,0.0,0.0,0.0,0.0,0.0,0.0,0.0,0.0,0.0,0.0,0.0,0.0,0.0,0.0,0.0,0.0,0.0,0.0,0.0,0.0,0.0,0.0,0.0,0.0,0.0,0.0,0.0,0.0,0.0,0.0,0.0,0.0,0.0,0.0,0.0,0.0,0.0,0.0,0.0,0.0,0.0,0.0,0.0,0.0,0.0,0.0,0.0,0.0,0.0,0.0,0.0,0.0,0.0,0.0,0.0,0.0,0.0,0.0,0.0,0.0,0.0,0.0,0.0,0.0,0.0,0.0,0.0,0.0,0.0,0.0,0.0,0.0,0.0,0.0,0.0,0.0,0.0,0.0,0.0,0.0,0.0,0.0,0.0,0.0,0.0,0.0,0.0,0.0,0.0,0.0,0.0,0.0,0.0,0.0,0.0,0.0,0.0,0.0,0.0,0.0,0.0,0.0,0.0,0.0,0.0,0.0,0.0,0.0,0.0,0.0,0.0,0.0,0.0,0.0,0.0,0.0,0.0,0.0,0.0,0.0,0.0,0.0,0.0,0.0,0.0,0.0,0.0,0.0,0.0,0.0,0.0,0.0,0.0,0.0,0.0,0.0,0.0,0.0,0.0,0.0,0.0,0.0,0.0,0.0,0.0,0.0,0.0,0.0,0.0,0.0,0.0,0.0,0.0,0.0,0.0,0.0,0.0,0.0,0.0,0.0,0.0,0.0,0.0,0.0,0.0,0.0,0.0,0.0,0.0,0.0,0.0,0.0,0.0,0.0,0.0,0.0,0.0,0.0,0.0,0.0,0.0,0.0,0.0,0.0,0.0,0.0,0.0,0.0,0.0,0.0,0.0,0.0,0.0,0.0,0.0,0.0,0.0,0.0,0.0,0.0,0.0,0.0,0.0,0.0,0.0,0.0,0.0,0.0,0.0,0.0,0.0,0.0,0.0,0.0,0.0,0.0,0.0,0.0,0.0,0.0,0.0,0.0,0.0,0.0,0.0,0.0,0.0,0.0,0.0,0.0,0.0,0.0,0.0,0.0,0.0,0.0,0.0,0.0,0.0,0.0,0.0,0.0,0.0,0.0,0.0,0.0,0.0,0.0,0.0,0.0,0.0,0.0,0.0,0.0,0.0,0.0,0.0,0.0,0.0,0.0,0.0,0.0,0.0,0.0,0.0,0.0,0.0,0.0,0.0,0.0,0.0,0.0,0.0,0.0,0.0,0.0,0.0,0.0,0.0,0.0,0.0,0.0,0.0,0.0,0.0,0.0,0.0,0.0,0.0,0.0,0.0,0.0,0.0,0.0,0.0,0.0,0.0,0.0,0.0,0.0,0.0,0.0,0.0,0.0,0.0,0.0,0.0,0.0,0.0,0.0,0.0,0.0,0.0,0.0,0.0,0.0,0.0,0.0,0.0,0.0,0.0,0.0,0.0,0.0,0.0,0.0,0.0,0.0,0.0,0.0,0.0,0.0,0.0,0.0,0.0,0.0,0.0,0.0,0.0,0.0,0.0,0.0,0.0,0.0,0.0,0.0,0.0,0.0,0.0,0.0,0.0,0.0,0.0,0.0,0.0,0.0,0.0,0.0,0.0,0.0,0.0,0.0,0.0,0.0,0.0,0.0,0.0,0.0,0.0,0.0,0.0,0.0,0.0,0.0,0.0,0.0,0.0,0.0,0.0,0.0,0.0,0.0,0.0,0.0,0.0,0.0,0.0,0.0,0.0,0.0,0.0,0.0,0.0,0.0,0.0,0.0,0.0,0.0,0.0,0.0,0.0,0.0,0.0,0.0,0.0,0.0,0.0,0.0,0.0,0.0,0.0,0.0,0.0,0.0,0.0,0.0,0.0,0.0,0.0,0.0,0.0,0.0,0.0,0.0,0.0,0.0,0.0,0.0,0.0,0.0,0.0,0.0,0.0
Tax82,0.0,-2.1579413,-1.6744018,-1.1250813,-0.533287,0.08810794,0.73398685,1.3979403,2.0820696,2.790604,3.5201023,4.2739286,5.052479,5.78486,6.62457,7.4884095,8.382366,9.2007675,10.027711,10.847918,11.873343,12.730111,13.395219,14.361427,15.622434,16.820381,18.40721,19.5392,20.614574,21.964611,22.837233,24.146925,25.71391,27.154097,28.450586,29.432291,31.207575,32.221058,33.188663,34.216625,35.542965,37.13351,38.94489,41.613426,42.947544,45.486626,48.6028,51.372307,53.67423,55.99365,57.732582,58.067646,61.486713,63.515648,66.22545,67.75143,69.65262,71.702065,72.14107,72.204735,71.25972,72.01208,72.94467,73.86248,77.28224,81.21928,52.36724,56.080772,95.19422,99.69039,104.24477,108.87228,112.116,72.716995,122.50842,79.789276,83.16217,87.77493,92.23303,96.729004,101.84496,107.64676,111.42907,117.0349,124.401306,132.0447,214.96957,224.82425,236.73247,246.60254,259.13245,271.5286,282.87848,295.7196,300.77612,302.35522,308.2466,317.0731,325.46457,331.7872,338.90207,345.40262,352.59503,364.76804,372.42087,379.596,387.75568,395.612,405.81094,414.81305,423.11392,431.20898,439.7534,440.96115,438.8825,271.84686,276.48398,282.0565,284.34875,286.8584,286.3477,283.81702,279.9493,278.80817,275.8993,272.51758,268.03427,255.9574,245.50313,236.58647,227.61226,218.92213,211.59209,202.43492,190.96118,178.81618,166.48473,153.25613,138.61221,123.90497,107.24591,90.182304,76.11907,64.00306,53.786247,46.57772,38.98636,28.815561,18.94609,9.563792,3.1458495,2.4769146,12.43877,24.488298,33.856,43.005943,51.825706,58.476616,62.59481,63.11067,63.684128,63.145283,59.14456,54.466335,51.968502,49.03341,48.86913,51.92928,50.78616,51.169693,53.24439,55.830902,56.5613,53.72991,62.520077,67.35882,63.343597,60.947487,62.34988,68.77804,71.6016,68.00338,51.93442,33.89695,21.205067,11.777084,2.476361,-5.4338512,-10.4113035,-16.15452,-21.01222,-25.284578,-27.61076,-28.71305,-30.426033,-31.31636,-32.522594,-33.2482,-32.964626,-32.561424,-32.49056,-31.96939,-31.324886,-30.37924,-30.080572,-29.884897,-28.945065,-27.507196,-26.33284,-24.867125,-23.594067,-22.125036,-20.413416,-18.741537,-17.242743,-16.19537,-15.343912,-14.370691,-13.49582,-12.47568,-11.4399,-10.424942,-9.425413,-8.706743,-8.082513,-7.3969874,-6.819334,-6.1815104,-5.610415,-4.9744196,-4.5399513,-4.0657964,-3.6236918,-3.2870355,-2.9726233,-2.735927,-2.4937136,-2.2994792,-2.0191529,-1.8474513,-1.6613168,-1.4665793,-1.3440452,-1.2642393,-1.1679897,-1.0197979,-0.9057982,-0.81373906,-0.6969678,-0.61770135,-0.55178064,-0.49738795,-0.45042568,-0.43489596,-0.3912991,-0.34928545,-0.3267459,-0.3040929,-0.2844991,-0.26684895,-0.24587333,-0.22149083,-0.19218975,-0.18844724,-0.1728314,-0.15497856,-0.14311543,-0.1344735,-0.12713552,-0.10683509,-0.089620024,-0.0878098,-0.08619947,-0.0796669,-0.07818584,-0.07002625,-0.048675902,-0.03639448,-0.035638716,-0.03494153,-0.03426541,-0.028223203,-0.022347318,-0.014608331,-0.014297716,-0.013966944,-0.013635714,-0.00891087,-0.004117579,-0.004019851,-0.003936794,-0.003862701,-0.0037978638,-0.0037294973,-0.0036315285,-0.0034961845,-0.0033239226,-0.0030991286,-0.0028262376,-0.002530327,0.0,0.0,0.0,0.0,0.0,0.0,0.0,0.0,0.0,0.0,0.0,0.0,0.0,0.0,0.0,0.0,0.0,0.0,0.0,0.0,0.0,0.0,0.0,0.0,0.0,0.0,0.0,0.0,0.0,0.0,0.0,0.0,0.0,0.0,0.0,0.0,0.0,0.0,0.0,0.0,0.0,0.0,0.0,0.0,0.0,0.0,0.0,0.0,0.0,0.0,0.0,0.0,0.0,0.0,0.0,0.0,0.0,0.0,0.0,0.0,0.0,0.0,0.0,0.0,0.0,0.0,0.0,0.0,0.0,0.0,0.0,0.0,0.0,0.0,0.0,0.0,0.0,0.0,0.0,0.0,0.0,0.0,0.0,0.0,0.0,0.0,0.0,0.0,0.0,0.0,0.0,0.0,0.0,0.0,0.0,0.0,0.0,0.0,0.0,0.0,0.0,0.0,0.0,0.0,0.0,0.0,0.0,0.0,0.0,0.0,0.0,0.0,0.0,0.0,0.0,0.0,0.0,0.0,0.0,0.0,0.0,0.0,0.0,0.0,0.0,0.0,0.0,0.0,0.0,0.0,0.0,0.0,0.0,0.0,0.0,0.0,0.0,0.0,0.0,0.0,0.0,0.0,0.0,0.0,0.0,0.0,0.0,0.0,0.0,0.0,0.0,0.0,0.0,0.0,0.0,0.0,0.0,0.0,0.0,0.0,0.0,0.0,0.0,0.0,0.0,0.0,0.0,0.0,0.0,0.0,0.0,0.0,0.0,0.0,0.0,0.0,0.0,0.0,0.0,0.0,0.0,0.0,0.0,0.0,0.0,0.0,0.0,0.0,0.0,0.0,0.0,0.0,0.0,0.0,0.0,0.0,0.0,0.0,0.0,0.0,0.0,0.0,0.0,0.0,0.0,0.0,0.0,0.0,0.0,0.0,0.0,0.0,0.0,0.0,0.0,0.0,0.0,0.0,0.0,0.0,0.0,0.0,0.0,0.0,0.0,0.0,0.0,0.0,0.0,0.0,0.0,0.0,0.0,0.0,0.0,0.0,0.0,0.0,0.0,0.0,0.0,0.0,0.0,0.0,0.0,0.0,0.0,0.0,0.0,0.0,0.0,0.0,0.0,0.0,0.0,0.0,0.0,0.0,0.0,0.0,0.0,0.0,0.0,0.0,0.0,0.0,0.0,0.0,0.0,0.0,0.0,0.0,0.0,0.0,0.0,0.0,0.0,0.0,0.0,0.0,0.0,0.0,0.0,0.0,0.0,0.0,0.0,0.0,0.0,0.0,0.0,0.0,0.0,0.0,0.0,0.0,0.0,0.0,0.0,0.0,0.0,0.0,0.0,0.0,0.0,0.0,0.0,0.0,0.0,0.0,0.0,0.0,0.0,0.0,0.0,0.0,0.0,0.0,0.0,0.0,0.0,0.0,0.0,0.0,0.0,0.0,0.0,0.0,0.0,0.0,0.0,0.0,0.0,0.0,0.0,0.0,0.0,0.0,0.0,0.0,0.0,0.0,0.0,0.0,0.0,0.0,0.0,0.0,0.0,0.0,0.0,0.0,0.0,0.0,0.0,0.0,0.0,0.0,0.0,0.0,0.0,0.0,0.0,0.0,0.0,0.0,0.0,0.0,0.0,0.0,0.0,0.0,0.0,0.0,0.0,0.0,0.0,0.0,0.0,0.0,0.0,0.0,0.0,0.0,0.0,0.0,0.0,0.0,0.0,0.0,0.0,0.0,0.0,0.0,0.0,0.0,0.0,0.0,0.0,0.0,0.0,0.0,0.0,0.0,0.0,0.0,0.0,0.0,0.0,0.0,0.0,0.0,0.0,0.0,0.0,0.0,0.0,0.0,0.0,0.0,0.0,0.0,0.0,0.0,0.0,0.0,0.0,0.0,0.0,0.0,0.0,0.0,0.0,0.0,0.0,0.0,0.0,0.0,0.0,0.0,0.0,0.0,0.0,0.0,0.0,0.0,0.0,0.0,0.0,0.0,0.0,0.0,0.0,0.0,0.0,0.0,0.0,0.0,0.0,0.0,0.0,0.0,0.0,0.0,0.0,0.0,0.0,0.0,0.0,0.0,0.0,0.0,0.0,0.0,0.0,0.0,0.0,0.0,0.0,0.0,0.0,0.0,0.0,0.0,0.0,0.0,0.0,0.0,0.0,0.0,0.0,0.0,0.0,0.0,0.0,0.0,0.0,0.0,0.0,0.0,0.0,0.0,0.0,0.0,0.0,0.0,0.0,0.0,0.0,0.0,0.0,0.0,0.0,0.0,0.0,0.0,0.0,0.0,0.0,0.0,0.0,0.0,0.0,0.0,0.0,0.0,0.0,0.0,0.0,0.0,0.0,0.0,0.0,0.0,0.0,0.0,0.0,0.0,0.0,0.0,0.0,0.0,0.0,0.0,0.0,0.0,0.0,0.0,0.0,0.0,0.0,0.0,0.0,0.0,0.0,0.0,0.0,0.0,0.0,0.0,0.0,0.0,0.0,0.0,0.0,0.0,0.0,0.0,0.0,0.0,0.0,0.0,0.0,0.0,0.0,0.0,0.0,0.0,0.0,0.0,0.0,0.0,0.0,0.0,0.0,0.0,0.0,0.0,0.0,0.0,0.0,0.0,0.0,0.0,0.0,0.0,0.0,0.0,0.0,0.0,0.0,0.0,0.0,0.0,0.0,0.0,0.0,0.0,0.0,0.0,0.0,0.0,0.0,0.0,0.0,0.0,0.0,0.0,0.0,0.0,0.0,0.0,0.0,0.0,0.0,0.0,0.0,0.0,0.0,0.0,0.0,0.0,0.0,0.0,0.0,0.0,0.0,0.0,0.0,0.0,0.0,0.0,0.0,0.0,0.0,0.0,0.0,0.0,0.0,0.0,0.0,0.0,0.0,0.0,0.0,0.0,0.0,0.0,0.0,0.0,0.0,0.0,0.0,0.0,0.0,0.0,0.0,0.0,0.0,0.0,0.0,0.0,0.0,0.0,0.0,0.0,0.0,0.0,0.0,0.0,0.0,0.0,0.0,0.0,0.0,0.0,0.0,0.0,0.0,0.0,0.0,0.0,0.0,0.0,0.0,0.0,0.0,0.0,0.0,0.0,0.0,0.0,0.0,0.0,0.0,0.0,0.0,0.0,0.0,0.0,0.0,0.0,0.0,0.0,0.0,0.0,0.0,0.0,0.0,0.0,0.0,0.0,0.0,0.0,0.0,0.0,0.0,0.0,0.0,0.0,0.0,0.0,0.0,0.0,0.0,0.0,0.0,0.0,0.0,0.0,0.0,0.0,0.0,0.0,0.0,0.0,0.0,0.0,0.0,0.0,0.0,0.0,0.0,0.0,0.0,0.0,0.0,0.0,0.0,0.0,0.0,0.0,0.0,0.0,0.0,0.0,0.0,0.0,0.0,0.0,0.0,0.0,0.0,0.0,0.0,0.0,0.0,0.0,0.0,0.0,0.0,0.0,0.0,0.0,0.0,0.0,0.0,0.0,0.0,0.0,0.0,0.0,0.0,0.0,0.0,0.0,0.0,0.0,0.0,0.0,0.0,0.0,0.0,0.0,0.0,0.0,0.0,0.0,0.0,0.0,0.0,0.0,0.0,0.0,0.0,0.0,0.0,0.0,0.0,0.0,0.0,0.0,0.0,0.0,0.0,0.0,0.0,0.0,0.0,0.0,0.0,0.0,0.0,0.0,0.0,0.0,0.0,0.0,0.0,0.0,0.0,0.0,0.0,0.0,0.0,0.0,0.0,0.0,0.0,0.0,0.0,0.0,0.0,0.0,0.0,0.0,0.0,0.0,0.0,0.0,0.0,0.0,0.0,0.0,0.0,0.0,0.0,0.0,0.0,0.0,0.0,0.0,0.0,0.0,0.0,0.0,0.0,0.0,0.0,0.0,0.0,0.0,0.0,0.0,0.0,0.0,0.0,0.0,0.0,0.0,0.0,0.0,0.0,0.0,0.0,0.0,0.0,0.0,0.0,0.0,0.0,0.0,0.0,0.0,0.0,0.0,0.0,0.0,0.0,0.0,0.0,0.0,0.0,0.0,0.0,0.0,0.0,0.0,0.0,0.0,0.0,0.0,0.0,0.0,0.0,0.0,0.0,0.0,0.0,0.0,0.0,0.0,0.0,0.0,0.0,0.0,0.0,0.0,0.0,0.0,0.0,0.0,0.0,0.0,0.0,0.0,0.0,0.0,0.0,0.0,0.0,0.0,0.0,0.0,0.0,0.0,0.0,0.0,0.0,0.0,0.0,0.0,0.0,0.0,0.0,0.0,0.0,0.0,0.0,0.0,0.0,0.0,0.0,0.0,0.0,0.0,0.0,0.0,0.0,0.0,0.0,0.0,0.0,0.0,0.0,0.0,0.0,0.0,0.0,0.0,0.0,0.0,0.0,0.0,0.0,0.0,0.0,0.0,0.0,0.0,0.0,0.0,0.0,0.0,0.0,0.0,0.0,0.0,0.0,0.0,0.0,0.0,0.0,0.0,0.0,0.0,0.0,0.0,0.0,0.0,0.0,0.0,0.0,0.0,0.0,0.0,0.0,0.0,0.0,0.0,0.0,0.0,0.0,0.0,0.0,0.0,0.0,0.0,0.0,0.0,0.0,0.0,0.0,0.0,0.0,0.0,0.0,0.0,0.0,0.0,0.0,0.0,0.0,0.0,0.0,0.0,0.0,0.0,0.0,0.0,0.0,0.0,0.0,0.0,0.0,0.0,0.0,0.0,0.0,0.0,0.0,0.0,0.0,0.0,0.0,0.0,0.0,0.0,0.0,0.0,0.0,0.0,0.0,0.0,0.0,0.0,0.0,0.0,0.0,0.0,0.0,0.0,0.0,0.0,0.0,0.0,0.0,0.0,0.0,0.0,0.0,0.0,0.0,0.0,0.0,0.0,0.0,0.0,0.0,0.0,0.0,0.0,0.0,0.0,0.0,0.0,0.0,0.0,0.0,0.0,0.0,0.0,0.0,0.0,0.0,0.0,0.0,0.0,0.0,0.0,0.0,0.0,0.0,0.0,0.0,0.0,0.0,0.0,0.0,0.0,0.0,0.0,0.0,0.0,0.0,0.0,0.0,0.0,0.0,0.0,0.0,0.0,0.0,0.0,0.0,0.0,0.0,0.0,0.0,0.0,0.0,0.0,0.0,0.0,0.0,0.0,0.0,0.0,0.0,0.0,0.0,0.0,0.0,0.0,0.0,0.0,0.0,0.0,0.0,0.0,0.0,0.0,0.0,0.0,0.0,0.0,0.0,0.0,0.0,0.0,0.0,0.0,0.0,0.0,0.0,0.0,0.0,0.0,0.0,0.0,0.0,0.0,0.0,0.0,0.0,0.0,0.0,0.0,0.0,0.0,0.0,0.0,0.0,0.0,0.0,0.0,0.0,0.0,0.0,0.0,0.0,0.0,0.0,0.0,0.0,0.0,0.0,0.0,0.0,0.0,0.0,0.0,0.0,0.0,0.0,0.0,0.0,0.0,0.0,0.0,0.0,0.0,0.0,0.0,0.0,0.0,0.0,0.0,0.0,0.0,0.0,0.0,0.0,0.0,0.0,0.0,0.0,0.0,0.0,0.0,0.0,0.0,0.0,0.0,0.0,0.0,0.0,0.0,0.0,0.0,0.0,0.0,0.0,0.0,0.0,0.0,0.0,0.0,0.0,0.0,0.0,0.0,0.0,0.0,0.0,0.0,0.0,0.0,0.0,0.0,0.0,0.0,0.0,0.0,0.0,0.0,0.0,0.0,0.0,0.0,0.0,0.0,0.0,0.0,0.0,0.0,0.0,0.0,0.0,0.0,0.0,0.0,0.0,0.0,0.0,0.0,0.0,0.0,0.0,0.0,0.0,0.0,0.0,0.0,0.0,0.0,0.0,0.0,0.0,0.0,0.0,0.0,0.0,0.0,0.0,0.0,0.0,0.0,0.0,0.0,0.0,0.0,0.0,0.0,0.0,0.0,0.0,0.0,0.0,0.0,0.0,0.0,0.0,0.0,0.0,0.0,0.0,0.0,0.0,0.0,0.0,0.0,0.0,0.0,0.0,0.0,0.0,0.0,0.0,0.0,0.0,0.0,0.0,0.0,0.0,0.0,0.0,0.0,0.0,0.0,0.0,0.0,0.0,0.0,0.0,0.0,0.0,0.0,0.0,0.0,0.0,0.0,0.0,0.0,0.0,0.0,0.0,0.0,0.0,0.0,0.0,0.0,0.0,0.0,0.0,0.0,0.0,0.0,0.0,0.0,0.0,0.0,0.0,0.0,0.0,0.0,0.0,0.0,0.0,0.0,0.0,0.0,0.0,0.0,0.0,0.0,0.0,0.0,0.0,0.0,0.0,0.0,0.0,0.0,0.0,0.0,0.0,0.0,0.0,0.0,0.0,0.0,0.0,0.0,0.0,0.0,0.0,0.0,0.0,0.0,0.0,0.0,0.0,0.0,0.0,0.0,0.0,0.0,0.0,0.0,0.0,0.0,0.0,0.0,0.0,0.0,0.0,0.0,0.0,0.0,0.0,0.0,0.0,0.0,0.0,0.0,0.0,0.0,0.0,0.0,0.0,0.0,0.0,0.0,0.0,0.0,0.0,0.0,0.0,0.0,0.0,0.0,0.0,0.0,0.0,0.0,0.0,0.0,0.0,0.0,0.0,0.0,0.0,0.0,0.0,0.0,0.0,0.0,0.0,0.0,0.0,0.0,0.0,0.0,0.0,0.0,0.0,0.0,0.0,0.0,0.0,0.0,0.0,0.0,0.0,0.0,0.0,0.0,0.0,0.0,0.0,0.0,0.0,0.0,0.0,0.0,0.0,0.0,0.0,0.0,0.0,0.0,0.0,0.0,0.0,0.0,0.0,0.0,0.0,0.0,0.0,0.0,0.0,0.0,0.0,0.0,0.0,0.0,0.0,0.0,0.0,0.0,0.0,0.0,0.0,0.0,0.0,0.0,0.0,0.0,0.0,0.0,0.0,0.0,0.0,0.0,0.0,0.0,0.0,0.0,0.0,0.0,0.0,0.0,0.0,0.0,0.0,0.0,0.0,0.0,0.0,0.0,0.0,0.0,0.0,0.0,0.0,0.0,0.0,0.0,0.0,0.0,0.0,0.0,0.0,0.0,0.0,0.0,0.0,0.0,0.0,0.0,0.0,0.0,0.0,0.0,0.0,0.0,0.0,0.0,0.0,0.0,0.0,0.0,0.0,0.0,0.0,0.0,0.0,0.0,0.0,0.0,0.0,0.0,0.0,0.0,0.0,0.0,0.0,0.0,0.0,0.0,0.0,0.0,0.0,0.0,0.0,0.0,0.0,0.0,0.0,0.0,0.0,0.0,0.0,0.0,0.0,0.0,0.0,0.0,0.0,0.0,0.0,0.0,0.0,0.0,0.0,0.0,0.0,0.0,0.0,0.0,0.0,0.0,0.0,0.0,0.0,0.0,0.0,0.0,0.0,0.0,0.0,0.0,0.0,0.0,0.0,0.0,0.0,0.0,0.0,0.0,0.0,0.0,0.0,0.0,0.0,0.0,0.0,0.0,0.0,0.0,0.0,0.0,0.0,0.0,0.0,0.0,0.0,0.0,0.0,0.0,0.0,0.0,0.0,0.0,0.0,0.0,0.0,0.0,0.0,0.0,0.0,0.0,0.0,0.0,0.0,0.0,0.0,0.0,0.0,0.0,0.0,0.0,0.0,0.0,0.0,0.0,0.0,0.0,0.0,0.0,0.0,0.0,0.0,0.0,0.0,0.0,0.0,0.0,0.0,0.0,0.0,0.0,0.0,0.0,0.0,0.0,0.0,0.0,0.0,0.0,0.0,0.0,0.0,0.0,0.0,0.0,0.0,0.0,0.0,0.0,0.0,0.0,0.0,0.0,0.0,0.0,0.0,0.0,0.0,0.0,0.0,0.0,0.0,0.0,0.0,0.0,0.0,0.0,0.0,0.0,0.0,0.0,0.0,0.0,0.0,0.0,0.0,0.0,0.0,0.0,0.0,0.0,0.0,0.0,0.0,0.0,0.0,0.0,0.0,0.0,0.0,0.0,0.0,0.0,0.0,0.0,0.0,0.0,0.0,0.0,0.0,0.0,0.0,0.0,0.0,0.0,0.0,0.0,0.0,0.0,0.0,0.0,0.0,0.0,0.0,0.0,0.0,0.0,0.0,0.0,0.0,0.0,0.0,0.0,0.0,0.0,0.0,0.0,0.0,0.0,0.0,0.0,0.0,0.0,0.0,0.0,0.0,0.0,0.0,0.0,0.0,0.0,0.0,0.0,0.0,0.0,0.0,0.0,0.0,0.0,0.0,0.0,0.0,0.0,0.0,0.0,0.0,0.0,0.0,0.0,0.0,0.0,0.0,0.0,0.0,0.0,0.0,0.0,0.0,0.0,0.0,0.0,0.0,0.0,0.0,0.0,0.0,0.0,0.0,0.0,0.0,0.0,0.0,0.0,0.0,0.0,0.0,0.0,0.0,0.0,0.0,0.0,0.0,0.0,0.0,0.0,0.0,0.0,0.0,0.0,0.0,0.0,0.0,0.0,0.0,0.0,0.0,0.0,0.0,0.0,0.0,0.0,0.0,0.0,0.0,0.0,0.0,0.0,0.0,0.0,0.0,0.0,0.0,0.0,0.0,0.0,0.0,0.0,0.0,0.0,0.0,0.0,0.0,0.0,0.0,0.0,0.0,0.0,0.0,0.0,0.0,0.0,0.0,0.0,0.0,0.0,0.0,0.0,0.0,0.0,0.0,0.0,0.0,0.0,0.0,0.0,0.0,0.0,0.0,0.0,0.0,0.0,0.0,0.0,0.0,0.0,0.0,0.0,0.0,0.0,0.0,0.0,0.0,0.0,0.0,0.0,0.0,0.0,0.0,0.0,0.0,0.0,0.0,0.0,0.0,0.0,0.0,0.0,0.0,0.0,0.0,0.0,0.0,0.0,0.0,0.0,0.0,0.0,0.0,0.0,0.0,0.0,0.0,0.0,0.0,0.0,0.0,0.0,0.0,0.0,0.0,0.0,0.0,0.0,0.0,0.0,0.0,0.0,0.0,0.0,0.0,0.0,0.0,0.0,0.0,0.0,0.0,0.0,0.0,0.0,0.0,0.0,0.0,0.0,0.0,0.0,0.0,0.0,0.0,0.0,0.0,0.0,0.0,0.0,0.0,0.0,0.0,0.0,0.0,0.0,0.0,0.0,0.0,0.0,0.0,0.0,0.0,0.0,0.0,0.0,0.0,0.0,0.0,0.0,0.0,0.0,0.0,0.0,0.0,0.0,0.0,0.0,0.0,0.0,0.0,0.0,0.0,0.0,0.0,0.0,0.0,0.0,0.0,0.0,0.0,0.0,0.0,0.0,0.0,0.0,0.0,0.0,0.0,0.0,0.0,0.0,0.0,0.0,0.0,0.0,0.0,0.0,0.0,0.0,0.0,0.0,0.0,0.0,0.0,0.0,0.0,0.0,0.0,0.0,0.0,0.0,0.0,0.0,0.0,0.0,0.0,0.0,0.0,0.0,0.0,0.0,0.0,0.0,0.0,0.0,0.0,0.0,0.0,0.0,0.0,0.0,0.0,0.0,0.0,0.0,0.0,0.0,0.0,0.0,0.0,0.0,0.0,0.0,0.0,0.0,0.0,0.0,0.0,0.0,0.0,0.0,0.0,0.0,0.0,0.0,0.0,0.0,0.0,0.0,0.0,0.0,0.0,0.0,0.0,0.0,0.0,0.0,0.0,0.0,0.0,0.0,0.0,0.0,0.0,0.0,0.0,0.0,0.0,0.0,0.0,0.0,0.0,0.0,0.0,0.0,0.0,0.0,0.0,0.0,0.0,0.0,0.0,0.0,0.0,0.0,0.0,0.0,0.0,0.0,0.0,0.0,0.0,0.0,0.0,0.0,0.0,0.0,0.0,0.0,0.0,0.0,0.0,0.0,0.0,0.0,0.0,0.0,0.0,0.0,0.0,0.0,0.0,0.0,0.0,0.0,0.0,0.0,0.0,0.0,0.0,0.0,0.0,0.0,0.0,0.0,0.0,0.0,0.0,0.0,0.0,0.0,0.0,0.0,0.0,0.0,0.0,0.0,0.0,0.0,0.0,0.0,0.0,0.0,0.0,0.0,0.0,0.0,0.0,0.0,0.0,0.0,0.0,0.0,0.0,0.0,0.0,0.0,0.0,0.0,0.0,0.0,0.0,0.0,0.0,0.0,0.0,0.0,0.0,0.0,0.0,0.0,0.0,0.0,0.0,0.0,0.0,0.0,0.0,0.0,0.0,0.0,0.0,0.0,0.0,0.0,0.0,0.0,0.0,0.0,0.0,0.0,0.0,0.0,0.0,0.0,0.0,0.0,0.0,0.0,0.0,0.0,0.0,0.0,0.0,0.0,0.0,0.0,0.0,0.0,0.0,0.0,0.0,0.0,0.0,0.0,0.0,0.0,0.0,0.0,0.0,0.0,0.0,0.0,0.0,0.0,0.0,0.0,0.0,0.0,0.0,0.0,0.0,0.0,0.0,0.0,0.0,0.0,0.0,0.0,0.0,0.0,0.0,0.0,0.0,0.0,0.0,0.0,0.0,0.0,0.0,0.0,0.0,0.0,0.0,0.0,0.0,0.0,0.0,0.0,0.0,0.0,0.0,0.0,0.0,0.0,0.0,0.0,0.0,0.0,0.0,0.0,0.0,0.0,0.0,0.0,0.0,0.0,0.0,0.0,0.0,0.0,0.0,0.0,0.0,0.0,0.0,0.0,0.0,0.0,0.0,0.0,0.0,0.0,0.0,0.0,0.0,0.0,0.0,0.0,0.0,0.0,0.0,0.0,0.0,0.0,0.0,0.0,0.0,0.0,0.0,0.0,0.0,0.0,0.0,0.0,0.0,0.0,0.0,0.0,0.0,0.0,0.0,0.0,0.0,0.0,0.0,0.0,0.0,0.0,0.0,0.0,0.0,0.0,0.0,0.0,0.0,0.0,0.0,0.0,0.0,0.0,0.0,0.0,0.0,0.0,0.0,0.0,0.0,0.0,0.0,0.0,0.0,0.0,0.0,0.0,0.0,0.0,0.0,0.0,0.0,0.0,0.0,0.0,0.0,0.0,0.0,0.0,0.0,0.0,0.0,0.0,0.0,0.0,0.0,0.0,0.0,0.0,0.0,0.0,0.0,0.0,0.0,0.0,0.0,0.0,0.0,0.0,0.0,0.0,0.0,0.0,0.0,0.0,0.0,0.0,0.0,0.0,0.0,0.0,0.0,0.0,0.0,0.0,0.0,0.0,0.0,0.0,0.0,0.0,0.0,0.0,0.0,0.0,0.0,0.0,0.0,0.0,0.0,0.0,0.0,0.0,0.0,0.0,0.0,0.0,0.0,0.0,0.0,0.0,0.0,0.0,0.0,0.0,0.0,0.0,0.0,0.0,0.0,0.0,0.0,0.0,0.0,0.0,0.0,0.0,0.0,0.0,0.0,0.0,0.0,0.0,0.0,0.0,0.0,0.0,0.0,0.0,0.0,0.0,0.0,0.0,0.0,0.0,0.0,0.0,0.0,0.0,0.0,0.0,0.0,0.0,0.0,0.0,0.0,0.0,0.0,0.0,0.0,0.0,0.0,0.0,0.0,0.0,0.0
Tax83,0.0,-2.2904696,-1.6915418,-1.0694832,-0.43651152,0.20333824,0.8512974,1.5117085,2.1907346,2.8941836,3.6289296,4.4032135,5.21674,6.0784626,6.99435,7.9733176,8.939348,9.930979,10.85663,11.920949,12.920727,14.17993,15.566257,16.155886,17.58578,19.14396,20.794466,22.297058,23.78188,25.665049,27.164953,28.410585,29.439754,31.773855,34.58707,37.301846,39.86015,42.335125,43.65189,45.82138,48.600468,51.497765,53.961544,58.548363,61.806274,66.34115,70.67857,73.229126,76.477486,81.33878,84.12567,87.76201,92.07223,95.73767,99.83173,102.9952,105.75372,109.031136,110.26987,111.72782,109.659164,110.86063,110.31579,112.18106,116.502716,122.23506,55.169037,58.960587,143.76497,152.9338,161.03017,168.29878,173.7745,79.48272,189.41167,87.08073,91.10946,95.98339,99.90918,104.75904,109.385574,113.64839,116.896576,122.3798,129.25388,136.4391,303.40295,316.7805,334.58206,348.98532,366.01834,384.4859,401.86832,414.67084,419.17633,420.57803,425.59644,439.7747,447.4807,457.10452,463.14325,470.19165,479.01303,489.3929,499.74493,504.5069,513.1025,521.2896,528.9532,536.39435,543.2724,553.0493,558.3077,556.99866,552.6996,219.96556,223.44,226.57626,225.56,224.18723,221.55182,217.1035,210.88863,206.40166,200.76799,195.63487,188.0382,172.14075,158.35912,148.37097,136.71504,124.99981,116.034996,105.233925,92.20119,78.31424,65.53618,50.76171,36.146564,20.430653,4.680507,-10.938551,-23.872663,-34.316452,-42.890884,-48.208538,-54.08881,-62.462334,-70.17662,-77.005165,-81.067314,-79.7296,-67.769104,-54.172974,-43.0296,-31.93319,-21.738005,-13.924648,-8.497154,-6.4520316,-4.434839,-3.9170516,-7.0751934,-10.31304,-12.078919,-14.274967,-14.020673,-10.58784,-11.212776,-10.387897,-8.076532,-5.50644,-4.7860246,-6.969384,0.96242803,5.115304,1.6920922,-0.67528677,0.4981518,6.089937,8.621321,5.471465,-8.097558,-22.682722,-32.375786,-39.11588,-45.55576,-50.819935,-53.512894,-56.879242,-59.176342,-60.960808,-61.127346,-60.47767,-59.711533,-58.60423,-58.05072,-57.201244,-55.60116,-54.063553,-52.544724,-50.773,-48.559128,-46.712368,-45.109097,-43.280075,-41.273487,-39.347523,-37.351215,-35.253654,-33.246994,-31.285168,-29.070919,-26.976145,-25.255598,-23.544193,-22.043259,-20.494448,-19.187382,-17.826183,-16.704891,-15.559439,-14.5265875,-13.553346,-12.509858,-11.552083,-10.681062,-9.995901,-9.171871,-8.347549,-7.735724,-7.128019,-6.618947,-6.1515093,-5.76912,-5.4098635,-4.9005904,-4.558467,-4.156551,-3.8365297,-3.5422986,-3.2653155,-2.9653249,-2.681112,-2.4702978,-2.2236514,-2.0451317,-1.8857373,-1.80698,-1.6477259,-1.5279552,-1.4141414,-1.3233031,-1.2197834,-1.1018435,-1.0572908,-0.97342366,-0.88175213,-0.7981801,-0.7228401,-0.68504643,-0.6379225,-0.56382465,-0.53039515,-0.48784482,-0.45247084,-0.40277547,-0.36651292,-0.34334978,-0.3075348,-0.28285608,-0.24540883,-0.22302818,-0.2010875,-0.1845412,-0.17981304,-0.1501504,-0.13940302,-0.1273834,-0.121170506,-0.11320607,-0.10597919,-0.09190464,-0.08947441,-0.08200651,-0.07655002,-0.06639467,-0.06135667,-0.057581823,-0.05597913,-0.0487449,-0.045436844,-0.04176299,-0.036194563,-0.03237923,-0.029224016,-0.020895336,-0.015901692,-0.014984293,-0.012217053,-0.007950267,-0.0058036963,-0.0053580618,-0.004882439,-0.004397432,-0.0026833066,-0.0023197494,-0.0019556764,-0.0015648433,-0.0010643617,-0.0005303938,0.000105071114,0.00076862914,0.0014973783,0.002331695,0.0032600216,0.004426754,0.005830501,0.0038889563,0.004802093,0.0060161576,0.008053164,0.011551321,0.016155934,0.021429976,0.025277331,0.028858528,0.033075854,0.03825012,0.043927327,0.051573947,0.060863853,0.07099622,0.086513184,0.104356244,0.12690881,0.15588863,0.1927234,0.4137432,0.5695191,0.7758684,1.0658104,1.4479767,1.879008,2.35925,3.053813,3.7544448,4.1113596,4.24672,4.6388154,4.2817073,3.2143793,1.9878212,1.0374649,0.48131344,0.13546072,0.08425973,0.036523703,0.030307904,0.059769254,0.116061315,0.13591097,0.1659402,0.19689666,0.25138205,0.27588132,-0.28309175,-0.21943256,-0.15665925,-0.095757924,-0.036927227,0.020032685,0.07552429,0.13008319,0.18422137,0.23849525,0.29343396,0.3495944,0.40737608,0.4673137,0.5298671,0.59574115,0.66579497,0.73839974,0.81394374,0.8778196,0.9418844,1.009527,1.0812045,1.19823,1.308241,1.4072057,1.4352063,1.5327213,1.6649019,1.8022848,1.8388757,2.0116737,2.192265,2.335684,2.483765,2.3378155,2.4885566,2.6121325,2.9098618,2.9567316,2.987741,3.2168536,3.393923,3.5329738,3.7865658,4.0842977,4.275464,4.080642,4.1859694,4.3462625,4.4733243,4.7942433,5.0931463,5.3267937,5.6541467,5.729072,5.8478017,5.76507,5.8383117,5.6096606,5.595193,5.6123843,5.706616,6.027459,6.504164,2.3125355,2.606702,7.529989,8.084199,8.643959,9.10942,9.388474,3.617145,10.028569,4.022126,4.203786,4.533413,4.773554,5.014776,5.387505,5.5554585,5.8138595,6.221089,6.6554046,7.1327343,17.314741,17.947046,18.863415,19.457561,20.135477,21.183495,22.035982,23.362799,23.67952,24.087286,24.2963,24.614346,25.533138,25.149645,26.496822,27.285646,28.356758,29.395624,30.33996,31.711395,32.641373,33.5884,34.752018,35.607353,37.34846,38.730885,39.438828,40.922764,41.37654,15.5523405,16.647299,17.682024,18.549833,19.20066,19.287998,19.51745,19.526852,19.65542,19.471619,19.684696,19.411066,18.516037,17.692238,17.255182,16.533243,15.8327265,15.408937,14.560978,13.652652,12.655723,11.467556,9.956094,8.59438,6.7734146,4.749641,2.6078417,0.91086036,-0.3072055,-1.3094239,-1.8364611,-2.5249636,-3.6355665,-4.7389097,-5.8836823,-6.6128283,-6.6635222,-5.2646966,-3.5041535,-2.0433486,-0.61709976,0.70447624,1.7565764,2.5187733,2.7871058,3.0784423,3.2683363,2.9021766,2.4646049,2.2593591,1.9771597,2.0205684,2.5466065,2.5291243,2.6572864,3.076246,3.5356827,3.7051897,3.413472,4.7574525,5.5547843,5.193662,4.970773,5.2713513,6.350789,6.966842,6.720428,4.4409585,1.6693972,-0.26996306,-1.756127,-3.1957426,-4.449711,-5.155434,-5.9720273,-6.645453,-7.218746,-7.4413013,-7.5229673,-7.6814327,-7.749773,-7.6946907,-7.6355577,-7.495624,-7.2932215,-7.1605597,-7.070184,-6.82668,-6.513976,-6.3854246,-6.1907554,-6.032779,-5.6914816,-5.4413285,-5.062578,-4.7916656,-4.55217,-4.2413,-4.050252,-3.861,-3.6606429,-3.4314206,-3.2775798,-3.014275,-2.818938,-2.5610063,-2.2940822,-2.093425,-1.9239268,-1.7536588,-1.6294297,-1.4206568,-1.2928458,-1.2112712,-1.1235582,-0.98845327,-0.89378774,-0.8345545,-0.74936813,-0.7310709,-0.67505014,-0.59441364,-0.56714517,-0.53886336,-0.4842013,-0.4317589,-0.39099175,-0.35897416,-0.34245142,-0.31268662,-0.29265872,-0.28536734,-0.27158433,-0.25460684,-0.23936887,-0.22146009,-0.20750599,-0.20233274,-0.18757117,-0.1719001,-0.16764913,-0.16360544,-0.15966234,-0.15579626,-0.15209062,-0.11895497,-0.115918726,-0.1057523,-0.10300001,-0.09560614,-0.093107134,-0.084796794,-0.07690075,-0.06802795,-0.0663426,-0.05347364,-0.04259492,-0.035702262,-0.029769864,-0.018692,-0.018213224,-0.014189886,-0.013813343,-0.01344479,-0.013094667,-0.008324701,-0.008111806,-0.0078960825,-0.0076862564,-0.007479235,-0.0072703175,-0.0033026515,-0.0032076146,-0.0031187881,-0.0030308028,-0.0029504062,-0.0028751395,0.0,0.0,0.0,0.0,0.0,0.0,0.0,0.0,0.0,0.0,0.0,0.0,0.0,0.0,0.0,0.0,0.0,0.0,0.0,0.0,0.0,0.0,0.0,0.0,0.0,0.0,0.0,0.0,0.0,0.0,0.0,0.0,0.0,0.0,0.0,0.0,0.0,0.0,0.0,0.0,0.0,0.0,0.0,0.0,0.0,0.0,0.0,0.0,0.0,0.0,0.0,0.0,0.0,0.0,0.0,0.0,0.0,0.0,0.0,0.0,0.0,0.0,0.0,0.0,0.0,0.0,0.0,0.0,0.0,0.0,0.0,0.0,0.0,0.0,0.0,0.0,0.0,0.0,0.0,0.0,0.0,0.0,0.0,0.0,0.0,0.0,0.0,0.0,0.0,0.0,0.0,0.0,0.0,0.0,0.0,0.0,0.0,0.0,0.0,0.0,0.0,0.0,0.0,0.0,0.0,0.0,0.0,0.0,0.0,0.0,0.0,0.0,0.0,0.0,0.0,0.0,0.0,0.0,0.0,0.0,0.0,0.0,0.0,0.0,0.0,0.0,0.0,0.0,0.0,0.0,0.0,0.0,0.0,0.0,0.0,0.0,0.0,0.0,0.0,0.0,0.0,0.0,0.0,0.0,0.0,0.0,0.0,0.0,0.0,0.0,0.0,0.0,0.0,0.0,0.0,0.0,0.0,0.0,0.0,0.0,0.0,0.0,0.0,0.0,0.0,0.0,0.0,0.0,0.0,0.0,0.0,0.0,0.0,0.0,0.0,0.0,0.0,0.0,0.0,0.0,0.0,0.0,0.0,0.0,0.0,0.0,0.0,0.0,0.0,0.0,0.0,0.0,0.0,0.0,0.0,0.0,0.0,0.0,0.0,0.0,0.0,0.0,0.0,0.0,0.0,0.0,0.0,0.0,0.0,0.0,0.0,0.0,0.0,0.0,0.0,0.0,0.0,0.0,0.0,0.0,0.0,0.0,0.0,0.0,0.0,0.0,0.0,0.0,0.0,0.0,0.0,0.0,0.0,0.0,0.0,0.0,0.0,0.0,0.0,0.0,0.0,0.0,0.0,0.0,0.0,0.0,0.0,0.0,0.0,0.0,0.0,0.0,0.0,0.0,0.0,0.0,0.0,0.0,0.0,0.0,0.0,0.0,0.0,0.0,0.0,0.0,0.0,0.0,0.0,0.0,0.0,0.0,0.0,0.0,0.0,0.0,0.0,0.0,0.0,0.0,0.0,0.0,0.0,0.0,0.0,0.0,0.0,0.0,0.0,0.0,0.0,0.0,0.0,0.0,0.0,0.0,0.0,0.0,0.0,0.0,0.0,0.0,0.0,0.0,0.0,0.0,0.0,0.0,0.0,0.0,0.0,0.0,0.0,0.0,0.0,0.0,0.0,0.0,0.0,0.0,0.0,0.0,0.0,0.0,0.0,0.0,0.0,0.0,0.0,0.0,0.0,0.0,0.0,0.0,0.0,0.0,0.0,0.0,0.0,0.0,0.0,0.0,0.0,0.0,0.0,0.0,0.0,0.0,0.0,0.0,0.0,0.0,0.0,0.0,0.0,0.0,0.0,0.0,0.0,0.0,0.0,0.0,0.0,0.0,0.0,0.0,0.0,0.0,0.0,0.0,0.0,0.0,0.0,0.0,0.0,0.0,0.0,0.0,0.0,0.0,0.0,0.0,0.0,0.0,0.0,0.0,0.0,0.0,0.0,0.0,0.0,0.0,0.0,0.0,0.0,0.0,0.0,0.0,0.0,0.0,0.0,0.0,0.0,0.0,0.0,0.0,0.0,0.0,0.0,0.0,0.0,0.0,0.0,0.0,0.0,0.0,0.0,0.0,0.0,0.0,0.0,0.0,0.0,0.0,0.0,0.0,0.0,0.0,0.0,0.0,0.0,0.0,0.0,0.0,0.0,0.0,0.0,0.0,0.0,0.0,0.0,0.0,0.0,0.0,0.0,0.0,0.0,0.0,0.0,0.0,0.0,0.0,0.0,0.0,0.0,0.0,0.0,0.0,0.0,0.0,0.0,0.0,0.0,0.0,0.0,0.0,0.0,0.0,0.0,0.0,0.0,0.0,0.0,0.0,0.0,0.0,0.0,0.0,0.0,0.0,0.0,0.0,0.0,0.0,0.0,0.0,0.0,0.0,0.0,0.0,0.0,0.0,0.0,0.0,0.0,0.0,0.0,0.0,0.0,0.0,0.0,0.0,0.0,0.0,0.0,0.0,0.0,0.0,0.0,0.0,0.0,0.0,0.0,0.0,0.0,0.0,0.0,0.0,0.0,0.0,0.0,0.0,0.0,0.0,0.0,0.0,0.0,0.0,0.0,0.0,0.0,0.0,0.0,0.0,0.0,0.0,0.0,0.0,0.0,0.0,0.0,0.0,0.0,0.0,0.0,0.0,0.0,0.0,0.0,0.0,0.0,0.0,0.0,0.0,0.0,0.0,0.0,0.0,0.0,0.0,0.0,0.0,0.0,0.0,0.0,0.0,0.0,0.0,0.0,0.0,0.0,0.0,0.0,0.0,0.0,0.0,0.0,0.0,0.0,0.0,0.0,0.0,0.0,0.0,0.0,0.0,0.0,0.0,0.0,0.0,0.0,0.0,0.0,0.0,0.0,0.0,0.0,0.0,0.0,0.0,0.0,0.0,0.0,0.0,0.0,0.0,0.0,0.0,0.0,0.0,0.0,0.0,0.0,0.0,0.0,0.0,0.0,0.0,0.0,0.0,0.0,0.0,0.0,0.0,0.0,0.0,0.0,0.0,0.0,0.0,0.0,0.0,0.0,0.0,0.0,0.0,0.0,0.0,0.0,0.0,0.0,0.0,0.0,0.0,0.0,0.0,0.0,0.0,0.0,0.0,0.0,0.0,0.0,0.0,0.0,0.0,0.0,0.0,0.0,0.0,0.0,0.0,0.0,0.0,0.0,0.0,0.0,0.0,0.0,0.0,0.0,0.0,0.0,0.0,0.0,0.0,0.0,0.0,0.0,0.0,0.0,0.0,0.0,0.0,0.0,0.0,0.0,0.0,0.0,0.0,0.0,0.0,0.0,0.0,0.0,0.0,0.0,0.0,0.0,0.0,0.0,0.0,0.0,0.0,0.0,0.0,0.0,0.0,0.0,0.0,0.0,0.0,0.0,0.0,0.0,0.0,0.0,0.0,0.0,0.0,0.0,0.0,0.0,0.0,0.0,0.0,0.0,0.0,0.0,0.0,0.0,0.0,0.0,0.0,0.0,0.0,0.0,0.0,0.0,0.0,0.0,0.0,0.0,0.0,0.0,0.0,0.0,0.0,0.0,0.0,0.0,0.0,0.0,0.0,0.0,0.0,0.0,0.0,0.0,0.0,0.0,0.0,0.0,0.0,0.0,0.0,0.0,0.0,0.0,0.0,0.0,0.0,0.0,0.0,0.0,0.0,0.0,0.0,0.0,0.0,0.0,0.0,0.0,0.0,0.0,0.0,0.0,0.0,0.0,0.0,0.0,0.0,0.0,0.0,0.0,0.0,0.0,0.0,0.0,0.0,0.0,0.0,0.0,0.0,0.0,0.0,0.0,0.0,0.0,0.0,0.0,0.0,0.0,0.0,0.0,0.0,0.0,0.0,0.0,0.0,0.0,0.0,0.0,0.0,0.0,0.0,0.0,0.0,0.0,0.0,0.0,0.0,0.0,0.0,0.0,0.0,0.0,0.0,0.0,0.0,0.0,0.0,0.0,0.0,0.0,0.0,0.0,0.0,0.0,0.0,0.0,0.0,0.0,0.0,0.0,0.0,0.0,0.0,0.0,0.0,0.0,0.0,0.0,0.0,0.0,0.0,0.0,0.0,0.0,0.0,0.0,0.0,0.0,0.0,0.0,0.0,0.0,0.0,0.0,0.0,0.0,0.0,0.0,0.0,0.0,0.0,0.0,0.0,0.0,0.0,0.0,0.0,0.0,0.0,0.0,0.0,0.0,0.0,0.0,0.0,0.0,0.0,0.0,0.0,0.0,0.0,0.0,0.0,0.0,0.0,0.0,0.0,0.0,0.0,0.0,0.0,0.0,0.0,0.0,0.0,0.0,0.0,0.0,0.0,0.0,0.0,0.0,0.0,0.0,0.0,0.0,0.0,0.0,0.0,0.0,0.0,0.0,0.0,0.0,0.0,0.0,0.0,0.0,0.0,0.0,0.0,0.0,0.0,0.0,0.0,0.0,0.0,0.0,0.0,0.0,0.0,0.0,0.0,0.0,0.0,0.0,0.0,0.0,0.0,0.0,0.0,0.0,0.0,0.0,0.0,0.0,0.0,0.0,0.0,0.0,0.0,0.0,0.0,0.0,0.0,0.0,0.0,0.0,0.0,0.0,0.0,0.0,0.0,0.0,0.0,0.0,0.0,0.0,0.0,0.0,0.0,0.0,0.0,0.0,0.0,0.0,0.0,0.0,0.0,0.0,0.0,0.0,0.0,0.0,0.0,0.0,0.0,0.0,0.0,0.0,0.0,0.0,0.0,0.0,0.0,0.0,0.0,0.0,0.0,0.0,0.0,0.0,0.0,0.0,0.0,0.0,0.0,0.0,0.0,0.0,0.0,0.0,0.0,0.0,0.0,0.0,0.0,0.0,0.0,0.0,0.0,0.0,0.0,0.0,0.0,0.0,0.0,0.0,0.0,0.0,0.0,0.0,0.0,0.0,0.0,0.0,0.0,0.0,0.0,0.0,0.0,0.0,0.0,0.0,0.0,0.0,0.0,0.0,0.0,0.0,0.0,0.0,0.0,0.0,0.0,0.0,0.0,0.0,0.0,0.0,0.0,0.0,0.0,0.0,0.0,0.0,0.0,0.0,0.0,0.0,0.0,0.0,0.0,0.0,0.0,0.0,0.0,0.0,0.0,0.0,0.0,0.0,0.0,0.0,0.0,0.0,0.0,0.0,0.0,0.0,0.0,0.0,0.0,0.0,0.0,0.0,0.0,0.0,0.0,0.0,0.0,0.0,0.0,0.0,0.0,0.0,0.0,0.0,0.0,0.0,0.0,0.0,0.0,0.0,0.0,0.0,0.0,0.0,0.0,0.0,0.0,0.0,0.0,0.0,0.0,0.0,0.0,0.0,0.0,0.0,0.0,0.0,0.0,0.0,0.0,0.0,0.0,0.0,0.0,0.0,0.0,0.0,0.0,0.0,0.0,0.0,0.0,0.0,0.0,0.0,0.0,0.0,0.0,0.0,0.0,0.0,0.0,0.0,0.0,0.0,0.0,0.0,0.0,0.0,0.0,0.0,0.0,0.0,0.0,0.0,0.0,0.0,0.0,0.0,0.0,0.0,0.0,0.0,0.0,0.0,0.0,0.0,0.0,0.0,0.0,0.0,0.0,0.0,0.0,0.0,0.0,0.0,0.0,0.0,0.0,0.0,0.0,0.0,0.0,0.0,0.0,0.0,0.0,0.0,0.0,0.0,0.0,0.0,0.0,0.0,0.0,0.0,0.0,0.0,0.0,0.0,0.0,0.0,0.0,0.0,0.0,0.0,0.0,0.0,0.0,0.0,0.0,0.0,0.0,0.0,0.0,0.0,0.0,0.0,0.0,0.0,0.0,0.0,0.0,0.0,0.0,0.0,0.0,0.0,0.0,0.0,0.0,0.0,0.0,0.0,0.0,0.0,0.0,0.0,0.0,0.0,0.0,0.0,0.0,0.0,0.0,0.0,0.0,0.0,0.0,0.0,0.0,0.0,0.0,0.0,0.0,0.0,0.0,0.0,0.0,0.0,0.0,0.0,0.0,0.0,0.0,0.0,0.0,0.0,0.0,0.0,0.0,0.0,0.0,0.0,0.0,0.0,0.0,0.0,0.0,0.0,0.0,0.0,0.0,0.0,0.0,0.0,0.0,0.0,0.0,0.0,0.0,0.0,0.0,0.0,0.0,0.0,0.0,0.0,0.0,0.0,0.0,0.0,0.0,0.0,0.0,0.0,0.0,0.0,0.0,0.0,0.0,0.0,0.0,0.0,0.0,0.0,0.0,0.0,0.0,0.0,0.0,0.0,0.0,0.0,0.0,0.0,0.0,0.0,0.0,0.0,0.0,0.0,0.0,0.0,0.0,0.0,0.0,0.0,0.0,0.0,0.0,0.0,0.0,0.0,0.0,0.0,0.0,0.0,0.0,0.0,0.0,0.0,0.0,0.0,0.0,0.0,0.0,0.0,0.0,0.0,0.0,0.0,0.0,0.0,0.0,0.0,0.0,0.0,0.0,0.0,0.0,0.0,0.0,0.0,0.0,0.0,0.0,0.0,0.0,0.0,0.0,0.0,0.0,0.0,0.0,0.0,0.0,0.0,0.0,0.0,0.0,0.0,0.0,0.0,0.0,0.0,0.0,0.0,0.0,0.0,0.0,0.0,0.0,0.0,0.0,0.0,0.0,0.0,0.0,0.0,0.0,0.0,0.0,0.0,0.0,0.0,0.0,0.0,0.0,0.0,0.0,0.0,0.0,0.0,0.0,0.0,0.0,0.0,0.0,0.0,0.0,0.0,0.0,0.0,0.0,0.0,0.0,0.0,0.0,0.0,0.0,0.0,0.0,0.0,0.0,0.0,0.0,0.0,0.0,0.0,0.0,0.0,0.0,0.0,0.0,0.0,0.0,0.0,0.0,0.0,0.0,0.0,0.0,0.0,0.0,0.0,0.0,0.0,0.0,0.0,0.0,0.0,0.0,0.0,0.0,0.0,0.0,0.0,0.0,0.0,0.0,0.0,0.0,0.0,0.0,0.0,0.0,0.0,0.0,0.0,0.0,0.0,0.0,0.0,0.0,0.0,0.0,0.0,0.0,0.0,0.0,0.0,0.0,0.0,0.0,0.0,0.0,0.0,0.0,0.0,0.0,0.0,0.0,0.0,0.0,0.0,0.0,0.0,0.0,0.0,0.0,0.0,0.0,0.0,0.0,0.0,0.0,0.0,0.0,0.0,0.0,0.0,0.0,0.0,0.0,0.0,0.0,0.0,0.0,0.0,0.0,0.0,0.0,0.0,0.0,0.0,0.0,0.0,0.0,0.0,0.0,0.0,0.0,0.0,0.0,0.0,0.0,0.0,0.0,0.0,0.0,0.0,0.0,0.0,0.0,0.0,0.0,0.0,0.0,0.0,0.0,0.0,0.0,0.0,0.0,0.0,0.0,0.0,0.0,0.0,0.0,0.0,0.0,0.0,0.0,0.0,0.0,0.0,0.0,0.0,0.0,0.0,0.0,0.0,0.0,0.0,0.0,0.0,0.0,0.0,0.0,0.0,0.0,0.0,0.0,0.0,0.0,0.0,0.0,0.0,0.0,0.0,0.0,0.0,0.0,0.0,0.0,0.0,0.0,0.0,0.0,0.0,0.0,0.0,0.0,0.0,0.0,0.0,0.0,0.0,0.0,0.0,0.0,0.0,0.0,0.0,0.0,0.0,0.0,0.0,0.0,0.0,0.0,0.0,0.0,0.0,0.0,0.0,0.0,0.0,0.0,0.0,0.0,0.0,0.0,0.0,0.0,0.0,0.0,0.0,0.0,0.0,0.0,0.0,0.0,0.0,0.0,0.0,0.0,0.0,0.0,0.0,0.0,0.0,0.0,0.0,0.0,0.0,0.0,0.0,0.0,0.0,0.0,0.0,0.0,0.0,0.0,0.0,0.0,0.0,0.0,0.0,0.0,0.0,0.0,0.0,0.0,0.0,0.0,0.0,0.0,0.0,0.0,0.0,0.0,0.0,0.0,0.0,0.0,0.0,0.0,0.0,0.0,0.0,0.0,0.0,0.0,0.0,0.0,0.0,0.0,0.0,0.0,0.0,0.0,0.0,0.0,0.0,0.0,0.0,0.0,0.0,0.0,0.0,0.0,0.0,0.0,0.0,0.0,0.0,0.0,0.0,0.0,0.0,0.0,0.0,0.0,0.0,0.0,0.0,0.0,0.0,0.0,0.0,0.0,0.0,0.0,0.0,0.0,0.0,0.0,0.0,0.0,0.0,0.0,0.0,0.0,0.0,0.0,0.0,0.0,0.0,0.0,0.0,0.0,0.0,0.0,0.0,0.0,0.0,0.0,0.0,0.0,0.0,0.0,0.0,0.0,0.0,0.0,0.0,0.0,0.0,0.0,0.0,0.0,0.0,0.0,0.0,0.0,0.0,0.0,0.0,0.0,0.0,0.0,0.0,0.0,0.0,0.0,0.0,0.0,0.0,0.0,0.0,0.0,0.0,0.0,0.0,0.0,0.0,0.0,0.0,0.0,0.0,0.0,0.0,0.0,0.0,0.0,0.0,0.0,0.0,0.0,0.0,0.0,0.0,0.0,0.0,0.0,0.0,0.0,0.0,0.0,0.0,0.0,0.0,0.0,0.0,0.0,0.0,0.0,0.0,0.0,0.0,0.0,0.0,0.0,0.0,0.0,0.0,0.0,0.0,0.0,0.0,0.0,0.0,0.0,0.0,0.0,0.0,0.0,0.0,0.0,0.0,0.0,0.0,0.0,0.0,0.0,0.0,0.0,0.0,0.0,0.0,0.0,0.0,0.0,0.0,0.0,0.0,0.0,0.0,0.0,0.0,0.0,0.0,0.0,0.0,0.0,0.0,0.0,0.0,0.0,0.0,0.0,0.0,0.0,0.0,0.0,0.0,0.0,0.0,0.0,0.0,0.0,0.0,0.0,0.0,0.0,0.0,0.0,0.0,0.0,0.0,0.0,0.0,0.0,0.0,0.0,0.0,0.0,0.0,0.0,0.0,0.0,0.0,0.0,0.0,0.0,0.0,0.0,0.0,0.0,0.0,0.0,0.0,0.0,0.0,0.0,0.0,0.0,0.0,0.0,0.0,0.0,0.0,0.0,0.0,0.0,0.0,0.0,0.0,0.0,0.0,0.0,0.0,0.0,0.0,0.0,0.0,0.0,0.0,0.0,0.0,0.0,0.0,0.0,0.0,0.0,0.0,0.0,0.0,0.0,0.0,0.0,0.0,0.0,0.0,0.0,0.0,0.0,0.0,0.0,0.0,0.0,0.0,0.0,0.0,0.0,0.0,0.0,0.0,0.0,0.0,0.0,0.0,0.0,0.0,0.0,0.0,0.0,0.0,0.0,0.0,0.0,0.0,0.0,0.0,0.0,0.0,0.0,0.0,0.0,0.0,0.0,0.0,0.0,0.0,0.0,0.0,0.0,0.0,0.0,0.0,0.0,0.0,0.0,0.0,0.0,0.0,0.0,0.0,0.0,0.0,0.0,0.0,0.0,0.0,0.0,0.0,0.0,0.0,0.0,0.0,0.0,0.0,0.0,0.0,0.0,0.0,0.0,0.0,0.0,0.0,0.0,0.0,0.0,0.0,0.0,0.0,0.0,0.0,0.0,0.0,0.0,0.0,0.0,0.0,0.0,0.0,0.0,0.0,0.0,0.0,0.0,0.0,0.0,0.0,0.0,0.0,0.0,0.0,0.0,0.0,0.0,0.0,0.0,0.0,0.0,0.0,0.0,0.0,0.0,0.0,0.0,0.0,0.0,0.0,0.0,0.0,0.0,0.0,0.0,0.0,0.0,0.0,0.0,0.0,0.0,0.0,0.0,0.0,0.0,0.0,0.0,0.0,0.0,0.0,0.0,0.0,0.0,0.0,0.0,0.0,0.0,0.0,0.0,0.0,0.0,0.0,0.0,0.0,0.0,0.0,0.0,0.0,0.0,0.0,0.0,0.0,0.0,0.0,0.0,0.0,0.0,0.0,0.0,0.0,0.0,0.0,0.0,0.0,0.0,0.0,0.0,0.0,0.0,0.0,0.0,0.0,0.0,0.0,0.0,0.0,0.0,0.0,0.0,0.0,0.0,0.0,0.0,0.0,0.0,0.0,0.0,0.0,0.0,0.0,0.0,0.0,0.0,0.0,0.0,0.0,0.0,0.0,0.0,0.0,0.0,0.0,0.0,0.0,0.0,0.0,0.0,0.0,0.0,0.0,0.0,0.0,0.0,0.0,0.0,0.0,0.0,0.0,0.0,0.0,0.0,0.0,0.0,0.0,0.0
Tax84,0.0,-0.35390344,-0.30838904,-0.23314126,-0.14170298,-0.035198316,0.08218359,0.20717975,0.33717194,0.45985547,0.59202284,0.72394,0.8541962,0.981855,1.10625,1.2260553,1.3404601,1.4502534,1.5481259,1.6515753,1.7479013,1.8419186,1.9291828,2.0154045,2.090449,2.1826425,2.2126143,2.2784932,2.3424487,2.4002016,2.4368289,2.449685,2.540276,2.5672102,2.6623068,2.6791167,2.7221477,2.7686222,2.765266,2.8065147,2.8471644,2.9015458,2.9430642,3.065949,3.0755959,3.22619,3.275688,3.3067214,3.3505268,3.4400098,3.3518732,3.3187132,3.4192476,3.4100773,3.4753017,3.4717333,3.4664822,3.4819293,3.433493,3.4247115,3.2696216,3.222429,3.1981516,3.167789,3.2282481,3.3435087,1.6374193,1.72673,3.6457384,3.7017114,3.797523,3.8480296,3.8356507,1.924294,3.9514992,1.9616164,1.9989041,2.0652242,2.060003,2.1202366,2.1690032,2.1845877,2.2306502,2.2791858,2.3236272,2.4153306,4.7629046,4.8172174,4.9273906,4.904003,5.026137,5.1130853,5.335627,5.329218,5.2520714,5.2715797,5.2074437,5.276267,5.259877,5.289827,5.162307,5.225269,5.1359177,5.092238,5.083178,4.9869733,5.1331162,5.066967,5.1656833,5.080166,5.11153,5.1633697,5.178827,5.045581,5.0396175,2.4737184,2.5104856,2.5602427,2.5699248,2.5619636,2.5325336,2.4994128,2.4692569,2.4668877,2.3964372,2.3739629,2.302595,2.2460017,2.154955,2.0399814,1.9681027,1.9044182,1.8358134,1.7770241,1.6489607,1.5507364,1.4944898,1.4201545,1.2852795,1.1810354,1.0637504,0.9630872,0.8409326,0.75015473,0.67642057,0.6311254,0.5737416,0.48665842,0.40769252,0.33073184,0.28061584,0.2666146,0.33659536,0.42489654,0.5009729,0.56137097,0.61897427,0.67406344,0.66817486,0.67351246,0.6756128,0.6651809,0.6332527,0.600238,0.5812629,0.5550393,0.5544519,0.567891,0.5668022,0.56345636,0.57449925,0.5932194,0.5974994,0.5743862,0.63680685,0.6757809,0.629482,0.6094186,0.60983616,0.66058236,0.67526245,0.6404997,0.52188957,0.3821304,0.29514274,0.2337982,0.17272407,0.11792821,0.07984085,0.037983775,-0.0005509192,-0.037389338,-0.06079644,-0.07847881,-0.096173435,-0.1094207,-0.12701908,-0.14381091,-0.14892113,-0.15282317,-0.16145803,-0.1675181,-0.17169158,-0.17387761,-0.17634387,-0.17970087,-0.176509,-0.17426611,-0.17488943,-0.16743575,-0.17083405,-0.16541772,-0.16324174,-0.14656882,-0.1428192,-0.12960038,-0.12625064,-0.1268802,-0.12348638,-0.11986494,-0.11640841,-0.11266918,-0.11274674,-0.10830378,-0.104655966,-0.09448515,-0.09425168,-0.08108637,-0.07656568,-0.071927644,-0.07136116,-0.07115458,-0.06779591,-0.067721285,-0.067571506,-0.0627501,-0.055572085,-0.047843374,-0.04769229,-0.042568155,-0.037010375,-0.036877736,-0.03679041,-0.03342113,-0.033334583,-0.030159213,-0.02504141,-0.024960617,-0.024874598,-0.021351175,-0.016429916,-0.016373044,-0.01632256,-0.016259033,-0.016189829,-0.01614596,-0.016121157,-0.016097499,-0.016070846,-0.016057434,-0.016047908,-0.015984207,-0.015896842,-0.015818246,-0.012907909,-0.012840967,-0.012792,-0.012764403,-0.012743024,-0.012709141,-0.012655261,-0.009213581,-0.009177398,-0.009139918,-0.009101754,-0.009062784,-0.0090131685,-0.008958643,-0.008901447,-0.008854534,-0.008809388,-0.0087699145,-0.008713732,-0.008657657,-0.00859545,-0.008516643,-0.008432324,-0.008338452,-0.008261272,-0.0055231885,-0.00548282,-0.0026025372,-0.002594032,-0.0025822474,-0.0025475365,-0.0024819223,-0.002382572,-0.0022329665,-0.0020318876,-0.0017978097,-0.0015770864,-0.0013807337,-0.0011027094,-0.00078213774,-0.0004350224,-6.28815e-05,0.0003613443,0.0008057258,0.0013042307,0.0019698688,0.0027004753,0.0035895808,0.004532817,0.0055758245,0.006768154,0.008084202,0.009711153,0.011620997,0.013878506,0.016091801,0.018918019,0.02353036,0.031108135,0.04010598,0.048869062,0.0529559,0.055589143,0.058595814,0.062289547,0.065745555,0.07080651,0.076487444,0.08160001,0.09063996,0.099386744,0.10956929,0.12157504,0.13528922,0.26697767,0.29328626,0.31887913,0.34880072,0.37459698,0.4017464,0.4231373,0.43570653,0.4338637,0.42453578,0.4045635,0.37927473,0.3387335,0.27401325,0.19215605,0.117743775,0.05914975,0.022063157,0.005587388,-0.0011999165,-0.003490483,-0.003801133,-0.0037113987,-0.0034701384,-0.0032474117,-0.0028391022,-0.0021809505,-0.0016291069,-0.003648489,-0.0036038253,-0.0033776695,-0.003026855,-0.0025915403,-0.0021007461,-0.0015759164,-0.0010325384,-0.00048423745,5.919463e-05,0.000589096,0.0010980549,0.0015815531,0.0020336804,0.0024509996,0.00283103,0.0031704584,0.003469954,0.0037290822,0.003947369,0.0041245045,0.0042606024,0.004354448,0.0044074114,0.004414367,0.0043898444,0.00436535,0.0043326356,0.004277342,0.0042250166,0.0041491073,0.004202346,0.0040894756,0.004059081,0.004067626,0.0040370557,0.0039406177,0.003693188,0.0036175286,0.0035781949,0.0035963934,0.0038229192,0.0040015494,0.0038470791,0.0038288892,0.0037871967,0.0034856838,0.0032826853,0.0031252548,0.0029511047,0.0029954491,0.0032008428,0.0032552148,0.0034783485,0.003458696,0.0034271714,0.0036734145,0.004216303,0.004679437,0.004915584,0.005355049,0.005739674,0.006152833,0.006850576,0.0074370857,0.002586185,0.002904361,0.009071441,0.009670885,0.010099307,0.010302923,0.010270916,0.0038299407,0.010543917,0.004078092,0.0041525075,0.0044124248,0.0045783995,0.0048196055,0.0050337873,0.0052305227,0.005336441,0.005653077,0.006013792,0.0063492516,0.015174346,0.015653193,0.013271055,0.013004011,0.012925107,0.012963658,0.010090271,0.014927015,0.014779433,0.011464498,0.011862065,0.013532735,0.010673238,0.01479431,0.011716409,0.012582658,0.0134556675,0.01430795,0.015072601,0.01806871,0.018714258,0.019384455,0.017755888,0.024128439,0.024601959,0.02507046,0.029999543,0.024942895,0.034730155,0.013341921,0.010965978,0.013731811,0.014486424,0.013060715,0.012595463,0.012628482,0.012428082,0.016629899,0.016417852,0.013272716,0.016231569,0.015531009,0.009663474,0.013514747,0.018289898,0.017805533,0.0065526995,0.010659946,0.008849778,0.008255571,0.0077189845,0.006575578,0.0064011067,0.005482562,0.004825681,0.004114109,0.0036025238,0.0032760035,0.0029938594,0.0027707587,0.0026175024,0.0022427891,0.0019058585,0.0015289288,0.0012528473,0.0011953928,0.0015831962,0.0021364393,0.0026637404,0.0032369692,0.003839098,0.0043754354,0.004831902,0.0051142424,0.0054049008,0.0056182616,0.005596409,0.005521183,0.0055038296,0.005427588,0.005523178,0.005872117,0.0059692804,0.006125905,0.006378568,0.006674641,0.006842439,0.006758894,0.007563715,0.008151524,0.008034228,0.007944272,0.0081749745,0.008916488,0.00941776,0.009300002,0.007844136,0.0061145984,0.0048875543,0.00396522,0.0030844742,0.0023215918,0.0017849477,0.0011755677,0.0006202385,8.65988e-05,-0.000290734,-0.00057414896,-0.0008919779,-0.0011577813,-0.0014791987,-0.0017654741,-0.0019628115,-0.0021506469,-0.0023823208,-0.0025753668,-0.002705947,-0.0028411127,-0.0030729906,-0.0032981676,-0.0034435727,-0.0035557682,-0.003651557,-0.0037522241,-0.0038319696,-0.0038936571,-0.003917853,-0.0039147795,-0.003928031,-0.0039577954,-0.0039848075,-0.0040052785,-0.004030616,-0.0040403325,-0.0040465794,0.0,0.0,0.0,0.0,0.0,0.0,0.0,0.0,0.0,0.0,0.0,0.0,0.0,0.0,0.0,0.0,0.0,0.0,0.0,0.0,0.0,0.0,0.0,0.0,0.0,0.0,0.0,0.0,0.0,0.0,0.0,0.0,0.0,0.0,0.0,0.0,0.0,0.0,0.0,0.0,0.0,0.0,0.0,0.0,0.0,0.0,0.0,0.0,0.0,0.0,0.0,0.0,0.0,0.0,0.0,0.0,0.0,0.0,0.0,0.0,0.0,0.0,0.0,0.0,0.0,0.0,0.0,0.0,0.0,0.0,0.0,0.0,0.0,0.0,0.0,0.0,0.0,0.0,0.0,0.0,0.0,0.0,0.0,0.0,0.0,0.0,0.0,0.0,0.0,0.0,0.0,0.0,0.0,0.0,0.0,0.0,0.0,0.0,0.0,0.0,0.0,0.0,0.0,0.0,0.0,0.0,0.0,0.0,0.0,0.0,0.0,0.0,0.0,0.0,0.0,0.0,0.0,0.0,0.0,0.0,0.0,0.0,0.0,0.0,0.0,0.0,0.0,0.0,0.0,0.0,0.0,0.0,0.0,0.0,0.0,0.0,0.0,0.0,0.0,0.0,0.0,0.0,0.0,0.0,0.0,0.0,0.0,0.0,0.0,0.0,0.0,0.0,0.0,0.0,0.0,0.0,0.0,0.0,0.0,0.0,0.0,0.0,0.0,0.0,0.0,0.0,0.0,0.0,0.0,0.0,0.0,0.0,0.0,0.0,0.0,0.0,0.0,0.0,0.0,0.0,0.0,0.0,0.0,0.0,0.0,0.0,0.0,0.0,0.0,0.0,0.0,0.0,0.0,0.0,0.0,0.0,0.0,0.0,0.0,0.0,0.0,0.0,0.0,0.0,0.0,0.0,0.0,0.0,0.0,0.0,0.0,0.0,0.0,0.0,0.0,0.0,0.0,0.0,0.0,0.0,0.0,0.0,0.0,0.0,0.0,0.0,0.0,0.0,0.0,0.0,0.0,0.0,0.0,0.0,0.0,0.0,0.0,0.0,0.0,0.0,0.0,0.0,0.0,0.0,0.0,0.0,0.0,0.0,0.0,0.0,0.0,0.0,0.0,0.0,0.0,0.0,0.0,0.0,0.0,0.0,0.0,0.0,0.0,0.0,0.0,0.0,0.0,0.0,0.0,0.0,0.0,0.0,0.0,0.0,0.0,0.0,0.0,0.0,0.0,0.0,0.0,0.0,0.0,0.0,0.0,0.0,0.0,0.0,0.0,0.0,0.0,0.0,0.0,0.0,0.0,0.0,0.0,0.0,0.0,0.0,0.0,0.0,0.0,0.0,0.0,0.0,0.0,0.0,0.0,0.0,0.0,0.0,0.0,0.0,0.0,0.0,0.0,0.0,0.0,0.0,0.0,0.0,0.0,0.0,0.0,0.0,0.0,0.0,0.0,0.0,0.0,0.0,0.0,0.0,0.0,0.0,0.0,0.0,0.0,0.0,0.0,0.0,0.0,0.0,0.0,0.0,0.0,0.0,0.0,0.0,0.0,0.0,0.0,0.0,0.0,0.0,0.0,0.0,0.0,0.0,0.0,0.0,0.0,0.0,0.0,0.0,0.0,0.0,0.0,0.0,0.0,0.0,0.0,0.0,0.0,0.0,0.0,0.0,0.0,0.0,0.0,0.0,0.0,0.0,0.0,0.0,0.0,0.0,0.0,0.0,0.0,0.0,0.0,0.0,0.0,0.0,0.0,0.0,0.0,0.0,0.0,0.0,0.0,0.0,0.0,0.0,0.0,0.0,0.0,0.0,0.0,0.0,0.0,0.0,0.0,0.0,0.0,0.0,0.0,0.0,0.0,0.0,0.0,0.0,0.0,0.0,0.0,0.0,0.0,0.0,0.0,0.0,0.0,0.0,0.0,0.0,0.0,0.0,0.0,0.0,0.0,0.0,0.0,0.0,0.0,0.0,0.0,0.0,0.0,0.0,0.0,0.0,0.0,0.0,0.0,0.0,0.0,0.0,0.0,0.0,0.0,0.0,0.0,0.0,0.0,0.0,0.0,0.0,0.0,0.0,0.0,0.0,0.0,0.0,0.0,0.0,0.0,0.0,0.0,0.0,0.0,0.0,0.0,0.0,0.0,0.0,0.0,0.0,0.0,0.0,0.0,0.0,0.0,0.0,0.0,0.0,0.0,0.0,0.0,0.0,0.0,0.0,0.0,0.0,0.0,0.0,0.0,0.0,0.0,0.0,0.0,0.0,0.0,0.0,0.0,0.0,0.0,0.0,0.0,0.0,0.0,0.0,0.0,0.0,0.0,0.0,0.0,0.0,0.0,0.0,0.0,0.0,0.0,0.0,0.0,0.0,0.0,0.0,0.0,0.0,0.0,0.0,0.0,0.0,0.0,0.0,0.0,0.0,0.0,0.0,0.0,0.0,0.0,0.0,0.0,0.0,0.0,0.0,0.0,0.0,0.0,0.0,0.0,0.0,0.0,0.0,0.0,0.0,0.0,0.0,0.0,0.0,0.0,0.0,0.0,0.0,0.0,0.0,0.0,0.0,0.0,0.0,0.0,0.0,0.0,0.0,0.0,0.0,0.0,0.0,0.0,0.0,0.0,0.0,0.0,0.0,0.0,0.0,0.0,0.0,0.0,0.0,0.0,0.0,0.0,0.0,0.0,0.0,0.0,0.0,0.0,0.0,0.0,0.0,0.0,0.0,0.0,0.0,0.0,0.0,0.0,0.0,0.0,0.0,0.0,0.0,0.0,0.0,0.0,0.0,0.0,0.0,0.0,0.0,0.0,0.0,0.0,0.0,0.0,0.0,0.0,0.0,0.0,0.0,0.0,0.0,0.0,0.0,0.0,0.0,0.0,0.0,0.0,0.0,0.0,0.0,0.0,0.0,0.0,0.0,0.0,0.0,0.0,0.0,0.0,0.0,0.0,0.0,0.0,0.0,0.0,0.0,0.0,0.0,0.0,0.0,0.0,0.0,0.0,0.0,0.0,0.0,0.0,0.0,0.0,0.0,0.0,0.0,0.0,0.0,0.0,0.0,0.0,0.0,0.0,0.0,0.0,0.0,0.0,0.0,0.0,0.0,0.0,0.0,0.0,0.0,0.0,0.0,0.0,0.0,0.0,0.0,0.0,0.0,0.0,0.0,0.0,0.0,0.0,0.0,0.0,0.0,0.0,0.0,0.0,0.0,0.0,0.0,0.0,0.0,0.0,0.0,0.0,0.0,0.0,0.0,0.0,0.0,0.0,0.0,0.0,0.0,0.0,0.0,0.0,0.0,0.0,0.0,0.0,0.0,0.0,0.0,0.0,0.0,0.0,0.0,0.0,0.0,0.0,0.0,0.0,0.0,0.0,0.0,0.0,0.0,0.0,0.0,0.0,0.0,0.0,0.0,0.0,0.0,0.0,0.0,0.0,0.0,0.0,0.0,0.0,0.0,0.0,0.0,0.0,0.0,0.0,0.0,0.0,0.0,0.0,0.0,0.0,0.0,0.0,0.0,0.0,0.0,0.0,0.0,0.0,0.0,0.0,0.0,0.0,0.0,0.0,0.0,0.0,0.0,0.0,0.0,0.0,0.0,0.0,0.0,0.0,0.0,0.0,0.0,0.0,0.0,0.0,0.0,0.0,0.0,0.0,0.0,0.0,0.0,0.0,0.0,0.0,0.0,0.0,0.0,0.0,0.0,0.0,0.0,0.0,0.0,0.0,0.0,0.0,0.0,0.0,0.0,0.0,0.0,0.0,0.0,0.0,0.0,0.0,0.0,0.0,0.0,0.0,0.0,0.0,0.0,0.0,0.0,0.0,0.0,0.0,0.0,0.0,0.0,0.0,0.0,0.0,0.0,0.0,0.0,0.0,0.0,0.0,0.0,0.0,0.0,0.0,0.0,0.0,0.0,0.0,0.0,0.0,0.0,0.0,0.0,0.0,0.0,0.0,0.0,0.0,0.0,0.0,0.0,0.0,0.0,0.0,0.0,0.0,0.0,0.0,0.0,0.0,0.0,0.0,0.0,0.0,0.0,0.0,0.0,0.0,0.0,0.0,0.0,0.0,0.0,0.0,0.0,0.0,0.0,0.0,0.0,0.0,0.0,0.0,0.0,0.0,0.0,0.0,0.0,0.0,0.0,0.0,0.0,0.0,0.0,0.0,0.0,0.0,0.0,0.0,0.0,0.0,0.0,0.0,0.0,0.0,0.0,0.0,0.0,0.0,0.0,0.0,0.0,0.0,0.0,0.0,0.0,0.0,0.0,0.0,0.0,0.0,0.0,0.0,0.0,0.0,0.0,0.0,0.0,0.0,0.0,0.0,0.0,0.0,0.0,0.0,0.0,0.0,0.0,0.0,0.0,0.0,0.0,0.0,0.0,0.0,0.0,0.0,0.0,0.0,0.0,0.0,0.0,0.0,0.0,0.0,0.0,0.0,0.0,0.0,0.0,0.0,0.0,0.0,0.0,0.0,0.0,0.0,0.0,0.0,0.0,0.0,0.0,0.0,0.0,0.0,0.0,0.0,0.0,0.0,0.0,0.0,0.0,0.0,0.0,0.0,0.0,0.0,0.0,0.0,0.0,0.0,0.0,0.0,0.0,0.0,0.0,0.0,0.0,0.0,0.0,0.0,0.0,0.0,0.0,0.0,0.0,0.0,0.0,0.0,0.0,0.0,0.0,0.0,0.0,0.0,0.0,0.0,0.0,0.0,0.0,0.0,0.0,0.0,0.0,0.0,0.0,0.0,0.0,0.0,0.0,0.0,0.0,0.0,0.0,0.0,0.0,0.0,0.0,0.0,0.0,0.0,0.0,0.0,0.0,0.0,0.0,0.0,0.0,0.0,0.0,0.0,0.0,0.0,0.0,0.0,0.0,0.0,0.0,0.0,0.0,0.0,0.0,0.0,0.0,0.0,0.0,0.0,0.0,0.0,0.0,0.0,0.0,0.0,0.0,0.0,0.0,0.0,0.0,0.0,0.0,0.0,0.0,0.0,0.0,0.0,0.0,0.0,0.0,0.0,0.0,0.0,0.0,0.0,0.0,0.0,0.0,0.0,0.0,0.0,0.0,0.0,0.0,0.0,0.0,0.0,0.0,0.0,0.0,0.0,0.0,0.0,0.0,0.0,0.0,0.0,0.0,0.0,0.0,0.0,0.0,0.0,0.0,0.0,0.0,0.0,0.0,0.0,0.0,0.0,0.0,0.0,0.0,0.0,0.0,0.0,0.0,0.0,0.0,0.0,0.0,0.0,0.0,0.0,0.0,0.0,0.0,0.0,0.0,0.0,0.0,0.0,0.0,0.0,0.0,0.0,0.0,0.0,0.0,0.0,0.0,0.0,0.0,0.0,0.0,0.0,0.0,0.0,0.0,0.0,0.0,0.0,0.0,0.0,0.0,0.0,0.0,0.0,0.0,0.0,0.0,0.0,0.0,0.0,0.0,0.0,0.0,0.0,0.0,0.0,0.0,0.0,0.0,0.0,0.0,0.0,0.0,0.0,0.0,0.0,0.0,0.0,0.0,0.0,0.0,0.0,0.0,0.0,0.0,0.0,0.0,0.0,0.0,0.0,0.0,0.0,0.0,0.0,0.0,0.0,0.0,0.0,0.0,0.0,0.0,0.0,0.0,0.0,0.0,0.0,0.0,0.0,0.0,0.0,0.0,0.0,0.0,0.0,0.0,0.0,0.0,0.0,0.0,0.0,0.0,0.0,0.0,0.0,0.0,0.0,0.0,0.0,0.0,0.0,0.0,0.0,0.0,0.0,0.0,0.0,0.0,0.0,0.0,0.0,0.0,0.0,0.0,0.0,0.0,0.0,0.0,0.0,0.0,0.0,0.0,0.0,0.0,0.0,0.0,0.0,0.0,0.0,0.0,0.0,0.0,0.0,0.0,0.0,0.0,0.0,0.0,0.0,0.0,0.0,0.0,0.0,0.0,0.0,0.0,0.0,0.0,0.0,0.0,0.0,0.0,0.0,0.0,0.0,0.0,0.0,0.0,0.0,0.0,0.0,0.0,0.0,0.0,0.0,0.0,0.0,0.0,0.0,0.0,0.0,0.0,0.0,0.0,0.0,0.0,0.0,0.0,0.0,0.0,0.0,0.0,0.0,0.0,0.0,0.0,0.0,0.0,0.0,0.0,0.0,0.0,0.0,0.0,0.0,0.0,0.0,0.0,0.0,0.0,0.0,0.0,0.0,0.0,0.0,0.0,0.0,0.0,0.0,0.0,0.0,0.0,0.0,0.0,0.0,0.0,0.0,0.0,0.0,0.0,0.0,0.0,0.0,0.0,0.0,0.0,0.0,0.0,0.0,0.0,0.0,0.0,0.0,0.0,0.0,0.0,0.0,0.0,0.0,0.0,0.0,0.0,0.0,0.0,0.0,0.0,0.0,0.0,0.0,0.0,0.0,0.0,0.0,0.0,0.0,0.0,0.0,0.0,0.0,0.0,0.0,0.0,0.0,0.0,0.0,0.0,0.0,0.0,0.0,0.0,0.0,0.0,0.0,0.0,0.0,0.0,0.0,0.0,0.0,0.0,0.0,0.0,0.0,0.0,0.0,0.0,0.0,0.0,0.0,0.0,0.0,0.0,0.0,0.0,0.0,0.0,0.0,0.0,0.0,0.0,0.0,0.0,0.0,0.0,0.0,0.0,0.0,0.0,0.0,0.0,0.0,0.0,0.0,0.0,0.0,0.0,0.0,0.0,0.0,0.0,0.0,0.0,0.0,0.0,0.0,0.0,0.0,0.0,0.0,0.0,0.0,0.0,0.0,0.0,0.0,0.0,0.0,0.0,0.0,0.0,0.0,0.0,0.0,0.0,0.0,0.0,0.0,0.0,0.0,0.0,0.0,0.0,0.0,0.0,0.0,0.0,0.0,0.0,0.0,0.0,0.0,0.0,0.0,0.0,0.0,0.0,0.0,0.0,0.0,0.0,0.0,0.0,0.0,0.0,0.0,0.0,0.0,0.0,0.0,0.0,0.0,0.0,0.0,0.0,0.0,0.0,0.0,0.0,0.0,0.0,0.0,0.0,0.0,0.0,0.0,0.0,0.0,0.0,0.0,0.0,0.0,0.0,0.0,0.0,0.0,0.0,0.0,0.0,0.0,0.0,0.0,0.0,0.0,0.0,0.0,0.0,0.0,0.0,0.0,0.0,0.0,0.0,0.0,0.0,0.0,0.0,0.0,0.0,0.0,0.0,0.0,0.0,0.0,0.0,0.0,0.0,0.0,0.0,0.0,0.0,0.0,0.0,0.0,0.0,0.0,0.0,0.0,0.0,0.0,0.0,0.0,0.0,0.0,0.0,0.0,0.0,0.0,0.0,0.0,0.0,0.0,0.0,0.0,0.0,0.0,0.0,0.0,0.0,0.0,0.0,0.0,0.0,0.0,0.0,0.0,0.0,0.0,0.0,0.0,0.0,0.0,0.0,0.0,0.0,0.0,0.0,0.0,0.0,0.0,0.0,0.0,0.0,0.0,0.0,0.0,0.0,0.0,0.0,0.0,0.0,0.0,0.0,0.0,0.0,0.0,0.0,0.0,0.0,0.0,0.0,0.0,0.0,0.0,0.0,0.0,0.0,0.0,0.0,0.0,0.0,0.0,0.0,0.0,0.0,0.0,0.0,0.0,0.0,0.0,0.0,0.0,0.0,0.0,0.0,0.0,0.0,0.0,0.0,0.0,0.0,0.0,0.0,0.0,0.0,0.0,0.0,0.0,0.0,0.0,0.0,0.0,0.0,0.0,0.0,0.0,0.0,0.0,0.0,0.0,0.0,0.0,0.0,0.0,0.0,0.0,0.0,0.0,0.0,0.0,0.0,0.0,0.0,0.0,0.0,0.0,0.0,0.0,0.0,0.0,0.0,0.0,0.0,0.0,0.0,0.0,0.0,0.0,0.0,0.0,0.0,0.0,0.0,0.0,0.0,0.0,0.0,0.0,0.0,0.0,0.0,0.0,0.0,0.0,0.0,0.0,0.0,0.0,0.0,0.0,0.0,0.0,0.0,0.0,0.0,0.0,0.0,0.0,0.0,0.0,0.0,0.0,0.0,0.0,0.0,0.0,0.0,0.0,0.0,0.0,0.0,0.0,0.0,0.0,0.0,0.0,0.0,0.0,0.0,0.0,0.0,0.0,0.0,0.0,0.0,0.0,0.0,0.0,0.0,0.0,0.0,0.0,0.0,0.0,0.0,0.0,0.0,0.0,0.0,0.0,0.0,0.0,0.0,0.0,0.0,0.0,0.0,0.0,0.0,0.0,0.0,0.0,0.0,0.0,0.0,0.0,0.0,0.0,0.0,0.0,0.0,0.0,0.0,0.0,0.0,0.0,0.0,0.0,0.0,0.0,0.0,0.0,0.0,0.0,0.0,0.0,0.0,0.0,0.0,0.0,0.0,0.0,0.0,0.0,0.0,0.0,0.0,0.0,0.0,0.0,0.0,0.0,0.0,0.0,0.0,0.0,0.0,0.0,0.0,0.0,0.0,0.0,0.0,0.0,0.0,0.0,0.0,0.0,0.0,0.0,0.0,0.0,0.0,0.0,0.0,0.0,0.0,0.0,0.0,0.0,0.0,0.0,0.0,0.0,0.0,0.0,0.0,0.0,0.0,0.0,0.0,0.0,0.0,0.0,0.0,0.0,0.0,0.0,0.0,0.0,0.0,0.0,0.0,0.0,0.0,0.0,0.0,0.0,0.0,0.0,0.0,0.0,0.0,0.0,0.0,0.0,0.0,0.0,0.0,0.0,0.0,0.0,0.0,0.0,0.0,0.0,0.0,0.0,0.0,0.0,0.0,0.0,0.0,0.0,0.0,0.0,0.0,0.0,0.0,0.0,0.0,0.0,0.0,0.0,0.0,0.0,0.0,0.0,0.0,0.0,0.0,0.0,0.0,0.0,0.0,0.0,0.0,0.0,0.0,0.0,0.0,0.0,0.0,0.0,0.0,0.0,0.0,0.0,0.0,0.0,0.0,0.0,0.0,0.0,0.0,0.0,0.0,0.0,0.0,0.0,0.0,0.0,0.0,0.0,0.0,0.0,0.0,0.0,0.0,0.0,0.0,0.0,0.0,0.0,0.0,0.0,0.0,0.0,0.0,0.0,0.0,0.0,0.0,0.0,0.0,0.0,0.0,0.0,0.0,0.0,0.0,0.0,0.0,0.0,0.0,0.0,0.0,0.0,0.0,0.0,0.0,0.0,0.0,0.0,0.0,0.0,0.0,0.0,0.0,0.0,0.0,0.0,0.0,0.0,0.0,0.0,0.0,0.0,0.0,0.0,0.0,0.0,0.0,0.0,0.0,0.0,0.0,0.0,0.0,0.0,0.0,0.0,0.0,0.0,0.0,0.0,0.0,0.0,0.0,0.0,0.0,0.0,0.0,0.0,0.0,0.0,0.0,0.0,0.0,0.0,0.0,0.0,0.0,0.0,0.0,0.0,0.0,0.0,0.0,0.0,0.0,0.0,0.0,0.0,0.0,0.0,0.0,0.0,0.0,0.0,0.0,0.0,0.0,0.0,0.0,0.0,0.0,0.0,0.0,0.0,0.0,0.0,0.0,0.0,0.0,0.0,0.0,0.0,0.0,0.0,0.0,0.0,0.0,0.0,0.0,0.0,0.0,0.0,0.0,0.0,0.0,0.0,0.0,0.0,0.0,0.0,0.0,0.0,0.0,0.0,0.0,0.0,0.0,0.0,0.0,0.0,0.0,0.0,0.0,0.0,0.0,0.0,0.0,0.0,0.0,0.0,0.0,0.0,0.0,0.0,0.0,0.0,0.0,0.0,0.0,0.0,0.0,0.0,0.0,0.0,0.0,0.0,0.0,0.0,0.0,0.0,0.0,0.0,0.0,0.0,0.0,0.0,0.0,0.0,0.0,0.0,0.0,0.0,0.0,0.0,0.0,0.0,0.0,0.0,0.0,0.0,0.0,0.0,0.0,0.0,0.0,0.0,0.0,0.0,0.0,0.0,0.0,0.0,0.0,0.0,0.0,0.0,0.0,0.0,0.0,0.0,0.0,0.0,0.0,0.0,0.0,0.0,0.0,0.0,0.0,0.0,0.0,0.0,0.0,0.0,0.0,0.0,0.0,0.0,0.0,0.0,0.0,0.0,0.0,0.0,0.0,0.0,0.0,0.0,0.0,0.0,0.0,0.0,0.0,0.0,0.0,0.0,0.0,0.0,0.0,0.0,0.0,0.0,0.0,0.0,0.0,0.0,0.0,0.0,0.0,0.0,0.0,0.0,0.0,0.0,0.0,0.0,0.0,0.0,0.0,0.0,0.0,0.0,0.0,0.0,0.0,0.0,0.0,0.0,0.0,0.0
Tax85,0.0,-2.5537348,-1.9590267,-1.3568637,-0.7573781,-0.17574072,0.40338036,0.9843898,1.5730759,2.1762366,2.7778997,3.425481,4.070014,4.744731,5.505301,6.312483,7.170455,8.027531,8.92463,9.622357,10.540164,11.563963,12.584257,13.746856,14.243131,15.291862,16.643309,18.185621,19.142414,20.716845,21.84747,23.107887,24.92675,26.69796,28.49146,29.223976,31.440939,33.67319,34.68354,36.41049,38.722546,41.00829,43.16547,46.990875,48.787525,52.20296,55.30073,57.54442,59.753452,63.028595,65.817024,67.60069,71.0524,74.16469,77.380615,78.49513,80.4502,82.69419,83.52844,83.894485,81.893486,81.46766,81.72515,82.3905,85.73735,89.9186,-1.264609,0.0076381695,101.74221,108.39975,114.56213,120.39355,124.75473,1.2265495,133.56795,2.0327713,3.031219,4.877927,5.8010244,7.287697,8.145497,9.34796,9.888245,11.083972,13.32006,15.696323,183.5956,190.98044,201.28996,209.0297,219.95563,229.84586,240.11252,249.41551,253.1606,257.57065,259.10184,266.07175,271.371,275.34647,281.25916,286.5192,290.1124,296.4639,302.58823,307.66055,312.7014,317.5479,325.2602,330.81494,337.1671,342.57925,347.23874,346.18414,341.9175,-33.598007,-31.388485,-28.927855,-28.644867,-28.990898,-30.71092,-32.912945,-35.60506,-37.609024,-39.86813,-42.05277,-44.663097,-50.568,-55.701218,-59.63834,-63.542458,-66.91873,-69.558815,-73.105934,-76.938965,-80.99495,-84.52669,-88.55863,-92.067245,-96.19224,-100.00183,-103.693825,-106.35379,-107.63855,-108.31476,-107.94245,-107.57603,-107.95087,-108.025085,-107.82457,-106.81383,-104.506905,-99.847466,-94.77127,-90.10462,-85.68229,-81.518135,-77.88584,-74.63278,-72.315186,-70.06484,-68.08746,-66.95172,-65.9098,-64.63296,-63.59436,-62.04303,-59.889416,-58.493015,-56.89416,-55.048695,-53.206894,-51.533268,-50.54077,-47.785683,-45.648754,-44.943916,-44.281178,-42.915863,-40.70529,-39.134537,-38.592674,-40.14503,-41.816284,-42.558453,-42.8848,-42.947468,-42.814823,-42.324585,-41.71216,-41.095276,-40.427868,-39.516083,-38.542606,-37.615135,-36.569534,-35.67142,-34.646133,-33.645065,-32.598312,-31.556358,-30.423838,-29.425371,-28.37359,-27.38479,-26.452993,-25.50598,-24.600508,-23.634066,-22.810482,-21.922817,-21.121197,-20.349396,-19.561579,-18.802765,-18.088314,-17.328289,-16.609283,-15.988803,-15.292366,-14.652694,-14.047832,-13.466036,-12.890399,-12.317085,-11.773556,-11.239741,-10.721606,-10.214576,-9.688348,-9.239664,-8.73223,-8.177346,-7.6711082,-7.094177,-6.5164747,-5.8690414,-5.2989974,-4.6152406,-3.9385688,-3.35808,-2.7834568,-2.2996156,-1.8229316,-1.4573265,-1.1307108,-0.862871,-0.68840396,-0.51042026,-0.35927758,-0.236312,-0.16013569,-0.12720242,-0.10808785,-0.07662903,-0.06399478,-0.05184481,-0.047668215,-0.03816211,-0.026493933,-0.025679499,-0.019767938,-0.016598662,-0.016102467,-0.005445211,-0.0027641598,-0.002680829,-0.002599236,0.0,0.0,0.0,0.0,0.0,0.0,0.0,0.0,0.0,0.0,0.0,0.0,0.0,0.0,0.0,0.0,0.0,0.0,0.0,0.0,0.0,0.0,0.0,0.0,0.0,0.0,0.0,0.0,0.0,0.0,0.0,0.0,0.0,0.0,0.0,0.0,0.0,0.0,0.0,0.0,0.0,0.0,0.0,0.0,0.0,0.0,0.0,0.0,0.0,0.0,0.0,0.0,0.0,0.0,0.0,0.0,0.0,0.0,0.0,0.0,0.0,0.0,0.0,0.0,0.0,0.0,0.0,0.0,0.0,0.0,0.0,0.0,0.0,0.0,0.0,0.0,0.0,0.0,0.0,0.0,0.0,0.0,0.0,0.0,0.0,0.0,0.0,0.0,0.0,0.0,0.0,0.0,0.0,0.0,0.0,0.0,0.0,0.0,0.0,0.0,0.0,0.0,0.0,0.0,0.0,0.0,0.0,0.0,0.0,0.0,0.0,0.0,0.0,0.0,0.0,0.0,0.0,0.0,0.0,0.0,0.0,0.0,0.0,0.0,0.0,0.0,0.0,0.0,0.0,0.0,0.0,0.0,0.0,0.0,0.0,0.0,0.0,0.0,0.0,0.0,0.0,0.0,0.0,0.0,0.0,0.0,0.0,0.0,0.0,0.0,0.0,0.0,0.0,0.0,0.0,0.0,0.0,0.0,0.0,0.0,0.0,0.0,0.0,0.0,0.0,0.0,0.0,0.0,0.0,0.0,0.0,0.0,0.0,0.0,0.0,0.0,0.0,0.0,0.0,0.0,0.0,0.0,0.0,0.0,0.0,0.0,0.0,0.0,0.0,0.0,0.0,0.0,0.0,0.0,0.0,0.0,0.0,0.0,0.0,0.0,0.0,0.0,0.0,0.0,0.0,0.0,0.0,0.0,0.0,0.0,0.0,0.0,0.0,0.0,0.0,0.0,0.0,0.0,0.0,0.0,0.0,0.0,0.0,0.0,0.0,0.0,0.0,0.0,0.0,0.0,0.0,0.0,0.0,0.0,0.0,0.0,0.0,0.0,0.0,0.0,0.0,0.0,0.0,0.0,0.0,0.0,0.0,0.0,0.0,0.0,0.0,0.0,0.0,0.0,0.0,0.0,0.0,0.0,0.0,0.0,0.0,0.0,0.0,0.0,0.0,0.0,0.0,0.0,0.0,0.0,0.0,0.0,0.0,0.0,0.0,0.0,0.0,0.0,0.0,0.0,0.0,0.0,0.0,0.0,0.0,0.0,0.0,0.0,0.0,0.0,0.0,0.0,0.0,0.0,0.0,0.0,0.0,0.0,0.0,0.0,0.0,0.0,0.0,0.0,0.0,0.0,0.0,0.0,0.0,0.0,0.0,0.0,0.0,0.0,0.0,0.0,0.0,0.0,0.0,0.0,0.0,0.0,0.0,0.0,0.0,0.0,0.0,0.0,0.0,0.0,0.0,0.0,0.0,0.0,0.0,0.0,0.0,0.0,0.0,0.0,0.0,0.0,0.0,0.0,0.0,0.0,0.0,0.0,0.0,0.0,0.0,0.0,0.0,0.0,0.0,0.0,0.0,0.0,0.0,0.0,0.0,0.0,0.0,0.0,0.0,0.0,0.0,0.0,0.0,0.0,0.0,0.0,0.0,0.0,0.0,0.0,0.0,0.0,0.0,0.0,0.0,0.0,0.0,0.0,0.0,0.0,0.0,0.0,0.0,0.0,0.0,0.0,0.0,0.0,0.0,0.0,0.0,0.0,0.0,0.0,0.0,0.0,0.0,0.0,0.0,0.0,0.0,0.0,0.0,0.0,0.0,0.0,0.0,0.0,0.0,0.0,0.0,0.0,0.0,0.0,0.0,0.0,0.0,0.0,0.0,0.0,0.0,0.0,0.0,0.0,0.0,0.0,0.0,0.0,0.0,0.0,0.0,0.0,0.0,0.0,0.0,0.0,0.0,0.0,0.0,0.0,0.0,0.0,0.0,0.0,0.0,0.0,0.0,0.0,0.0,0.0,0.0,0.0,0.0,0.0,0.0,0.0,0.0,0.0,0.0,0.0,0.0,0.0,0.0,0.0,0.0,0.0,0.0,0.0,0.0,0.0,0.0,0.0,0.0,0.0,0.0,0.0,0.0,0.0,0.0,0.0,0.0,0.0,0.0,0.0,0.0,0.0,0.0,0.0,0.0,0.0,0.0,0.0,0.0,0.0,0.0,0.0,0.0,0.0,0.0,0.0,0.0,0.0,0.0,0.0,0.0,0.0,0.0,0.0,0.0,0.0,0.0,0.0,0.0,0.0,0.0,0.0,0.0,0.0,0.0,0.0,0.0,0.0,0.0,0.0,0.0,0.0,0.0,0.0,0.0,0.0,0.0,0.0,0.0,0.0,0.0,0.0,0.0,0.0,0.0,0.0,0.0,0.0,0.0,0.0,0.0,0.0,0.0,0.0,0.0,0.0,0.0,0.0,0.0,0.0,0.0,0.0,0.0,0.0,0.0,0.0,0.0,0.0,0.0,0.0,0.0,0.0,0.0,0.0,0.0,0.0,0.0,0.0,0.0,0.0,0.0,0.0,0.0,0.0,0.0,0.0,0.0,0.0,0.0,0.0,0.0,0.0,0.0,0.0,0.0,0.0,0.0,0.0,0.0,0.0,0.0,0.0,0.0,0.0,0.0,0.0,0.0,0.0,0.0,0.0,0.0,0.0,0.0,0.0,0.0,0.0,0.0,0.0,0.0,0.0,0.0,0.0,0.0,0.0,0.0,0.0,0.0,0.0,0.0,0.0,0.0,0.0,0.0,0.0,0.0,0.0,0.0,0.0,0.0,0.0,0.0,0.0,0.0,0.0,0.0,0.0,0.0,0.0,0.0,0.0,0.0,0.0,0.0,0.0,0.0,0.0,0.0,0.0,0.0,0.0,0.0,0.0,0.0,0.0,0.0,0.0,0.0,0.0,0.0,0.0,0.0,0.0,0.0,0.0,0.0,0.0,0.0,0.0,0.0,0.0,0.0,0.0,0.0,0.0,0.0,0.0,0.0,0.0,0.0,0.0,0.0,0.0,0.0,0.0,0.0,0.0,0.0,0.0,0.0,0.0,0.0,0.0,0.0,0.0,0.0,0.0,0.0,0.0,0.0,0.0,0.0,0.0,0.0,0.0,0.0,0.0,0.0,0.0,0.0,0.0,0.0,0.0,0.0,0.0,0.0,0.0,0.0,0.0,0.0,0.0,0.0,0.0,0.0,0.0,0.0,0.0,0.0,0.0,0.0,0.0,0.0,0.0,0.0,0.0,0.0,0.0,0.0,0.0,0.0,0.0,0.0,0.0,0.0,0.0,0.0,0.0,0.0,0.0,0.0,0.0,0.0,0.0,0.0,0.0,0.0,0.0,0.0,0.0,0.0,0.0,0.0,0.0,0.0,0.0,0.0,0.0,0.0,0.0,0.0,0.0,0.0,0.0,0.0,0.0,0.0,0.0,0.0,0.0,0.0,0.0,0.0,0.0,0.0,0.0,0.0,0.0,0.0,0.0,0.0,0.0,0.0,0.0,0.0,0.0,0.0,0.0,0.0,0.0,0.0,0.0,0.0,0.0,0.0,0.0,0.0,0.0,0.0,0.0,0.0,0.0,0.0,0.0,0.0,0.0,0.0,0.0,0.0,0.0,0.0,0.0,0.0,0.0,0.0,0.0,0.0,0.0,0.0,0.0,0.0,0.0,0.0,0.0,0.0,0.0,0.0,0.0,0.0,0.0,0.0,0.0,0.0,0.0,0.0,0.0,0.0,0.0,0.0,0.0,0.0,0.0,0.0,0.0,0.0,0.0,0.0,0.0,0.0,0.0,0.0,0.0,0.0,0.0,0.0,0.0,0.0,0.0,0.0,0.0,0.0,0.0,0.0,0.0,0.0,0.0,0.0,0.0,0.0,0.0,0.0,0.0,0.0,0.0,0.0,0.0,0.0,0.0,0.0,0.0,0.0,0.0,0.0,0.0,0.0,0.0,0.0,0.0,0.0,0.0,0.0,0.0,0.0,0.0,0.0,0.0,0.0,0.0,0.0,0.0,0.0,0.0,0.0,0.0,0.0,0.0,0.0,0.0,0.0,0.0,0.0,0.0,0.0,0.0,0.0,0.0,0.0,0.0,0.0,0.0,0.0,0.0,0.0,0.0,0.0,0.0,0.0,0.0,0.0,0.0,0.0,0.0,0.0,0.0,0.0,0.0,0.0,0.0,0.0,0.0,0.0,0.0,0.0,0.0,0.0,0.0,0.0,0.0,0.0,0.0,0.0,0.0,0.0,0.0,0.0,0.0,0.0,0.0,0.0,0.0,0.0,0.0,0.0,0.0,0.0,0.0,0.0,0.0,0.0,0.0,0.0,0.0,0.0,0.0,0.0,0.0,0.0,0.0,0.0,0.0,0.0,0.0,0.0,0.0,0.0,0.0,0.0,0.0,0.0,0.0,0.0,0.0,0.0,0.0,0.0,0.0,0.0,0.0,0.0,0.0,0.0,0.0,0.0,0.0,0.0,0.0,0.0,0.0,0.0,0.0,0.0,0.0,0.0,0.0,0.0,0.0,0.0,0.0,0.0,0.0,0.0,0.0,0.0,0.0,0.0,0.0,0.0,0.0,0.0,0.0,0.0,0.0,0.0,0.0,0.0,0.0,0.0,0.0,0.0,0.0,0.0,0.0,0.0,0.0,0.0,0.0,0.0,0.0,0.0,0.0,0.0,0.0,0.0,0.0,0.0,0.0,0.0,0.0,0.0,0.0,0.0,0.0,0.0,0.0,0.0,0.0,0.0,0.0,0.0,0.0,0.0,0.0,0.0,0.0,0.0,0.0,0.0,0.0,0.0,0.0,0.0,0.0,0.0,0.0,0.0,0.0,0.0,0.0,0.0,0.0,0.0,0.0,0.0,0.0,0.0,0.0,0.0,0.0,0.0,0.0,0.0,0.0,0.0,0.0,0.0,0.0,0.0,0.0,0.0,0.0,0.0,0.0,0.0,0.0,0.0,0.0,0.0,0.0,0.0,0.0,0.0,0.0,0.0,0.0,0.0,0.0,0.0,0.0,0.0,0.0,0.0,0.0,0.0,0.0,0.0,0.0,0.0,0.0,0.0,0.0,0.0,0.0,0.0,0.0,0.0,0.0,0.0,0.0,0.0,0.0,0.0,0.0,0.0,0.0,0.0,0.0,0.0,0.0,0.0,0.0,0.0,0.0,0.0,0.0,0.0,0.0,0.0,0.0,0.0,0.0,0.0,0.0,0.0,0.0,0.0,0.0,0.0,0.0,0.0,0.0,0.0,0.0,0.0,0.0,0.0,0.0,0.0,0.0,0.0,0.0,0.0,0.0,0.0,0.0,0.0,0.0,0.0,0.0,0.0,0.0,0.0,0.0,0.0,0.0,0.0,0.0,0.0,0.0,0.0,0.0,0.0,0.0,0.0,0.0,0.0,0.0,0.0,0.0,0.0,0.0,0.0,0.0,0.0,0.0,0.0,0.0,0.0,0.0,0.0,0.0,0.0,0.0,0.0,0.0,0.0,0.0,0.0,0.0,0.0,0.0,0.0,0.0,0.0,0.0,0.0,0.0,0.0,0.0,0.0,0.0,0.0,0.0,0.0,0.0,0.0,0.0,0.0,0.0,0.0,0.0,0.0,0.0,0.0,0.0,0.0,0.0,0.0,0.0,0.0,0.0,0.0,0.0,0.0,0.0,0.0,0.0,0.0,0.0,0.0,0.0,0.0,0.0,0.0,0.0,0.0,0.0,0.0,0.0,0.0,0.0,0.0,0.0,0.0,0.0,0.0,0.0,0.0,0.0,0.0,0.0,0.0,0.0,0.0,0.0,0.0,0.0,0.0,0.0,0.0,0.0,0.0,0.0,0.0,0.0,0.0,0.0,0.0,0.0,0.0,0.0,0.0,0.0,0.0,0.0,0.0,0.0,0.0,0.0,0.0,0.0,0.0,0.0,0.0,0.0,0.0,0.0,0.0,0.0,0.0,0.0,0.0,0.0,0.0,0.0,0.0,0.0,0.0,0.0,0.0,0.0,0.0,0.0,0.0,0.0,0.0,0.0,0.0,0.0,0.0,0.0,0.0,0.0,0.0,0.0,0.0,0.0,0.0,0.0,0.0,0.0,0.0,0.0,0.0,0.0,0.0,0.0,0.0,0.0,0.0,0.0,0.0,0.0,0.0,0.0,0.0,0.0,0.0,0.0,0.0,0.0,0.0,0.0,0.0,0.0,0.0,0.0,0.0,0.0,0.0,0.0,0.0,0.0,0.0,0.0,0.0,0.0,0.0,0.0,0.0,0.0,0.0,0.0,0.0,0.0,0.0,0.0,0.0,0.0,0.0,0.0,0.0,0.0,0.0,0.0,0.0,0.0,0.0,0.0,0.0,0.0,0.0,0.0,0.0,0.0,0.0,0.0,0.0,0.0,0.0,0.0,0.0,0.0,0.0,0.0,0.0,0.0,0.0,0.0,0.0,0.0,0.0,0.0,0.0,0.0,0.0,0.0,0.0,0.0,0.0,0.0,0.0,0.0,0.0,0.0,0.0,0.0,0.0,0.0,0.0,0.0,0.0,0.0,0.0,0.0,0.0,0.0,0.0,0.0,0.0,0.0,0.0,0.0,0.0,0.0,0.0,0.0,0.0,0.0,0.0,0.0,0.0,0.0,0.0,0.0,0.0,0.0,0.0,0.0,0.0,0.0,0.0,0.0,0.0,0.0,0.0,0.0,0.0,0.0,0.0,0.0,0.0,0.0,0.0,0.0,0.0,0.0,0.0,0.0,0.0,0.0,0.0,0.0,0.0,0.0,0.0,0.0,0.0,0.0,0.0,0.0,0.0,0.0,0.0,0.0,0.0,0.0,0.0,0.0,0.0,0.0,0.0,0.0,0.0,0.0,0.0,0.0,0.0,0.0,0.0,0.0,0.0,0.0,0.0,0.0,0.0,0.0,0.0,0.0,0.0,0.0,0.0,0.0,0.0,0.0,0.0,0.0,0.0,0.0,0.0,0.0,0.0,0.0,0.0,0.0,0.0,0.0,0.0,0.0,0.0,0.0,0.0,0.0,0.0,0.0,0.0,0.0,0.0,0.0,0.0,0.0,0.0,0.0,0.0,0.0,0.0,0.0,0.0,0.0,0.0,0.0,0.0,0.0,0.0,0.0,0.0,0.0,0.0,0.0,0.0,0.0,0.0,0.0,0.0,0.0,0.0,0.0,0.0,0.0,0.0,0.0,0.0,0.0,0.0,0.0,0.0,0.0,0.0,0.0,0.0,0.0,0.0,0.0,0.0,0.0,0.0,0.0,0.0,0.0,0.0,0.0,0.0,0.0,0.0,0.0,0.0,0.0,0.0,0.0,0.0,0.0,0.0,0.0,0.0,0.0,0.0,0.0,0.0,0.0,0.0,0.0,0.0,0.0,0.0,0.0,0.0,0.0,0.0,0.0,0.0,0.0,0.0,0.0,0.0,0.0,0.0,0.0,0.0,0.0,0.0,0.0,0.0,0.0,0.0,0.0,0.0,0.0,0.0,0.0,0.0,0.0,0.0,0.0,0.0,0.0,0.0,0.0,0.0,0.0,0.0,0.0,0.0,0.0,0.0,0.0,0.0,0.0,0.0,0.0,0.0,0.0,0.0,0.0,0.0,0.0,0.0,0.0,0.0,0.0,0.0,0.0,0.0,0.0,0.0,0.0,0.0,0.0,0.0,0.0,0.0,0.0,0.0,0.0,0.0,0.0,0.0,0.0,0.0,0.0,0.0,0.0,0.0,0.0,0.0,0.0,0.0,0.0,0.0,0.0,0.0,0.0,0.0,0.0,0.0,0.0,0.0,0.0,0.0,0.0,0.0,0.0,0.0,0.0,0.0,0.0,0.0,0.0,0.0,0.0,0.0,0.0,0.0,0.0,0.0,0.0,0.0,0.0,0.0,0.0,0.0,0.0,0.0,0.0,0.0,0.0,0.0,0.0,0.0,0.0,0.0,0.0,0.0,0.0,0.0,0.0,0.0,0.0,0.0,0.0,0.0,0.0,0.0,0.0,0.0,0.0,0.0,0.0,0.0,0.0,0.0,0.0,0.0,0.0,0.0,0.0,0.0,0.0,0.0,0.0,0.0,0.0,0.0,0.0,0.0,0.0,0.0,0.0,0.0,0.0,0.0,0.0,0.0,0.0,0.0,0.0,0.0,0.0,0.0,0.0,0.0,0.0,0.0,0.0,0.0,0.0,0.0,0.0,0.0,0.0,0.0,0.0,0.0,0.0,0.0,0.0,0.0,0.0,0.0,0.0,0.0,0.0,0.0,0.0,0.0,0.0,0.0,0.0,0.0,0.0,0.0,0.0,0.0,0.0,0.0,0.0,0.0,0.0,0.0,0.0,0.0,0.0,0.0,0.0,0.0,0.0,0.0,0.0,0.0,0.0,0.0,0.0,0.0,0.0,0.0,0.0,0.0,0.0,0.0,0.0,0.0,0.0,0.0,0.0,0.0,0.0,0.0,0.0,0.0,0.0,0.0,0.0,0.0,0.0,0.0,0.0,0.0,0.0,0.0,0.0,0.0,0.0,0.0,0.0,0.0,0.0,0.0,0.0,0.0,0.0,0.0,0.0,0.0,0.0,0.0,0.0,0.0,0.0,0.0,0.0,0.0,0.0,0.0,0.0,0.0,0.0,0.0,0.0,0.0,0.0,0.0,0.0,0.0,0.0,0.0,0.0,0.0,0.0,0.0,0.0,0.0,0.0,0.0,0.0,0.0,0.0,0.0,0.0,0.0,0.0,0.0,0.0,0.0,0.0,0.0,0.0,0.0,0.0,0.0,0.0,0.0,0.0,0.0,0.0,0.0,0.0,0.0,0.0,0.0,0.0,0.0,0.0,0.0,0.0,0.0,0.0,0.0,0.0,0.0,0.0,0.0,0.0,0.0,0.0,0.0,0.0,0.0,0.0,0.0,0.0,0.0,0.0,0.0,0.0,0.0,0.0,0.0,0.0,0.0,0.0,0.0,0.0,0.0,0.0,0.0,0.0,0.0,0.0,0.0,0.0,0.0,0.0,0.0,0.0,0.0,0.0,0.0,0.0,0.0,0.0,0.0,0.0,0.0,0.0,0.0,0.0,0.0,0.0,0.0,0.0,0.0,0.0,0.0,0.0,0.0,0.0,0.0,0.0,0.0,0.0,0.0,0.0,0.0,0.0,0.0,0.0,0.0,0.0,0.0,0.0,0.0,0.0,0.0,0.0,0.0,0.0,0.0,0.0,0.0,0.0,0.0,0.0,0.0,0.0,0.0,0.0,0.0,0.0,0.0,0.0,0.0,0.0,0.0,0.0,0.0,0.0,0.0,0.0,0.0,0.0,0.0,0.0,0.0,0.0,0.0,0.0,0.0,0.0,0.0,0.0,0.0,0.0,0.0,0.0,0.0,0.0,0.0,0.0,0.0,0.0,0.0,0.0,0.0,0.0,0.0,0.0,0.0,0.0,0.0,0.0,0.0,0.0,0.0,0.0,0.0,0.0,0.0,0.0,0.0,0.0,0.0,0.0,0.0,0.0,0.0,0.0,0.0,0.0,0.0,0.0,0.0,0.0,0.0,0.0,0.0,0.0,0.0,0.0,0.0,0.0,0.0,0.0,0.0,0.0,0.0,0.0,0.0,0.0,0.0,0.0,0.0,0.0,0.0,0.0,0.0,0.0,0.0,0.0,0.0,0.0,0.0,0.0,0.0,0.0,0.0,0.0,0.0,0.0,0.0,0.0,0.0,0.0,0.0,0.0,0.0,0.0,0.0,0.0,0.0,0.0,0.0,0.0,0.0,0.0,0.0,0.0,0.0,0.0,0.0,0.0,0.0,0.0,0.0,0.0,0.0,0.0,0.0,0.0,0.0,0.0,0.0,0.0,0.0,0.0,0.0,0.0,0.0,0.0,0.0,0.0,0.0,0.0,0.0,0.0,0.0,0.0,0.0,0.0,0.0,0.0,0.0,0.0,0.0,0.0,0.0,0.0,0.0,0.0,0.0,0.0,0.0,0.0,0.0,0.0,0.0,0.0,0.0,0.0,0.0,0.0,0.0,0.0,0.0,0.0,0.0,0.0,0.0,0.0,0.0,0.0,0.0,0.0,0.0,0.0,0.0,0.0,0.0,0.0,0.0,0.0,0.0,0.0,0.0,0.0,0.0,0.0,0.0,0.0,0.0,0.0,0.0,0.0,0.0,0.0,0.0,0.0,0.0,0.0,0.0,0.0,0.0,0.0,0.0,0.0,0.0,0.0,0.0,0.0,0.0,0.0,0.0,0.0,0.0,0.0,0.0,0.0,0.0,0.0,0.0,0.0,0.0,0.0,0.0,0.0,0.0,0.0,0.0,0.0,0.0,0.0,0.0,0.0,0.0,0.0,0.0,0.0,0.0,0.0,0.0,0.0,0.0,0.0,0.0,0.0,0.0,0.0,0.0,0.0,0.0,0.0,0.0,0.0,0.0,0.0,0.0,0.0,0.0,0.0,0.0,0.0,0.0,0.0,0.0,0.0,0.0,0.0,0.0,0.0,0.0,0.0,0.0,0.0,0.0,0.0,0.0,0.0,0.0,0.0,0.0,0.0,0.0,0.0,0.0,0.0,0.0,0.0,0.0,0.0,0.0,0.0,0.0,0.0,0.0,0.0,0.0,0.0,0.0,0.0,0.0,0.0,0.0,0.0,0.0,0.0,0.0,0.0,0.0,0.0,0.0,0.0,0.0,0.0,0.0,0.0,0.0,0.0,0.0,0.0,0.0,0.0,0.0,0.0,0.0,0.0,0.0,0.0,0.0,0.0,0.0,0.0,0.0,0.0,0.0,0.0,0.0,0.0,0.0,0.0,0.0,0.0,0.0,0.0,0.0,0.0,0.0,0.0,0.0,0.0,0.0,0.0,0.0,0.0,0.0,0.0,0.0,0.0,0.0,0.0,0.0,0.0,0.0,0.0,0.0,0.0,0.0,0.0,0.0,0.0,0.0,0.0,0.0,0.0,0.0,0.0,0.0,0.0,0.0,0.0,0.0,0.0,0.0,0.0,0.0,0.0,0.0,0.0,0.0,0.0,0.0,0.0,0.0,0.0,0.0,0.0,0.0,0.0,0.0,0.0,0.0,0.0,0.0,0.0,0.0,0.0,0.0,0.0,0.0,0.0,0.0,0.0,0.0,0.0,0.0,0.0,0.0,0.0,0.0,0.0,0.0,0.0,0.0,0.0,0.0,0.0,0.0,0.0,0.0,0.0,0.0,0.0,0.0,0.0,0.0,0.0,0.0,0.0,0.0,0.0,0.0,0.0,0.0,0.0,0.0,0.0,0.0,0.0,0.0,0.0,0.0,0.0,0.0,0.0,0.0,0.0,0.0,0.0,0.0,0.0,0.0,0.0,0.0,0.0,0.0,0.0,0.0,0.0,0.0,0.0,0.0,0.0,0.0,0.0,0.0,0.0,0.0,0.0,0.0,0.0,0.0,0.0,0.0,0.0,0.0,0.0,0.0,0.0,0.0,0.0,0.0,0.0,0.0,0.0,0.0,0.0,0.0,0.0,0.0,0.0,0.0,0.0,0.0,0.0,0.0,0.0,0.0,0.0,0.0,0.0,0.0,0.0,0.0,0.0,0.0,0.0,0.0,0.0,0.0,0.0,0.0,0.0,0.0,0.0,0.0,0.0,0.0,0.0,0.0,0.0,0.0,0.0,0.0,0.0,0.0,0.0,0.0,0.0,0.0
Tax86,0.0,-1.8123491,-1.3839577,-0.88398534,-0.33379877,0.24264546,0.84706604,1.4761839,2.1292684,2.807139,3.5115685,4.2399645,4.967054,5.6950607,6.4196105,7.207703,7.8983173,8.7197485,9.521097,10.425545,11.0734215,12.005378,12.568472,13.529747,14.370638,15.293683,16.33203,17.227873,18.656649,20.392145,21.57539,22.752382,24.066385,25.194553,26.71249,27.9402,29.82895,32.19493,33.323208,34.85222,36.780525,39.205406,41.382324,44.309437,46.323338,49.529163,52.49077,54.794403,56.575943,59.207428,60.94723,63.91301,66.83796,69.42796,71.71541,72.963066,75.5071,78.4324,80.076805,80.419426,80.64481,81.51994,81.632095,83.77556,87.03907,90.77605,34.40129,36.671894,104.28635,110.93518,117.130104,123.00139,127.369286,49.064083,137.76501,54.021584,56.205036,59.517914,61.98535,64.83519,68.00452,70.40312,72.63988,76.269135,80.651146,84.879585,221.51299,232.12048,246.4021,261.1881,276.07913,294.79187,310.30844,324.0609,327.56827,332.01743,338.68552,350.94626,356.85574,366.4116,376.59155,383.00684,394.79205,406.04208,418.5455,428.4751,439.14163,450.92004,461.70325,470.00958,482.10028,493.01743,501.64444,505.63675,506.56973,186.08615,188.9676,192.90552,193.14413,192.76585,191.10663,188.69655,186.40302,184.52025,181.08008,178.42651,173.59192,162.81612,153.59103,146.95367,138.58897,130.73433,124.339455,115.382195,106.42737,96.3869,87.20382,75.76039,64.447754,52.503796,39.85931,27.161606,16.232304,7.554321,0.10122467,-4.6238203,-10.120269,-17.598484,-24.836609,-31.548508,-36.043102,-36.237335,-28.004463,-17.944647,-9.465877,-1.0438101,7.1413302,13.468538,17.986898,19.495596,21.252129,21.608688,18.788895,15.5262785,13.636146,11.186652,11.18889,14.025363,13.1502495,13.718102,15.580577,17.67321,18.278711,15.933399,23.518091,27.678438,24.348318,22.097885,23.170973,28.727694,31.318514,28.398342,14.540129,-0.9898141,-11.683203,-19.60852,-27.379192,-33.744904,-37.55462,-42.044243,-45.478924,-48.685516,-50.300453,-50.824844,-51.918594,-52.1392,-52.776375,-53.29489,-52.998276,-52.673374,-52.308163,-51.783695,-50.623943,-49.552948,-49.076427,-48.302364,-47.224728,-45.93146,-44.304745,-42.758713,-41.023335,-39.1309,-36.92037,-34.99511,-33.082634,-31.47126,-29.827255,-28.412567,-26.877167,-25.47229,-24.29911,-22.894655,-21.628973,-20.411058,-19.541197,-18.305521,-17.284735,-16.301594,-15.371744,-14.623819,-13.77474,-12.869047,-12.293838,-11.687157,-10.948112,-10.198926,-9.607226,-8.999406,-8.265521,-7.7655716,-7.3621383,-6.957402,-6.605796,-6.2718277,-5.885098,-5.5253057,-5.165284,-4.9386206,-4.7159476,-4.4620895,-4.1850405,-3.9169326,-3.7362568,-3.4914544,-3.2774878,-3.0531242,-2.8731964,-2.709582,-2.5604444,-2.4046116,-2.2234974,-2.1211607,-2.0058074,-1.8650173,-1.7220862,-1.6039225,-1.5235444,-1.4143548,-1.3503286,-1.302912,-1.2380327,-1.1472312,-1.0736849,-1.0128195,-0.9787093,-0.9119308,-0.8503341,-0.802187,-0.7600667,-0.7224245,-0.69271314,-0.6689347,-0.62665105,-0.5933117,-0.5636853,-0.53492624,-0.50975883,-0.49317414,-0.47469825,-0.45364034,-0.4165844,-0.3964466,-0.38962242,-0.3687238,-0.3490428,-0.33564487,-0.31344485,-0.27980748,-0.26228794,-0.23793648,-0.21471228,-0.19761077,-0.17605436,-0.15657626,-0.1388602,-0.117725246,-0.09401612,-0.07098646,-0.04931953,-0.022007741,0.006905338,0.04166503,0.07408098,0.11292256,0.15460043,0.2041729,0.2669339,0.34298334,0.4294162,0.52493465,0.638416,0.82606,1.1772478,1.6405431,2.1089942,2.425917,2.7150888,3.1022232,3.5155754,3.8017585,4.452617,5.243234,6.103681,7.277654,8.763628,10.633028,13.036764,16.060436,40.079704,56.824738,78.35888,108.66619,146.42987,195.85617,247.62138,308.17148,365.31912,418.80048,457.48672,480.0872,455.62262,373.79385,256.66406,147.69249,70.093506,26.587242,9.615791,3.7296956,2.4303665,3.5986915,5.1820593,6.676909,7.9231315,9.46145,11.674799,13.631542,-19.242882,-16.057665,-12.545364,-8.848361,-5.096052,-1.3303951,2.4095597,6.1115327,9.784605,13.396734,16.990034,20.518503,24.072119,27.576393,31.050262,34.571087,38.089836,41.534134,45.00546,48.479523,52.025917,55.58995,58.938744,62.211277,65.31872,68.23274,69.51064,72.3512,75.61853,78.68498,83.14832,89.51106,92.88966,97.56522,103.729866,109.49717,112.50517,115.86773,119.49783,124.09341,129.8488,139.65869,150.07884,156.7456,167.06367,176.73679,182.3887,188.89247,194.84923,200.00108,204.37518,212.98744,218.97464,227.3953,230.89468,235.07199,241.18874,242.9756,242.91014,238.81664,239.47986,238.71475,239.84534,251.35802,262.39343,75.74914,82.421135,304.02814,323.32578,341.1421,355.0215,364.72916,113.274376,389.86545,125.19527,131.2028,140.90718,148.49448,157.57184,166.10524,174.43721,180.29,191.90088,205.97235,220.36324,634.4291,660.99646,693.63324,715.6959,741.53845,771.06213,798.9369,819.9143,823.69653,823.2714,826.4883,849.5071,859.17596,868.652,879.94836,888.26416,902.08704,918.47736,931.809,943.5864,957.0348,971.2231,992.6954,1005.8733,1023.77875,1038.319,1050.973,1052.3943,1044.5999,359.44333,371.29596,384.39612,391.09128,395.83212,398.0396,397.65598,396.41687,396.22156,393.45078,391.20578,384.9394,365.15698,347.60526,334.8554,318.77667,305.21637,294.45248,277.6176,257.92392,236.31177,214.03064,187.3246,160.39352,130.17807,99.214264,68.02288,43.680363,27.054283,12.848331,4.5809627,-5.8827596,-21.370686,-37.471992,-52.928425,-63.54485,-64.805984,-48.33698,-27.21536,-9.352194,8.579407,25.998253,39.861843,50.167374,54.33882,58.906437,61.22534,56.122322,50.298443,46.928673,42.32224,43.03132,50.54315,50.136787,52.537426,58.326622,65.04538,67.87697,64.13483,84.35486,96.73541,91.30844,87.886635,92.70792,109.31482,118.82353,114.563156,80.135185,39.81838,11.066749,-10.459452,-30.753849,-47.64309,-58.09094,-69.981804,-80.01419,-89.16516,-94.346146,-97.10668,-100.38269,-102.18007,-105.01262,-106.703674,-106.420456,-105.43886,-105.095795,-104.28921,-102.01119,-99.950485,-99.2284,-98.02922,-95.38115,-92.27789,-89.16324,-86.23644,-82.60419,-79.18287,-75.75889,-72.3352,-68.876335,-65.89076,-62.694027,-59.89179,-57.041058,-54.565006,-51.924145,-49.564793,-46.877007,-44.48457,-42.199226,-39.80199,-37.47478,-35.04339,-32.869263,-30.868832,-29.135406,-27.463482,-26.057817,-24.630022,-23.29028,-21.844675,-20.608465,-19.442503,-18.600664,-17.538479,-16.521059,-15.39794,-14.649771,-13.817673,-13.052765,-12.295858,-11.529853,-10.756958,-10.199682,-9.62737,-9.058895,-8.522144,-8.041411,-7.6070046,-7.187452,-6.8341866,-6.398776,-5.9921618,-5.63943,-5.322369,-5.0515647,-4.76352,-4.519304,-4.2620606,-4.059924,-3.808259,-3.6098526,-3.3789387,-3.2508354,-3.0767093,-2.8827767,-2.741009,-2.575119,-2.3895004,-2.2337139,-2.1435282,-2.0605233,-1.9556451,-1.7956336,-1.7005888,-1.6116254,-1.5329266,-1.4572337,-1.3750113,-1.2721752,-1.2224892,-1.1497729,-1.0734055,-1.0077671,-0.95474267,-0.8971265,-0.84533215,-0.8213998,-0.7710091,-0.7092701,-0.6607876,-0.6335109,-0.591423,-0.5270989,-0.4751145,-0.43910706,-0.3993271,-0.3517712,-0.30846113,-0.26198912,-0.21446961,-0.16880065,-0.12233344,-0.07254889,-0.0078052995,0.06215744,0.1439092,0.22778532,0.31655043,0.42246842,0.5390555,0.6792368,0.8514197,1.0715574,1.2840818,1.5676732,2.0136192,2.8460007,3.9311774,5.075864,5.8829393,6.5726576,7.346974,8.25742,8.979347,10.042996,11.395999,12.718393,14.775075,16.654047,19.024794,21.690315,24.66064,57.481224,70.99877,83.83042,98.864655,108.98923,118.161026,124.21832,125.24191,120.54132,109.709984,96.84523,82.95842,65.181,45.200024,30.797522,25.176666,23.97638,23.870523,25.401697,26.204182,27.157143,29.077984,30.315565,31.605736,32.560303,33.86892,35.947372,38.41343,-10.9629345,-9.318482,-7.525442,-5.659421,-3.7702975,-1.8877343,-0.028931227,1.8110348,3.6105168,5.386671,7.1461525,8.872411,10.597274,12.319499,14.010186,15.722902,17.434063,19.086338,20.773067,22.475561,24.18144,25.906689,27.603714,29.345552,31.0655,32.481873,33.952583,35.02234,35.885365,37.485764,39.02071,41.6336,43.386528,45.368717,47.52532,51.01319,53.186825,52.610325,55.339977,57.205704,59.87616,62.192566,67.67741,71.23356,75.97358,80.725296,83.38168,85.798386,89.014656,91.412636,93.441,98.34002,99.62685,102.3446,104.42787,106.33126,108.78246,108.76199,108.209526,106.141,105.718124,105.85303,106.727974,112.144165,117.24825,30.415424,33.64449,137.83862,147.0438,155.94273,164.10968,168.82329,49.438892,182.08986,55.421535,57.89282,62.550926,65.909744,70.49331,74.714066,78.55916,81.72366,87.62168,94.81864,102.36522,304.1627,319.65796,339.1219,354.02917,370.4069,385.19794,397.30072,410.52155,411.96506,417.96848,423.3414,441.82205,453.57428,464.75116,478.7986,489.94885,505.46072,522.90753,537.77325,551.8142,567.94385,587.96063,607.2423,627.6866,646.6941,669.31616,688.31604,700.7587,707.4798,236.88373,249.32141,264.13748,272.8322,278.87943,284.6705,287.37878,289.54037,292.51935,293.19913,295.39923,293.93082,278.06088,265.56842,258.60703,247.6496,237.83777,231.27176,218.76025,203.13838,185.19594,167.9467,146.04459,123.51483,99.005035,73.1881,47.20548,26.705368,13.025653,1.5347238,-4.834042,-13.259056,-26.35895,-40.13245,-53.157536,-62.260006,-63.463726,-49.792774,-31.373373,-14.723046,2.2157838,18.937847,33.11181,44.20599,49.784058,55.395348,58.592953,55.286823,50.601654,48.130795,44.22295,44.857784,51.981236,52.375553,55.152046,60.720284,67.70902,71.5766,69.01069,88.07542,101.82797,98.679794,96.40634,101.74089,118.88884,130.69092,128.15085,94.75391,54.41556,25.16652,3.1360292,-17.571833,-34.830914,-46.0593,-58.25204,-68.55061,-77.69221,-82.91075,-85.87062,-89.3127,-91.32716,-93.62783,-95.22443,-94.913284,-94.41585,-94.29198,-93.48766,-91.6047,-89.83702,-88.755936,-87.3516,-85.47264,-82.74156,-80.20102,-77.5741,-74.49951,-71.6769,-68.32638,-64.94466,-61.801365,-58.73739,-56.1659,-53.45869,-50.75723,-48.353203,-45.997105,-43.18843,-40.561104,-38.513912,-36.64397,-34.42189,-32.54938,-30.80002,-29.173359,-27.52117,-26.03447,-24.58598,-23.136978,-21.879988,-20.740347,-19.548191,-18.299244,-17.340813,-16.231977,-15.315186,-14.33501,-13.518267,-12.801249,-12.127343,-11.433442,-10.734443,-10.0683155,-9.528759,-8.912301,-8.399114,-7.9115257,-7.4693394,-7.082685,-6.66362,-6.2255716,-5.853983,-5.4913507,-5.2053933,-4.893367,-4.629849,-4.372459,-4.1143136,-3.8551667,-3.6422474,-3.44996,-3.221212,-3.0102854,-2.842702,-2.7392511,-2.5935538,-2.453044,-2.2841566,-2.1342294,-1.9965153,-1.8867326,-1.7898654,-1.6626363,-1.552406,-1.4676492,-1.4135596,-1.3153458,-1.238186,-1.1719846,-1.0625896,-0.99426466,-0.95774835,-0.89616257,-0.8547454,-0.8009927,-0.7639738,-0.73276776,-0.675842,-0.6306246,-0.570612,-0.5292592,-0.5120229,-0.48245656,-0.44486243,-0.4176925,-0.38341656,-0.35295987,-0.33201137,-0.29615036,-0.26420245,-0.23357162,-0.19813631,-0.1633885,-0.124919645,-0.08595781,-0.035286877,0.01778775,0.07883576,0.1428567,0.21204676,0.28671023,0.3760723,0.48236957,0.6162541,0.76088035,0.91557485,1.1292858,1.4707507,2.0778394,2.8603244,3.720652,4.2763114,4.7372413,5.253988,5.8633432,6.391088,7.204205,8.136382,9.043565,10.475964,11.936991,13.640748,15.658389,17.479115,40.826702,50.962814,61.38175,72.28086,83.13128,91.48863,98.64364,102.29102,102.9299,100.58919,96.319954,91.02918,82.372894,65.63367,47.170185,35.123455,29.869333,27.742035,28.330511,29.054197,30.027231,32.272736,34.007416,35.24272,36.500942,37.853004,40.165157,42.13122,-10.731949,-9.198882,-7.5100155,-5.7539043,-3.9819634,-2.208874,-0.4656057,1.2454159,2.93199,4.5661116,6.1994147,7.7916894,9.360324,10.928211,12.508245,14.088131,15.637548,17.216034,18.753521,20.313038,21.911821,23.488495,25.071777,26.686367,28.322721,29.835814,31.330578,32.113285,33.36721,34.831234,36.292168,38.726322,40.482796,42.075966,43.812115,46.74486,49.104168,49.24529,50.66845,52.40222,54.74611,57.122375,62.130924,65.036316,69.49098,74.23672,76.29104,78.35337,81.19964,83.58756,85.64995,89.964066,91.2754,93.33783,95.790726,97.942894,100.63955,100.762695,99.68367,96.809166,96.52836,96.88555,97.908516,102.68467,108.15681,27.526638,30.569918,126.83377,135.55905,144.41982,152.12329,156.97574,45.457638,167.82382,50.53748,52.863808,57.13367,60.251957,64.41826,68.23374,72.13384,74.71944,80.25495,87.28978,94.2971,281.4426,297.51306,316.74652,331.18576,347.71115,361.32028,373.46667,385.0502,386.0612,387.05148,393.7544,410.56476,424.12323,435.4888,447.37555,457.4979,471.73602,488.31006,503.172,517.2587,534.3666,552.2179,574.05133,591.6721,611.982,633.1346,653.71344,665.52,670.4623,224.75328,236.1506,250.7113,258.98648,265.549,271.32263,273.8772,276.87918,279.02988,280.28906,281.13144,280.83783,264.55606,252.03485,246.54024,236.02779,228.03493,221.81908,209.25078,194.42577,176.97455,160.6267,139.45679,117.48717,93.5195,68.058685,42.502155,22.63226,9.428889,-1.6020424,-7.646976,-15.745811,-28.09129,-41.572914,-54.317833,-63.3274,-65.02991,-52.39934,-34.830597,-18.600798,-1.8713979,14.762842,29.10277,40.59779,46.85036,52.798656,56.418488,53.791225,49.53114,47.093525,43.459877,44.157368,51.165714,51.910797,54.764053,60.554317,67.45871,71.4358,69.49941,88.10645,102.232666,100.047966,98.20535,103.99328,121.49569,134.00734,132.52078,99.71072,58.951187,29.227663,6.700547,-14.479041,-32.252514,-44.07695,-56.519733,-67.07787,-76.415375,-81.94002,-85.39111,-88.79446,-90.8121,-93.939316,-95.48554,-95.73989,-95.34328,-95.39619,-94.30699,-92.6772,-90.74423,-89.93686,-88.8559,-86.40627,-83.88851,-81.17906,-78.214905,-74.979095,-71.97831,-68.926544,-65.66458,-62.37441,-59.30219,-56.54845,-53.839046,-51.230927,-48.708076,-46.156,-43.63605,-41.13739,-38.991512,-36.96245,-35.249767,-33.451553,-31.503025,-29.591127,-28.08976,-26.4901,-25.18577,-23.748535,-22.435087,-21.270271,-20.0404,-18.840645,-17.956219,-16.81428,-15.822727,-14.914284,-14.05934,-13.24958,-12.431675,-11.641357,-10.925086,-10.39919,-9.799029,-9.227973,-8.6515875,-8.219076,-7.748996,-7.2635365,-6.8411984,-6.4370213,-6.0574026,-5.645254,-5.374216,-5.0519323,-4.747351,-4.5128875,-4.2755284,-4.0203614,-3.8020627,-3.5436537,-3.3455338,-3.2198524,-3.035195,-2.8511581,-2.6946387,-2.5669873,-2.448018,-2.3098617,-2.194234,-2.0067472,-1.9070779,-1.822296,-1.696785,-1.5779375,-1.4821062,-1.401754,-1.315768,-1.2429924,-1.1605912,-1.1081141,-1.0640639,-1.0014135,-0.92708296,-0.8551881,-0.8216204,-0.7807996,-0.7250509,-0.6678706,-0.61196035,-0.5805278,-0.5442527,-0.5090572,-0.46972394,-0.43643853,-0.39194062,-0.35254562,-0.32976317,-0.2973108,-0.2638054,-0.23527794,-0.2028591,-0.1665616,-0.13015988,-0.09246483,-0.04822911,-0.0013248912,0.051648922,0.10650099,0.16783975,0.2318256,0.30358672,0.39260805,0.49959886,0.6340087,0.77094287,0.9189029,1.2116208,1.7119654,2.3521154,3.0482583,3.4847622,3.839032,4.23564,4.704069,5.173473,5.8082857,6.535673,7.1359396,8.243542,9.369815,10.685985,12.250627,14.040408,32.895187,40.84629,49.625397,58.93749,67.51704,75.667244,81.126015,85.09683,85.958496,85.09962,83.40224,80.82635,74.76781,62.45199,46.379913,34.839794,28.54077,25.625938,25.50316,26.043644,26.84386,28.727777,30.373388,31.624378,32.977646,34.447857,36.665615,38.639313,-10.145601,-8.797927,-7.3530736,-5.8350863,-4.309416,-2.7915819,-1.3007293,0.17464972,1.6146706,3.0247645,4.4182367,5.7827497,7.1266685,8.454352,9.769902,11.085726,12.397989,13.723134,15.044693,16.324198,17.62007,18.948315,20.287289,21.64035,23.008766,24.310133,25.616056,26.9238,28.195902,28.316538,29.6659,30.870132,32.032135,33.502518,34.70831,36.252956,38.307964,39.921543,41.80147,43.006756,42.66036,43.100006,45.010586,47.20289,48.801743,51.132587,54.216183,57.948128,60.902996,64.13528,66.90564,69.09014,71.6171,73.953575,76.7795,79.39544,82.26479,82.13481,82.90195,85.61005,87.98851,91.23802,94.36909,98.313126,102.4024,106.72621,111.71024,117.145966,122.35667,127.27653,132.2031,138.59282,145.20827,152.41095,159.1825,166.90526,174.25703,180.87447,187.89735,194.38556,202.13214,210.22223,218.51318,230.73619,240.385,253.93788,266.0307,279.83298,294.71872,307.8904,323.07196,338.1611,354.11713,369.26764,389.36328,406.69678,424.27917,441.43277,460.45023,479.6254,501.44736,523.0205,545.6193,570.1744,594.7618,624.1234,651.57916,681.0334,711.26953,741.52734,769.91345,798.7441,830.4282,853.9591,883.5243,912.36084,946.0441,975.5019,1007.0627,1037.2073,1064.4645,1091.1848,1116.9722,1132.6862,1141.9833,1157.9409,1168.2306,1177.6869,1188.9811,1200.081,1212.6835,1223.0247,1231.1127,1237.8877,1237.8575,1228.0173,1221.77,1211.8196,1199.0751,1184.2401,1167.702,1149.738,1132.6731,1121.3142,1105.7886,381.45984,377.67514,371.95114,362.852,356.53406,355.2549,372.88187,396.2852,413.92883,433.61646,451.46478,466.82635,480.2409,490.39386,499.4175,502.85464,496.746,489.5437,483.9475,480.49567,482.44083,485.44955,486.70096,488.27463,496.0624,504.87595,509.3318,509.09705,526.7543,540.3902,539.0608,538.1098,1389.6428,1390.6278,1390.2212,1382.1934,1357.9419,489.10907,471.1229,451.1126,430.27515,407.32623,388.5154,366.1418,342.72714,320.07257,303.9408,289.17944,275.04422,259.85654,241.01744,222.93109,209.39221,192.97919,175.25113,160.06142,151.32529,142.89809,119.53988,96.55379,82.10721,72.232056,61.988033,48.716198,37.785526,29.850569,28.209164,29.57425,25.300194,18.983622,11.864619,5.2962666,-3.5124702,-7.0127783,-9.5223675,-11.948132,-14.720501,-17.647161,-22.57737,-23.298704,-23.16432,-23.249224,-23.316757,-17.554632,-10.041324,-11.62163,-17.731985,-20.598614,-22.782057,-22.142796,-21.366665,-21.19487,-21.230007,-21.155037,-21.090544,-21.144928,-22.23915,-25.006908,-25.732262,-25.668818,-25.342125,-24.785412,-23.430536,-22.493458,-21.999279,-21.159578,-21.343658,-21.480825,-20.3462,-21.938133,-24.51858,-26.738466,-28.343872,-31.45632,-34.561066,-33.126404,-29.81914,-27.676556,-26.078558,-23.887726,-23.18468,-24.294783,-26.138084,-27.192528,-25.463663,-22.129997,-21.377895,-20.842001,-19.84983,-18.745392,-17.093569,-14.552887,-12.7835,-12.081797,-10.999059,-10.27123,-8.649751,-6.807698,-5.0876637,-2.3708746,0.86787885,3.4544873,5.71479,7.4161396,8.112833,8.14528,7.369415,7.182114,8.996232,15.158562,24.203144,34.943783,46.892513,58.108047,64.9888,68.69264,75.31233,81.64296,86.762566,91.48398,95.8216,98.78121,101.35948,105.35043,107.60188,110.07901,112.324356,114.455986,116.27984,116.85162,117.91301,119.38408,337.5825,341.69284,343.06625,343.61252,342.9335,338.012,325.87695,310.76944,301.03998,294.79617,291.7309,287.0529,283.36514,280.78046,277.11432,277.28247,279.1249,280.93158,283.01877,282.85925,283.9506,285.14545,288.7948,291.4929,293.23184,294.8662,298.6647,303.6317,307.76712,311.69226,314.8053,322.00357,328.91858,332.11066,338.23532,345.25482,355.36014,359.2022,360.36618,360.67365,357.23856,353.4943,353.91617,353.0886,353.81955,354.83496,360.52097,364.3122,-51.332123,-44.399155,-36.659115,-28.584131,-20.465092,-12.407866,-4.4976234,3.2521105,10.871502,18.318127,25.583477,32.746243,39.71034,46.683292,53.54922,60.203224,66.91124,73.508766,80.06645,86.61067,93.07996,99.52299,106.01523,112.27521,118.40272,123.78811,129.49493,134.87675,138.5422,140.21803,146.02176,151.22787,158.11198,165.73737,172.15038,179.7099,187.57857,192.87819,203.78503,213.51491,215.05432,222.05824,225.51422,233.2634,240.55325,249.11964,258.9807,267.1617,282.7069,297.28613,307.8301,320.57443,328.19556,340.3718,352.01776,363.19293,376.0369,383.54062,387.66052,394.10513,401.48224,409.14047,420.56787,436.01865,449.6381,465.11826,482.96503,501.63885,518.1653,536.0316,554.6467,574.0393,597.43506,623.3516,647.696,672.2797,693.87146,710.91205,728.9572,746.1733,768.1434,785.0002,804.4208,832.569,860.7874,886.2417,911.1456,943.60077,975.5211,1009.18335,1032.8584,1057.65,1084.7246,1106.3928,1131.9673,1149.9703,1168.5195,1187.7644,1204.9471,1225.5508,1242.1074,1260.5272,1280.8267,1299.5768,1317.8596,1342.9728,1369.0007,1392.9708,1416.8562,1434.5454,1453.3928,1473.2748,1493.7189,1503.7445,1512.6714,1528.0399,1549.7146,1563.2991,1576.6567,1585.7635,1596.3607,1608.1234,1615.9368,1609.4559,1602.1727,1596.1622,1586.9963,1577.6271,1564.5565,1557.0507,1553.4204,1546.7592,1538.6351,1528.6504,1509.5353,1481.5156,1458.5449,1432.0703,1402.4403,1368.5331,1334.2587,1298.7196,1272.5182,1246.7083,1223.125,431.51462,425.9257,416.07376,403.59766,393.3245,387.4069,396.6207,412.95135,426.21915,441.31064,454.27408,466.31183,475.8626,482.87485,486.51593,484.4251,474.9685,463.99203,454.45505,445.52634,442.9365,441.79117,438.36966,436.71863,439.7359,443.37088,443.39868,441.5997,452.08514,460.58234,457.4591,452.9002,1212.4852,1207.3696,1196.5042,1181.4065,1142.2366,378.89313,360.4505,340.9764,320.8808,299.03152,281.12238,261.1313,240.30255,220.6719,205.19304,191.52759,178.23897,165.34096,149.51183,134.01776,120.97094,106.895096,91.36358,78.18848,69.53853,60.867554,42.137245,23.750477,12.384319,4.4532433,-3.987085,-14.134389,-22.46408,-28.18223,-28.999792,-27.491535,-30.01232,-34.139732,-39.259285,-43.943153,-50.483955,-52.665318,-54.03944,-55.355988,-56.85565,-58.434814,-61.592262,-61.183285,-60.373413,-59.82866,-59.32094,-54.2345,-48.16706,-49.20632,-53.40166,-54.721054,-55.595562,-54.528496,-53.309364,-52.527554,-52.02473,-51.412117,-50.753162,-50.210835,-50.407906,-51.77413,-51.669365,-51.024364,-50.12873,-49.22312,-47.637398,-46.35768,-45.50216,-44.318787,-43.871593,-43.495483,-42.122528,-42.559166,-43.77588,-44.730984,-45.18065,-46.631664,-47.844875,-46.190067,-43.428432,-41.406345,-39.861294,-38.039394,-37.13891,-37.41481,-38.245956,-38.427425,-36.851654,-34.29453,-33.39282,-32.561733,-31.467552,-30.499384,-29.08547,-27.207882,-25.818989,-25.05201,-24.121,-23.340963,-22.061914,-20.730608,-19.398872,-17.59093,-15.4829235,-13.813071,-12.362565,-11.305829,-10.772176,-10.638252,-10.97299,-10.971362,-9.807879,-6.224361,-1.2010424,4.640668,10.967493,16.633095,19.75058,21.080503,23.893682,26.389402,28.263288,29.90594,31.31104,32.161106,33.020462,34.758095,35.86573,37.154625,38.43705,39.670586,40.89885,41.685795,42.676563,43.85726,149.66533,151.48006,152.06189,151.85574,151.54369,148.2319,141.77498,133.94678,128.29881,124.7058,122.47322,119.79328,117.54623,115.841835,113.92043,113.310905,112.75351,112.566826,112.20273,111.182686,110.96145,110.450775,110.54166,110.70681,110.37358,110.019745,110.98277,112.108665,112.82546,113.48431,114.05068,115.83052,117.8025,118.14335,119.41464,121.36336,124.14021,124.726006,124.13643,123.82496,121.60589,119.532646,118.536575,117.91551,117.568855,117.64106,118.88084,119.72509,-35.465183,-30.35101,-24.724648,-18.86044,-12.930666,-7.009822,-1.15664,4.6086664,10.277207,15.85641,21.350277,26.77504,32.11024,37.391098,42.61492,47.78045,52.8623,57.888115,62.98167,68.02633,73.0667,78.14374,83.28633,88.24749,92.93215,97.503914,101.962105,106.05875,107.25857,110.3416,114.83193,119.356804,123.50218,129.59431,135.48079,141.053,147.93256,152.96088,160.66957,167.34172,170.3055,175.56435,182.75456,188.42227,194.39296,199.90526,210.05937,221.82239,232.39563,243.43622,254.12544,262.80673,273.65518,282.5784,291.77042,301.35196,309.76547,317.2023,321.41235,325.34457,333.92944,342.85535,353.40927,366.20364,377.10104,390.6232,406.43976,422.61166,436.9447,454.63666,472.71625,490.1083,510.7966,533.6339,553.9684,574.3176,596.27765,613.3352,630.4528,648.70166,665.8769,680.8799,701.61304,727.21704,756.0136,784.9853,810.6238,838.07166,869.2005,898.65643,925.7123,954.7071,983.7398,1004.19324,1029.5769,1047.819,1063.8665,1081.3226,1099.3159,1118.3507,1136.7828,1156.7826,1179.4032,1198.2467,1217.8413,1242.9554,1265.8727,1289.1552,1310.8171,1330.6025,1346.9741,1367.1642,1382.3572,1388.8287,1396.708,1408.2607,1428.9111,1439.5892,1450.0942,1456.8379,1469.2222,1475.6073,1480.2189,1472.7701,1464.284,1460.2017,1450.5153,1443.0857,1428.2865,1418.2651,1414.6213,1408.544,1400.2408,1383.6356,1366.078,1338.7937,1316.5891,1295.1598,1268.3074,1238.4124,1209.4839,1182.4911,1156.1038,1133.8846,1112.028,377.36505,373.87885,364.99005,354.88336,345.1449,339.6846,347.35696,362.29266,376.09473,389.86322,402.64737,413.2392,422.39188,429.3095,432.61096,432.75174,423.66006,412.99127,402.80743,394.7254,391.21332,389.13425,385.35812,382.35748,382.79947,386.29843,385.33133,381.26157,390.5627,397.55057,393.49603,388.34247,1083.2252,1077.8585,1067.956,1048.1721,1008.1413,314.1323,295.53162,275.9948,256.24197,236.86859,220.07802,201.94849,183.25029,165.7183,151.96825,139.5402,127.71795,116.06444,102.51962,89.14071,78.092476,66.218056,53.710735,42.194473,34.5035,27.049255,11.254846,-5.2264566,-15.431856,-22.726088,-30.063751,-38.77238,-45.392975,-50.019627,-50.309353,-48.86869,-50.85633,-54.387253,-58.316788,-61.90172,-66.88809,-68.56079,-69.448265,-70.3487,-71.335365,-72.604935,-74.91588,-74.412384,-73.37509,-72.50644,-71.566895,-66.77677,-61.425697,-62.19868,-65.19181,-65.89774,-66.1705,-64.58224,-63.12797,-62.11797,-61.386173,-60.401463,-59.26544,-58.297096,-58.06855,-58.781685,-58.334396,-57.432434,-56.362885,-55.265434,-53.78057,-52.424023,-51.369076,-50.21084,-49.511845,-48.954964,-47.59296,-47.85139,-48.59845,-48.921024,-48.89853,-49.75104,-50.441074,-48.803734,-46.291687,-44.435593,-42.867,-41.081875,-40.07876,-40.046856,-40.46156,-40.19711,-38.67064,-36.403896,-35.44797,-34.52507,-33.461403,-32.504215,-31.1598,-29.472446,-28.255362,-27.49084,-26.564798,-25.823696,-24.751514,-23.555994,-22.463861,-20.907543,-19.129007,-17.771421,-16.565214,-15.6563635,-15.164785,-14.959473,-15.114862,-14.993382,-14.046386,-11.257472,-7.3367467,-2.8853893,1.8999215,6.117894,8.306044,9.18077,11.148509,12.90578,14.116196,15.208935,16.15617,16.668896,17.282297,18.533691,19.312136,20.28767,21.318878,22.175808,23.12436,23.747187,24.62817,25.640503,101.26023,102.59956,103.08409,103.27934,103.32253,101.347084,96.76806,91.03779,87.10716,84.3337,82.687164,80.548035,78.54517,76.64513,74.93455,74.09689,73.419975,72.8659,72.10182,70.837036,70.103676,69.4115,69.31407,68.77425,68.15751,67.661766,67.68286,67.868835,67.94647,67.969475,67.97882,68.75956,69.67397,69.51395,69.96925,71.05925,72.51817,72.533035,71.81133,71.44402,69.7221,68.367744,67.609314,66.92668,66.52061,66.38128,66.997,66.945786,-26.119148,-22.332602,-18.110615,-13.675279,-9.170912,-4.7032323,-0.2768063,4.097745,8.405148,12.629745,16.77227,20.91182,25.037888,29.11072,33.10184,37.09866,40.999577,44.915833,48.877293,52.72348,56.480637,60.43149,64.30739,68.1945,71.79273,75.38592,78.670715,82.286514,83.595375,86.865875,90.515434,94.13133,97.91592,103.13597,107.56002,112.18498,116.08956,122.43152,128.41559,130.98296,135.18141,139.61516,143.78378,148.20686,153.55122,158.84424,168.17531,176.99863,186.68443,194.79184,202.50424,209.99036,218.55812,225.11441,233.57344,241.61247,248.60713,253.0118,258.0052,262.7512,269.70358,276.81918,285.62167,296.56924,306.73013,319.27213,333.5266,346.8219,360.02573,375.52737,390.8647,404.90353,422.37793,442.93042,460.73547,478.96274,496.18576,511.73257,529.1677,543.188,560.6987,575.0225,596.4511,619.4942,646.71515,672.89685,696.0631,722.391,753.90015,782.1629,808.169,837.32104,864.1819,891.4283,921.9694,942.34015,963.5233,984.0681,1002.0167,1026.8151,1047.5927,1071.3398,1093.4644,1114.9856,1135.4136,1162.8019,1187.3612,1211.408,1237.047,1261.124,1278.7341,1296.58,1311.6202,1318.9905,1329.7595,1342.3262,1360.1744,1376.6564,1390.3254,1395.3628,1403.7412,1416.6869,1420.6652,1416.1681,1408.3265,1401.75,1389.6384,1379.9597,1372.4926,1363.4813,1359.3179,1353.6188,1342.9471,1330.7427,1315.1439,1292.2141,1273.347,1251.3141,1229.4385,1200.8345,1172.2063,1147.5916,1125.541,1106.692,1085.1276,366.49872,362.96634,354.84354,344.61813,335.932,331.05557,338.7146,353.7771,367.2222,380.34427,392.909,403.8942,413.73624,420.4712,423.9144,422.26266,413.52094,402.89993,392.6268,384.27313,381.14438,378.16788,373.89435,371.3393,371.27652,373.90424,372.40167,369.17322,377.372,384.28745,381.01337,375.9848,1058.0947,1053.4476,1044.7113,1026.8192,984.8492,301.8774,283.83963,264.85056,245.72452,225.80971,208.91954,190.71965,172.13733,155.01985,141.5761,129.78421,118.096016,106.564224,93.47177,80.488686,69.660286,58.030903,45.507317,34.614353,26.668125,19.23122,4.2112494,-11.541843,-21.739319,-28.932766,-35.92114,-44.38265,-50.72592,-55.040203,-55.152737,-53.50491,-55.251026,-58.641983,-62.438034,-65.82307,-70.47657,-71.75722,-72.50036,-73.34876,-74.28175,-75.19602,-77.46996,-76.4628,-75.30557,-74.37635,-73.41451,-68.76495,-63.68326,-64.22427,-67.10678,-67.65246,-67.90051,-66.32716,-64.92134,-63.94746,-63.019806,-62.043415,-61.1361,-60.4182,-60.063324,-60.74577,-59.966248,-58.908325,-57.62056,-56.296253,-54.640854,-53.25164,-52.272903,-50.98665,-50.393883,-49.607018,-48.30336,-48.34608,-48.90442,-49.115498,-49.233852,-49.77805,-50.308567,-48.578342,-46.261005,-44.413925,-42.948322,-41.279465,-40.268925,-39.995224,-40.20558,-40.00883,-38.59114,-36.487263,-35.580376,-34.80531,-33.88656,-32.86222,-31.58924,-29.922077,-28.728144,-27.988462,-27.105145,-26.48842,-25.45852,-24.317692,-23.149008,-21.658075,-19.998045,-18.670128,-17.53276,-16.715252,-16.235086,-16.037388,-16.19179,-16.00918,-15.103531,-12.489098,-8.898368,-4.820819,-0.4579102,3.3720348,5.342037,6.0887055,7.8474092,9.398651,10.489426,11.426765,12.248911,12.702577,13.210868,14.307406,15.055195,15.894054,16.79323,17.61788,18.481289,19.048918,19.841784,20.707247,88.20604,89.20824,89.60671,89.61641,89.758934,87.99734,83.9557,78.90023,75.3489,72.87127,71.31675,69.3986,67.60146,65.88076,64.22963,63.36054,62.591408,61.967316,61.079018,60.06131,59.188152,58.52402,58.10075,57.603336,56.782314,56.097157,56.074947,55.98327,55.828114,55.620556,55.48252,55.963,56.58272,56.29303,56.523647,57.195324,58.24933,58.03814,57.32307,56.813206,55.289825,53.75803,53.189762,52.358067,52.05776,51.918705,52.41632,52.703922
Tax87,0.0,-1.6170427,-1.4146297,-1.200105,-0.9806063,-0.7606638,-0.54312295,-0.32977533,-0.11901903,0.08105194,0.27478075,0.46421537,0.64369506,0.81621176,0.98212016,1.139218,1.2653702,1.4218073,1.5626663,1.720524,1.884637,2.0242414,2.2063577,2.3553343,2.4800165,2.6082387,2.7726054,2.9363801,3.119345,3.1818252,3.368079,3.5087295,3.693052,3.7816021,3.946379,4.1538954,4.4798136,4.613465,4.6351223,4.591162,4.7363443,4.9314227,4.99901,5.2886996,5.3924174,5.7153463,6.01428,5.919003,5.9623127,6.032766,6.176077,6.1591907,6.4105563,6.369669,6.423461,6.299322,6.2604523,6.2045045,6.003652,5.8054895,5.294895,4.9625955,4.695704,4.5894437,4.5971866,4.643439,1.0580422,1.1893551,4.9783387,5.1323004,5.4608836,5.6003656,5.619954,1.5377429,5.7089076,1.6041448,1.7048585,1.8008136,1.8774469,1.9270325,2.071192,2.119535,2.1805992,2.2594807,2.5099318,2.6568196,7.649899,7.745849,7.988111,8.1544285,8.251025,8.468567,8.53819,8.559909,8.399093,8.187032,8.05302,7.942223,8.026636,7.9150667,7.6417437,7.5420566,7.3595786,7.2944474,7.077065,7.141901,7.1290455,7.0086718,6.865783,6.752857,6.6970887,6.475094,6.381062,6.141322,5.826239,0.12973484,0.100686505,0.12486443,0.02683628,-0.080014855,-0.27078137,-0.40217307,-0.5244663,-0.65038115,-0.7509658,-0.8578947,-1.0615783,-1.3821923,-1.6668997,-1.8457646,-2.071934,-2.260705,-2.3286529,-2.5015101,-2.690785,-2.8932078,-3.0268626,-3.2005,-3.4012628,-3.6251776,-3.7563891,-3.9385428,-4.054676,-4.14789,-4.207094,-4.1792765,-4.1811543,-4.184728,-4.2273035,-4.204328,-4.218924,-4.1149454,-3.853835,-3.5924423,-3.3561819,-3.1195767,-2.8914115,-2.713768,-2.5920951,-2.4843369,-2.43156,-2.397873,-2.3536518,-2.3542497,-2.319024,-2.3266487,-2.260132,-2.1540706,-2.0988188,-2.0522807,-1.9766059,-1.9094259,-1.841888,-1.8266357,-1.7081625,-1.635669,-1.635776,-1.6350142,-1.5889215,-1.4851644,-1.4259672,-1.4296908,-1.4917845,-1.6102252,-1.679315,-1.7029393,-1.7323048,-1.740851,-1.7351851,-1.7108814,-1.7042513,-1.700297,-1.6481489,-1.5821033,-1.5364968,-1.4581397,-1.406686,-1.3779911,-1.3072362,-1.2450322,-1.2293963,-1.1713189,-1.1247396,-1.0412537,-1.00199,-0.95684767,-0.934287,-0.84895897,-0.81071365,-0.7915326,-0.74591637,-0.7123714,-0.6746168,-0.6083732,-0.563966,-0.5227118,-0.4990405,-0.48453745,-0.44024852,-0.41459766,-0.39749455,-0.38512924,-0.3791314,-0.33304322,-0.31765568,-0.3126056,-0.299622,-0.2854155,-0.27227923,-0.24276316,-0.21408671,-0.203224,-0.19490032,-0.19177894,-0.18346457,-0.16410786,-0.15605451,-0.13108286,-0.12891538,-0.12678766,-0.12467908,-0.10665519,-0.09718866,-0.09564502,-0.08989717,-0.08241604,-0.07654106,-0.06535693,-0.057774417,-0.0568132,-0.05585915,-0.04994815,-0.04442942,-0.04368547,-0.042949922,-0.04224401,-0.041562498,-0.040892623,-0.028874477,-0.023891795,-0.023512209,-0.019402139,-0.019068336,-0.018743122,-0.012776317,-0.012557684,-0.012347461,-0.012146214,-0.011949791,-0.011753339,-0.011555083,-0.008962236,-0.008811913,-0.008663759,-0.008517904,-0.0046514072,-0.0045715244,-0.0023807706,-0.00233937,-0.0022994026,-0.0022602384,-0.0022221187,-0.0021835489,-0.0021456636,-0.0021080584,-0.002070101,-0.0020325235,-0.0019950944,-0.0019593588,-0.0019237791,-0.0018903418,-0.001858365,0.0,0.0,0.0,0.0,0.0,0.0,0.0,0.0,0.0,0.0,0.0,0.0,0.0,0.0,0.0,0.0,0.0,0.0,0.0,0.0,0.0,0.0,0.0,0.0,0.0,0.0,0.0,0.0,0.0,0.0,0.0,0.0,0.0,0.0,0.0,0.0,0.0,0.0,0.0,0.0,0.0,0.0,0.0,0.0,0.0,0.0,0.0,0.0,0.0,0.0,0.0,0.0,0.0,0.0,0.0,0.0,0.0,0.0,0.0,0.0,0.0,0.0,0.0,0.0,0.0,0.0,0.0,0.0,0.0,0.0,0.0,0.0,0.0,0.0,0.0,0.0,0.0,0.0,0.0,0.0,0.0,0.0,0.0,0.0,0.0,0.0,0.0,0.0,0.0,0.0,0.0,0.0,0.0,0.0,0.0,0.0,0.0,0.0,0.0,0.0,0.0,0.0,0.0,0.0,0.0,0.0,0.0,0.0,0.0,0.0,0.0,0.0,0.0,0.0,0.0,0.0,0.0,0.0,0.0,0.0,0.0,0.0,0.0,0.0,0.0,0.0,0.0,0.0,0.0,0.0,0.0,0.0,0.0,0.0,0.0,0.0,0.0,0.0,0.0,0.0,0.0,0.0,0.0,0.0,0.0,0.0,0.0,0.0,0.0,0.0,0.0,0.0,0.0,0.0,0.0,0.0,0.0,0.0,0.0,0.0,0.0,0.0,0.0,0.0,0.0,0.0,0.0,0.0,0.0,0.0,0.0,0.0,0.0,0.0,0.0,0.0,0.0,0.0,0.0,0.0,0.0,0.0,0.0,0.0,0.0,0.0,0.0,0.0,0.0,0.0,0.0,0.0,0.0,0.0,0.0,0.0,0.0,0.0,0.0,0.0,0.0,0.0,0.0,0.0,0.0,0.0,0.0,0.0,0.0,0.0,0.0,0.0,0.0,0.0,0.0,0.0,0.0,0.0,0.0,0.0,0.0,0.0,0.0,0.0,0.0,0.0,0.0,0.0,0.0,0.0,0.0,0.0,0.0,0.0,0.0,0.0,0.0,0.0,0.0,0.0,0.0,0.0,0.0,0.0,0.0,0.0,0.0,0.0,0.0,0.0,0.0,0.0,0.0,0.0,0.0,0.0,0.0,0.0,0.0,0.0,0.0,0.0,0.0,0.0,0.0,0.0,0.0,0.0,0.0,0.0,0.0,0.0,0.0,0.0,0.0,0.0,0.0,0.0,0.0,0.0,0.0,0.0,0.0,0.0,0.0,0.0,0.0,0.0,0.0,0.0,0.0,0.0,0.0,0.0,0.0,0.0,0.0,0.0,0.0,0.0,0.0,0.0,0.0,0.0,0.0,0.0,0.0,0.0,0.0,0.0,0.0,0.0,0.0,0.0,0.0,0.0,0.0,0.0,0.0,0.0,0.0,0.0,0.0,0.0,0.0,0.0,0.0,0.0,0.0,0.0,0.0,0.0,0.0,0.0,0.0,0.0,0.0,0.0,0.0,0.0,0.0,0.0,0.0,0.0,0.0,0.0,0.0,0.0,0.0,0.0,0.0,0.0,0.0,0.0,0.0,0.0,0.0,0.0,0.0,0.0,0.0,0.0,0.0,0.0,0.0,0.0,0.0,0.0,0.0,0.0,0.0,0.0,0.0,0.0,0.0,0.0,0.0,0.0,0.0,0.0,0.0,0.0,0.0,0.0,0.0,0.0,0.0,0.0,0.0,0.0,0.0,0.0,0.0,0.0,0.0,0.0,0.0,0.0,0.0,0.0,0.0,0.0,0.0,0.0,0.0,0.0,0.0,0.0,0.0,0.0,0.0,0.0,0.0,0.0,0.0,0.0,0.0,0.0,0.0,0.0,0.0,0.0,0.0,0.0,0.0,0.0,0.0,0.0,0.0,0.0,0.0,0.0,0.0,0.0,0.0,0.0,0.0,0.0,0.0,0.0,0.0,0.0,0.0,0.0,0.0,0.0,0.0,0.0,0.0,0.0,0.0,0.0,0.0,0.0,0.0,0.0,0.0,0.0,0.0,0.0,0.0,0.0,0.0,0.0,0.0,0.0,0.0,0.0,0.0,0.0,0.0,0.0,0.0,0.0,0.0,0.0,0.0,0.0,0.0,0.0,0.0,0.0,0.0,0.0,0.0,0.0,0.0,0.0,0.0,0.0,0.0,0.0,0.0,0.0,0.0,0.0,0.0,0.0,0.0,0.0,0.0,0.0,0.0,0.0,0.0,0.0,0.0,0.0,0.0,0.0,0.0,0.0,0.0,0.0,0.0,0.0,0.0,0.0,0.0,0.0,0.0,0.0,0.0,0.0,0.0,0.0,0.0,0.0,0.0,0.0,0.0,0.0,0.0,0.0,0.0,0.0,0.0,0.0,0.0,0.0,0.0,0.0,0.0,0.0,0.0,0.0,0.0,0.0,0.0,0.0,0.0,0.0,0.0,0.0,0.0,0.0,0.0,0.0,0.0,0.0,0.0,0.0,0.0,0.0,0.0,0.0,0.0,0.0,0.0,0.0,0.0,0.0,0.0,0.0,0.0,0.0,0.0,0.0,0.0,0.0,0.0,0.0,0.0,0.0,0.0,0.0,0.0,0.0,0.0,0.0,0.0,0.0,0.0,0.0,0.0,0.0,0.0,0.0,0.0,0.0,0.0,0.0,0.0,0.0,0.0,0.0,0.0,0.0,0.0,0.0,0.0,0.0,0.0,0.0,0.0,0.0,0.0,0.0,0.0,0.0,0.0,0.0,0.0,0.0,0.0,0.0,0.0,0.0,0.0,0.0,0.0,0.0,0.0,0.0,0.0,0.0,0.0,0.0,0.0,0.0,0.0,0.0,0.0,0.0,0.0,0.0,0.0,0.0,0.0,0.0,0.0,0.0,0.0,0.0,0.0,0.0,0.0,0.0,0.0,0.0,0.0,0.0,0.0,0.0,0.0,0.0,0.0,0.0,0.0,0.0,0.0,0.0,0.0,0.0,0.0,0.0,0.0,0.0,0.0,0.0,0.0,0.0,0.0,0.0,0.0,0.0,0.0,0.0,0.0,0.0,0.0,0.0,0.0,0.0,0.0,0.0,0.0,0.0,0.0,0.0,0.0,0.0,0.0,0.0,0.0,0.0,0.0,0.0,0.0,0.0,0.0,0.0,0.0,0.0,0.0,0.0,0.0,0.0,0.0,0.0,0.0,0.0,0.0,0.0,0.0,0.0,0.0,0.0,0.0,0.0,0.0,0.0,0.0,0.0,0.0,0.0,0.0,0.0,0.0,0.0,0.0,0.0,0.0,0.0,0.0,0.0,0.0,0.0,0.0,0.0,0.0,0.0,0.0,0.0,0.0,0.0,0.0,0.0,0.0,0.0,0.0,0.0,0.0,0.0,0.0,0.0,0.0,0.0,0.0,0.0,0.0,0.0,0.0,0.0,0.0,0.0,0.0,0.0,0.0,0.0,0.0,0.0,0.0,0.0,0.0,0.0,0.0,0.0,0.0,0.0,0.0,0.0,0.0,0.0,0.0,0.0,0.0,0.0,0.0,0.0,0.0,0.0,0.0,0.0,0.0,0.0,0.0,0.0,0.0,0.0,0.0,0.0,0.0,0.0,0.0,0.0,0.0,0.0,0.0,0.0,0.0,0.0,0.0,0.0,0.0,0.0,0.0,0.0,0.0,0.0,0.0,0.0,0.0,0.0,0.0,0.0,0.0,0.0,0.0,0.0,0.0,0.0,0.0,0.0,0.0,0.0,0.0,0.0,0.0,0.0,0.0,0.0,0.0,0.0,0.0,0.0,0.0,0.0,0.0,0.0,0.0,0.0,0.0,0.0,0.0,0.0,0.0,0.0,0.0,0.0,0.0,0.0,0.0,0.0,0.0,0.0,0.0,0.0,0.0,0.0,0.0,0.0,0.0,0.0,0.0,0.0,0.0,0.0,0.0,0.0,0.0,0.0,0.0,0.0,0.0,0.0,0.0,0.0,0.0,0.0,0.0,0.0,0.0,0.0,0.0,0.0,0.0,0.0,0.0,0.0,0.0,0.0,0.0,0.0,0.0,0.0,0.0,0.0,0.0,0.0,0.0,0.0,0.0,0.0,0.0,0.0,0.0,0.0,0.0,0.0,0.0,0.0,0.0,0.0,0.0,0.0,0.0,0.0,0.0,0.0,0.0,0.0,0.0,0.0,0.0,0.0,0.0,0.0,0.0,0.0,0.0,0.0,0.0,0.0,0.0,0.0,0.0,0.0,0.0,0.0,0.0,0.0,0.0,0.0,0.0,0.0,0.0,0.0,0.0,0.0,0.0,0.0,0.0,0.0,0.0,0.0,0.0,0.0,0.0,0.0,0.0,0.0,0.0,0.0,0.0,0.0,0.0,0.0,0.0,0.0,0.0,0.0,0.0,0.0,0.0,0.0,0.0,0.0,0.0,0.0,0.0,0.0,0.0,0.0,0.0,0.0,0.0,0.0,0.0,0.0,0.0,0.0,0.0,0.0,0.0,0.0,0.0,0.0,0.0,0.0,0.0,0.0,0.0,0.0,0.0,0.0,0.0,0.0,0.0,0.0,0.0,0.0,0.0,0.0,0.0,0.0,0.0,0.0,0.0,0.0,0.0,0.0,0.0,0.0,0.0,0.0,0.0,0.0,0.0,0.0,0.0,0.0,0.0,0.0,0.0,0.0,0.0,0.0,0.0,0.0,0.0,0.0,0.0,0.0,0.0,0.0,0.0,0.0,0.0,0.0,0.0,0.0,0.0,0.0,0.0,0.0,0.0,0.0,0.0,0.0,0.0,0.0,0.0,0.0,0.0,0.0,0.0,0.0,0.0,0.0,0.0,0.0,0.0,0.0,0.0,0.0,0.0,0.0,0.0,0.0,0.0,0.0,0.0,0.0,0.0,0.0,0.0,0.0,0.0,0.0,0.0,0.0,0.0,0.0,0.0,0.0,0.0,0.0,0.0,0.0,0.0,0.0,0.0,0.0,0.0,0.0,0.0,0.0,0.0,0.0,0.0,0.0,0.0,0.0,0.0,0.0,0.0,0.0,0.0,0.0,0.0,0.0,0.0,0.0,0.0,0.0,0.0,0.0,0.0,0.0,0.0,0.0,0.0,0.0,0.0,0.0,0.0,0.0,0.0,0.0,0.0,0.0,0.0,0.0,0.0,0.0,0.0,0.0,0.0,0.0,0.0,0.0,0.0,0.0,0.0,0.0,0.0,0.0,0.0,0.0,0.0,0.0,0.0,0.0,0.0,0.0,0.0,0.0,0.0,0.0,0.0,0.0,0.0,0.0,0.0,0.0,0.0,0.0,0.0,0.0,0.0,0.0,0.0,0.0,0.0,0.0,0.0,0.0,0.0,0.0,0.0,0.0,0.0,0.0,0.0,0.0,0.0,0.0,0.0,0.0,0.0,0.0,0.0,0.0,0.0,0.0,0.0,0.0,0.0,0.0,0.0,0.0,0.0,0.0,0.0,0.0,0.0,0.0,0.0,0.0,0.0,0.0,0.0,0.0,0.0,0.0,0.0,0.0,0.0,0.0,0.0,0.0,0.0,0.0,0.0,0.0,0.0,0.0,0.0,0.0,0.0,0.0,0.0,0.0,0.0,0.0,0.0,0.0,0.0,0.0,0.0,0.0,0.0,0.0,0.0,0.0,0.0,0.0,0.0,0.0,0.0,0.0,0.0,0.0,0.0,0.0,0.0,0.0,0.0,0.0,0.0,0.0,0.0,0.0,0.0,0.0,0.0,0.0,0.0,0.0,0.0,0.0,0.0,0.0,0.0,0.0,0.0,0.0,0.0,0.0,0.0,0.0,0.0,0.0,0.0,0.0,0.0,0.0,0.0,0.0,0.0,0.0,0.0,0.0,0.0,0.0,0.0,0.0,0.0,0.0,0.0,0.0,0.0,0.0,0.0,0.0,0.0,0.0,0.0,0.0,0.0,0.0,0.0,0.0,0.0,0.0,0.0,0.0,0.0,0.0,0.0,0.0,0.0,0.0,0.0,0.0,0.0,0.0,0.0,0.0,0.0,0.0,0.0,0.0,0.0,0.0,0.0,0.0,0.0,0.0,0.0,0.0,0.0,0.0,0.0,0.0,0.0,0.0,0.0,0.0,0.0,0.0,0.0,0.0,0.0,0.0,0.0,0.0,0.0,0.0,0.0,0.0,0.0,0.0,0.0,0.0,0.0,0.0,0.0,0.0,0.0,0.0,0.0,0.0,0.0,0.0,0.0,0.0,0.0,0.0,0.0,0.0,0.0,0.0,0.0,0.0,0.0,0.0,0.0,0.0,0.0,0.0,0.0,0.0,0.0,0.0,0.0,0.0,0.0,0.0,0.0,0.0,0.0,0.0,0.0,0.0,0.0,0.0,0.0,0.0,0.0,0.0,0.0,0.0,0.0,0.0,0.0,0.0,0.0,0.0,0.0,0.0,0.0,0.0,0.0,0.0,0.0,0.0,0.0,0.0,0.0,0.0,0.0,0.0,0.0,0.0,0.0,0.0,0.0,0.0,0.0,0.0,0.0,0.0,0.0,0.0,0.0,0.0,0.0,0.0,0.0,0.0,0.0,0.0,0.0,0.0,0.0,0.0,0.0,0.0,0.0,0.0,0.0,0.0,0.0,0.0,0.0,0.0,0.0,0.0,0.0,0.0,0.0,0.0,0.0,0.0,0.0,0.0,0.0,0.0,0.0,0.0,0.0,0.0,0.0,0.0,0.0,0.0,0.0,0.0,0.0,0.0,0.0,0.0,0.0,0.0,0.0,0.0,0.0,0.0,0.0,0.0,0.0,0.0,0.0,0.0,0.0,0.0,0.0,0.0,0.0,0.0,0.0,0.0,0.0,0.0,0.0,0.0,0.0,0.0,0.0,0.0,0.0,0.0,0.0,0.0,0.0,0.0,0.0,0.0,0.0,0.0,0.0,0.0,0.0,0.0,0.0,0.0,0.0,0.0,0.0,0.0,0.0,0.0,0.0,0.0,0.0,0.0,0.0,0.0,0.0,0.0,0.0,0.0,0.0,0.0,0.0,0.0,0.0,0.0,0.0,0.0,0.0,0.0,0.0,0.0,0.0,0.0,0.0,0.0,0.0,0.0,0.0,0.0,0.0,0.0,0.0,0.0,0.0,0.0,0.0,0.0,0.0,0.0,0.0,0.0,0.0,0.0,0.0,0.0,0.0,0.0,0.0,0.0,0.0,0.0,0.0,0.0,0.0,0.0,0.0,0.0,0.0,0.0,0.0,0.0,0.0,0.0,0.0,0.0,0.0,0.0,0.0,0.0,0.0,0.0,0.0,0.0,0.0,0.0,0.0,0.0,0.0,0.0,0.0,0.0,0.0,0.0,0.0,0.0,0.0,0.0,0.0,0.0,0.0,0.0,0.0,0.0,0.0,0.0,0.0,0.0,0.0,0.0,0.0,0.0,0.0,0.0,0.0,0.0,0.0,0.0,0.0,0.0,0.0,0.0,0.0,0.0,0.0,0.0,0.0,0.0,0.0,0.0,0.0,0.0,0.0,0.0,0.0,0.0,0.0,0.0,0.0,0.0,0.0,0.0,0.0,0.0,0.0,0.0,0.0,0.0,0.0,0.0,0.0,0.0,0.0,0.0,0.0,0.0,0.0,0.0,0.0,0.0,0.0,0.0,0.0,0.0,0.0,0.0,0.0,0.0,0.0,0.0,0.0,0.0,0.0,0.0,0.0,0.0,0.0,0.0,0.0,0.0,0.0,0.0,0.0,0.0,0.0,0.0,0.0,0.0,0.0,0.0,0.0,0.0,0.0,0.0,0.0,0.0,0.0,0.0,0.0,0.0,0.0,0.0,0.0,0.0,0.0,0.0,0.0,0.0,0.0,0.0,0.0,0.0,0.0,0.0,0.0,0.0,0.0,0.0,0.0,0.0,0.0,0.0,0.0,0.0,0.0,0.0,0.0,0.0,0.0,0.0,0.0,0.0,0.0,0.0,0.0,0.0,0.0,0.0,0.0,0.0,0.0,0.0,0.0,0.0,0.0,0.0,0.0,0.0,0.0,0.0,0.0,0.0,0.0,0.0,0.0,0.0,0.0,0.0,0.0,0.0,0.0,0.0,0.0,0.0,0.0,0.0,0.0,0.0,0.0,0.0,0.0,0.0,0.0,0.0,0.0,0.0,0.0,0.0,0.0,0.0,0.0,0.0,0.0,0.0,0.0,0.0,0.0,0.0,0.0,0.0,0.0,0.0,0.0,0.0,0.0,0.0,0.0,0.0,0.0,0.0,0.0,0.0,0.0,0.0,0.0,0.0,0.0,0.0,0.0,0.0,0.0,0.0,0.0,0.0,0.0,0.0,0.0,0.0,0.0,0.0,0.0,0.0,0.0,0.0,0.0,0.0,0.0,0.0,0.0,0.0,0.0,0.0,0.0,0.0,0.0,0.0,0.0,0.0,0.0,0.0,0.0,0.0,0.0,0.0,0.0,0.0,0.0,0.0,0.0,0.0,0.0,0.0,0.0,0.0,0.0,0.0,0.0,0.0,0.0,0.0,0.0,0.0,0.0,0.0,0.0,0.0,0.0,0.0,0.0,0.0,0.0,0.0,0.0,0.0,0.0,0.0,0.0,0.0,0.0,0.0,0.0,0.0,0.0,0.0,0.0,0.0,0.0,0.0,0.0,0.0,0.0,0.0,0.0,0.0,0.0,0.0,0.0,0.0,0.0,0.0,0.0,0.0,0.0,0.0,0.0,0.0,0.0,0.0,0.0,0.0,0.0,0.0,0.0,0.0,0.0,0.0,0.0,0.0,0.0,0.0,0.0,0.0,0.0,0.0,0.0,0.0,0.0,0.0,0.0,0.0,0.0,0.0,0.0,0.0,0.0,0.0,0.0,0.0,0.0,0.0,0.0,0.0,0.0,0.0,0.0,0.0,0.0,0.0,0.0,0.0,0.0,0.0,0.0,0.0,0.0,0.0,0.0,0.0,0.0,0.0,0.0,0.0,0.0,0.0,0.0,0.0,0.0,0.0,0.0,0.0,0.0,0.0,0.0,0.0,0.0,0.0,0.0,0.0,0.0,0.0,0.0,0.0,0.0,0.0,0.0,0.0,0.0,0.0,0.0,0.0,0.0,0.0,0.0,0.0,0.0,0.0,0.0,0.0,0.0,0.0,0.0,0.0,0.0,0.0,0.0,0.0,0.0,0.0,0.0,0.0,0.0,0.0,0.0,0.0,0.0,0.0,0.0,0.0,0.0,0.0,0.0,0.0,0.0,0.0,0.0,0.0,0.0,0.0,0.0,0.0,0.0,0.0,0.0,0.0,0.0,0.0,0.0,0.0,0.0,0.0,0.0,0.0,0.0,0.0,0.0,0.0,0.0,0.0,0.0,0.0,0.0,0.0,0.0,0.0,0.0,0.0,0.0,0.0,0.0,0.0,0.0,0.0,0.0,0.0,0.0,0.0,0.0,0.0,0.0,0.0,0.0,0.0,0.0,0.0,0.0,0.0,0.0,0.0,0.0,0.0,0.0,0.0,0.0,0.0,0.0,0.0,0.0,0.0,0.0,0.0,0.0,0.0,0.0,0.0,0.0,0.0,0.0,0.0,0.0,0.0,0.0,0.0,0.0,0.0,0.0,0.0,0.0,0.0,0.0,0.0,0.0,0.0,0.0,0.0,0.0,0.0,0.0,0.0,0.0,0.0,0.0,0.0,0.0,0.0,0.0,0.0,0.0,0.0,0.0,0.0,0.0,0.0,0.0,0.0,0.0,0.0,0.0,0.0,0.0,0.0,0.0,0.0,0.0,0.0,0.0,0.0,0.0,0.0,0.0,0.0,0.0,0.0,0.0,0.0,0.0,0.0,0.0,0.0,0.0,0.0,0.0,0.0,0.0,0.0,0.0,0.0,0.0,0.0,0.0,0.0,0.0,0.0,0.0,0.0,0.0,0.0,0.0,0.0,0.0,0.0,0.0,0.0,0.0,0.0,0.0,0.0,0.0,0.0,0.0,0.0,0.0,0.0,0.0,0.0,0.0,0.0,0.0,0.0,0.0,0.0,0.0,0.0,0.0,0.0,0.0,0.0,0.0,0.0,0.0,0.0,0.0,0.0,0.0,0.0,0.0,0.0,0.0,0.0,0.0,0.0,0.0,0.0,0.0,0.0,0.0,0.0,0.0,0.0,0.0,0.0,0.0,0.0,0.0,0.0,0.0,0.0,0.0,0.0,0.0,0.0,0.0,0.0,0.0,0.0,0.0,0.0,0.0,0.0,0.0,0.0,0.0,0.0,0.0,0.0,0.0,0.0,0.0,0.0,0.0,0.0,0.0,0.0,0.0,0.0,0.0,0.0,0.0,0.0,0.0,0.0,0.0,0.0,0.0,0.0,0.0,0.0,0.0,0.0,0.0,0.0,0.0,0.0,0.0,0.0,0.0,0.0,0.0,0.0,0.0,0.0,0.0,0.0,0.0,0.0,0.0,0.0,0.0,0.0,0.0,0.0,0.0,0.0,0.0,0.0,0.0,0.0,0.0,0.0,0.0,0.0,0.0,0.0,0.0,0.0,0.0,0.0,0.0,0.0,0.0,0.0,0.0,0.0,0.0,0.0,0.0,0.0,0.0,0.0,0.0,0.0,0.0,0.0,0.0,0.0,0.0,0.0,0.0,0.0,0.0,0.0,0.0,0.0,0.0,0.0,0.0,0.0,0.0,0.0,0.0,0.0,0.0,0.0,0.0,0.0,0.0,0.0,0.0,0.0,0.0,0.0,0.0,0.0,0.0,0.0,0.0,0.0,0.0,0.0,0.0,0.0,0.0,0.0,0.0,0.0,0.0,0.0,0.0,0.0,0.0,0.0,0.0,0.0,0.0,0.0,0.0,0.0,0.0,0.0,0.0,0.0,0.0,0.0,0.0,0.0,0.0,0.0,0.0,0.0,0.0,0.0,0.0,0.0,0.0,0.0,0.0,0.0,0.0,0.0,0.0,0.0,0.0,0.0,0.0,0.0,0.0,0.0,0.0,0.0,0.0,0.0,0.0,0.0,0.0,0.0,0.0,0.0,0.0,0.0,0.0,0.0,0.0,0.0,0.0,0.0,0.0,0.0,0.0,0.0,0.0,0.0,0.0,0.0,0.0,0.0,0.0,0.0,0.0,0.0,0.0,0.0,0.0,0.0,0.0,0.0,0.0,0.0,0.0,0.0,0.0,0.0,0.0,0.0,0.0,0.0,0.0,0.0,0.0,0.0,0.0,0.0,0.0,0.0,0.0,0.0,0.0,0.0,0.0,0.0,0.0,0.0,0.0,0.0,0.0,0.0,0.0,0.0,0.0,0.0,0.0,0.0,0.0,0.0,0.0,0.0,0.0,0.0,0.0,0.0,0.0,0.0,0.0,0.0,0.0,0.0,0.0,0.0,0.0,0.0,0.0,0.0,0.0,0.0,0.0,0.0,0.0,0.0,0.0,0.0,0.0,0.0,0.0,0.0,0.0,0.0,0.0,0.0,0.0,0.0,0.0,0.0,0.0,0.0,0.0,0.0,0.0,0.0,0.0,0.0,0.0,0.0,0.0,0.0,0.0,0.0,0.0,0.0,0.0,0.0,0.0,0.0,0.0,0.0,0.0,0.0,0.0,0.0,0.0,0.0,0.0,0.0,0.0,0.0,0.0,0.0,0.0
Tax88,0.0,-0.13909352,-0.12578195,-0.10704877,-0.08683943,-0.06472804,-0.041452404,-0.017585434,0.006409,0.03018068,0.05348519,0.0768318,0.0983049,0.116832785,0.13578224,0.1533678,0.16954401,0.18433446,0.19797704,0.20883626,0.2196106,0.23125155,0.24070792,0.24948369,0.2602495,0.27119222,0.2820927,0.2920854,0.3046608,0.31127,0.31803265,0.32423747,0.3352823,0.34885144,0.35251594,0.3626645,0.37030518,0.3769319,0.3725897,0.37642264,0.38225296,0.38398287,0.39906684,0.4108856,0.4206906,0.42144677,0.4357548,0.4260844,0.4205334,0.42805943,0.4195603,0.42108703,0.42410874,0.41502756,0.41172546,0.40732482,0.41280207,0.4016705,0.3874614,0.37836888,0.35119474,0.34346822,0.3305962,0.32049048,0.32641402,0.33117548,0.18678644,0.18642317,0.34891957,0.36220405,0.3628559,0.36555842,0.3710711,0.20807958,0.379535,0.21080688,0.21312565,0.2239557,0.2276509,0.22809505,0.22861274,0.239511,0.23830229,0.25037435,0.24672309,0.2538553,0.4463183,0.45405212,0.43173626,0.43958524,0.45038,0.452348,0.4368593,0.43295303,0.43621367,0.42451677,0.41575837,0.42072505,0.4111114,0.4118119,0.41752288,0.40917084,0.38564646,0.40138143,0.38678023,0.3893814,0.39126334,0.38699594,0.37457874,0.37734306,0.36903757,0.36659026,0.36597732,0.35035643,0.33513415,0.16800255,0.17015134,0.1683242,0.16905202,0.16999084,0.1609843,0.15203266,0.14005226,0.145059,0.13103315,0.13038833,0.12874807,0.1143345,0.101016626,0.095690764,0.0830783,0.08253425,0.07283483,0.068198025,0.059808556,0.048804257,0.044135556,0.035642292,0.029803883,0.019074779,0.012279944,0.0026784432,-0.0025737265,-0.008252953,-0.012524001,-0.016555816,-0.019881647,-0.023404947,-0.027938023,-0.032039482,-0.035107847,-0.032719593,-0.024344051,-0.014513207,-0.007535057,-0.00015206647,0.005307478,0.009863726,0.012835011,0.013116787,0.013939782,0.014677079,0.011711126,0.009667167,0.0073938016,0.0059530037,0.0069707995,0.010240254,0.009501048,0.009679441,0.01169507,0.012998534,0.013753108,0.0119906515,0.018543934,0.021594752,0.017987045,0.01571626,0.016249964,0.020236757,0.020509606,0.018427739,0.008824197,-0.00067876675,-0.0069184396,-0.011314357,-0.016460951,-0.020653596,-0.023064584,-0.026063412,-0.029077878,-0.032138117,-0.034055747,-0.033364546,-0.03297157,-0.03429369,-0.03620473,-0.03794923,-0.03905185,-0.038952757,-0.04051521,-0.041831013,-0.041357826,-0.04056251,-0.03939033,-0.03931001,-0.038698036,-0.037938453,-0.03528054,-0.03414725,-0.028035283,-0.026819061,-0.026955677,-0.023214009,-0.021888189,-0.017518768,-0.017635155,-0.015687289,-0.012002392,-0.012043559,-0.012076785,-0.012086638,-0.0121128475,-0.012145581,-0.0121774115,-0.012191497,-0.012184166,-0.012192412,-0.01218392,-0.008226392,-0.008178189,-0.008170066,-0.008185113,-0.0065648775,-0.0065631513,-0.0065555586,-0.0040236604,-0.0040179146,-0.004013223,-0.0022147733,-0.0022113607,0.0,0.0,0.0,0.0,0.0,0.0,0.0,0.0,0.0,0.0,0.0,0.0,0.0,0.0,0.0,0.0,0.0,0.0,0.0,0.0,0.0,0.0,0.0,0.0,0.0,0.0,0.0,0.0,0.0,0.0,0.0,0.0,0.0,0.0,0.0,0.0,0.0,0.0,0.0,0.0,0.0,0.0,0.0,0.0,0.0,0.0,0.0,0.0,0.0,0.0,0.0,0.0,0.0,0.0,0.0,0.0,0.0,0.0,0.0,0.0,0.0,0.0,0.0,0.0,0.0,0.0,0.0,0.0,0.0,0.0,0.0,0.0,0.0,0.0,0.0,0.0,0.0,0.0,0.0,0.0,0.0,0.0,0.0,0.0,0.0,0.0,0.0,0.0,0.0,0.0,0.0,0.0,0.0,0.0,0.0,0.0,0.0,0.0,0.0,0.0,0.0,0.0,0.0,0.0,0.0,0.0,0.0,0.0,0.0,0.0,0.0,0.0,0.0,0.0,0.0,0.0,0.0,0.0,0.0,0.0,0.0,0.0,0.0,0.0,0.0,0.0,0.0,0.0,0.0,0.0,0.0,0.0,0.0,0.0,0.0,0.0,0.0,0.0,0.0,0.0,0.0,0.0,0.0,0.0,0.0,0.0,0.0,0.0,0.0,0.0,0.0,0.0,0.0,0.0,0.0,0.0,0.0,0.0,0.0,0.0,0.0,0.0,0.0,0.0,0.0,0.0,0.0,0.0,0.0,0.0,0.0,0.0,0.0,0.0,0.0,0.0,0.0,0.0,0.0,0.0,0.0,0.0,0.0,0.0,0.0,0.0,0.0,0.0,0.0,0.0,0.0,0.0,0.0,0.0,0.0,0.0,0.0,0.0,0.0,0.0,0.0,0.0,0.0,0.0,0.0,0.0,0.0,0.0,0.0,0.0,0.0,0.0,0.0,0.0,0.0,0.0,0.0,0.0,0.0,0.0,0.0,0.0,0.0,0.0,0.0,0.0,0.0,0.0,0.0,0.0,0.0,0.0,0.0,0.0,0.0,0.0,0.0,0.0,0.0,0.0,0.0,0.0,0.0,0.0,0.0,0.0,0.0,0.0,0.0,0.0,0.0,0.0,0.0,0.0,0.0,0.0,0.0,0.0,0.0,0.0,0.0,0.0,0.0,0.0,0.0,0.0,0.0,0.0,0.0,0.0,0.0,0.0,0.0,0.0,0.0,0.0,0.0,0.0,0.0,0.0,0.0,0.0,0.0,0.0,0.0,0.0,0.0,0.0,0.0,0.0,0.0,0.0,0.0,0.0,0.0,0.0,0.0,0.0,0.0,0.0,0.0,0.0,0.0,0.0,0.0,0.0,0.0,0.0,0.0,0.0,0.0,0.0,0.0,0.0,0.0,0.0,0.0,0.0,0.0,0.0,0.0,0.0,0.0,0.0,0.0,0.0,0.0,0.0,0.0,0.0,0.0,0.0,0.0,0.0,0.0,0.0,0.0,0.0,0.0,0.0,0.0,0.0,0.0,0.0,0.0,0.0,0.0,0.0,0.0,0.0,0.0,0.0,0.0,0.0,0.0,0.0,0.0,0.0,0.0,0.0,0.0,0.0,0.0,0.0,0.0,0.0,0.0,0.0,0.0,0.0,0.0,0.0,0.0,0.0,0.0,0.0,0.0,0.0,0.0,0.0,0.0,0.0,0.0,0.0,0.0,0.0,0.0,0.0,0.0,0.0,0.0,0.0,0.0,0.0,0.0,0.0,0.0,0.0,0.0,0.0,0.0,0.0,0.0,0.0,0.0,0.0,0.0,0.0,0.0,0.0,0.0,0.0,0.0,0.0,0.0,0.0,0.0,0.0,0.0,0.0,0.0,0.0,0.0,0.0,0.0,0.0,0.0,0.0,0.0,0.0,0.0,0.0,0.0,0.0,0.0,0.0,0.0,0.0,0.0,0.0,0.0,0.0,0.0,0.0,0.0,0.0,0.0,0.0,0.0,0.0,0.0,0.0,0.0,0.0,0.0,0.0,0.0,0.0,0.0,0.0,0.0,0.0,0.0,0.0,0.0,0.0,0.0,0.0,0.0,0.0,0.0,0.0,0.0,0.0,0.0,0.0,0.0,0.0,0.0,0.0,0.0,0.0,0.0,0.0,0.0,0.0,0.0,0.0,0.0,0.0,0.0,0.0,0.0,0.0,0.0,0.0,0.0,0.0,0.0,0.0,0.0,0.0,0.0,0.0,0.0,0.0,0.0,0.0,0.0,0.0,0.0,0.0,0.0,0.0,0.0,0.0,0.0,0.0,0.0,0.0,0.0,0.0,0.0,0.0,0.0,0.0,0.0,0.0,0.0,0.0,0.0,0.0,0.0,0.0,0.0,0.0,0.0,0.0,0.0,0.0,0.0,0.0,0.0,0.0,0.0,0.0,0.0,0.0,0.0,0.0,0.0,0.0,0.0,0.0,0.0,0.0,0.0,0.0,0.0,0.0,0.0,0.0,0.0,0.0,0.0,0.0,0.0,0.0,0.0,0.0,0.0,0.0,0.0,0.0,0.0,0.0,0.0,0.0,0.0,0.0,0.0,0.0,0.0,0.0,0.0,0.0,0.0,0.0,0.0,0.0,0.0,0.0,0.0,0.0,0.0,0.0,0.0,0.0,0.0,0.0,0.0,0.0,0.0,0.0,0.0,0.0,0.0,0.0,0.0,0.0,0.0,0.0,0.0,0.0,0.0,0.0,0.0,0.0,0.0,0.0,0.0,0.0,0.0,0.0,0.0,0.0,0.0,0.0,0.0,0.0,0.0,0.0,0.0,0.0,0.0,0.0,0.0,0.0,0.0,0.0,0.0,0.0,0.0,0.0,0.0,0.0,0.0,0.0,0.0,0.0,0.0,0.0,0.0,0.0,0.0,0.0,0.0,0.0,0.0,0.0,0.0,0.0,0.0,0.0,0.0,0.0,0.0,0.0,0.0,0.0,0.0,0.0,0.0,0.0,0.0,0.0,0.0,0.0,0.0,0.0,0.0,0.0,0.0,0.0,0.0,0.0,0.0,0.0,0.0,0.0,0.0,0.0,0.0,0.0,0.0,0.0,0.0,0.0,0.0,0.0,0.0,0.0,0.0,0.0,0.0,0.0,0.0,0.0,0.0,0.0,0.0,0.0,0.0,0.0,0.0,0.0,0.0,0.0,0.0,0.0,0.0,0.0,0.0,0.0,0.0,0.0,0.0,0.0,0.0,0.0,0.0,0.0,0.0,0.0,0.0,0.0,0.0,0.0,0.0,0.0,0.0,0.0,0.0,0.0,0.0,0.0,0.0,0.0,0.0,0.0,0.0,0.0,0.0,0.0,0.0,0.0,0.0,0.0,0.0,0.0,0.0,0.0,0.0,0.0,0.0,0.0,0.0,0.0,0.0,0.0,0.0,0.0,0.0,0.0,0.0,0.0,0.0,0.0,0.0,0.0,0.0,0.0,0.0,0.0,0.0,0.0,0.0,0.0,0.0,0.0,0.0,0.0,0.0,0.0,0.0,0.0,0.0,0.0,0.0,0.0,0.0,0.0,0.0,0.0,0.0,0.0,0.0,0.0,0.0,0.0,0.0,0.0,0.0,0.0,0.0,0.0,0.0,0.0,0.0,0.0,0.0,0.0,0.0,0.0,0.0,0.0,0.0,0.0,0.0,0.0,0.0,0.0,0.0,0.0,0.0,0.0,0.0,0.0,0.0,0.0,0.0,0.0,0.0,0.0,0.0,0.0,0.0,0.0,0.0,0.0,0.0,0.0,0.0,0.0,0.0,0.0,0.0,0.0,0.0,0.0,0.0,0.0,0.0,0.0,0.0,0.0,0.0,0.0,0.0,0.0,0.0,0.0,0.0,0.0,0.0,0.0,0.0,0.0,0.0,0.0,0.0,0.0,0.0,0.0,0.0,0.0,0.0,0.0,0.0,0.0,0.0,0.0,0.0,0.0,0.0,0.0,0.0,0.0,0.0,0.0,0.0,0.0,0.0,0.0,0.0,0.0,0.0,0.0,0.0,0.0,0.0,0.0,0.0,0.0,0.0,0.0,0.0,0.0,0.0,0.0,0.0,0.0,0.0,0.0,0.0,0.0,0.0,0.0,0.0,0.0,0.0,0.0,0.0,0.0,0.0,0.0,0.0,0.0,0.0,0.0,0.0,0.0,0.0,0.0,0.0,0.0,0.0,0.0,0.0,0.0,0.0,0.0,0.0,0.0,0.0,0.0,0.0,0.0,0.0,0.0,0.0,0.0,0.0,0.0,0.0,0.0,0.0,0.0,0.0,0.0,0.0,0.0,0.0,0.0,0.0,0.0,0.0,0.0,0.0,0.0,0.0,0.0,0.0,0.0,0.0,0.0,0.0,0.0,0.0,0.0,0.0,0.0,0.0,0.0,0.0,0.0,0.0,0.0,0.0,0.0,0.0,0.0,0.0,0.0,0.0,0.0,0.0,0.0,0.0,0.0,0.0,0.0,0.0,0.0,0.0,0.0,0.0,0.0,0.0,0.0,0.0,0.0,0.0,0.0,0.0,0.0,0.0,0.0,0.0,0.0,0.0,0.0,0.0,0.0,0.0,0.0,0.0,0.0,0.0,0.0,0.0,0.0,0.0,0.0,0.0,0.0,0.0,0.0,0.0,0.0,0.0,0.0,0.0,0.0,0.0,0.0,0.0,0.0,0.0,0.0,0.0,0.0,0.0,0.0,0.0,0.0,0.0,0.0,0.0,0.0,0.0,0.0,0.0,0.0,0.0,0.0,0.0,0.0,0.0,0.0,0.0,0.0,0.0,0.0,0.0,0.0,0.0,0.0,0.0,0.0,0.0,0.0,0.0,0.0,0.0,0.0,0.0,0.0,0.0,0.0,0.0,0.0,0.0,0.0,0.0,0.0,0.0,0.0,0.0,0.0,0.0,0.0,0.0,0.0,0.0,0.0,0.0,0.0,0.0,0.0,0.0,0.0,0.0,0.0,0.0,0.0,0.0,0.0,0.0,0.0,0.0,0.0,0.0,0.0,0.0,0.0,0.0,0.0,0.0,0.0,0.0,0.0,0.0,0.0,0.0,0.0,0.0,0.0,0.0,0.0,0.0,0.0,0.0,0.0,0.0,0.0,0.0,0.0,0.0,0.0,0.0,0.0,0.0,0.0,0.0,0.0,0.0,0.0,0.0,0.0,0.0,0.0,0.0,0.0,0.0,0.0,0.0,0.0,0.0,0.0,0.0,0.0,0.0,0.0,0.0,0.0,0.0,0.0,0.0,0.0,0.0,0.0,0.0,0.0,0.0,0.0,0.0,0.0,0.0,0.0,0.0,0.0,0.0,0.0,0.0,0.0,0.0,0.0,0.0,0.0,0.0,0.0,0.0,0.0,0.0,0.0,0.0,0.0,0.0,0.0,0.0,0.0,0.0,0.0,0.0,0.0,0.0,0.0,0.0,0.0,0.0,0.0,0.0,0.0,0.0,0.0,0.0,0.0,0.0,0.0,0.0,0.0,0.0,0.0,0.0,0.0,0.0,0.0,0.0,0.0,0.0,0.0,0.0,0.0,0.0,0.0,0.0,0.0,0.0,0.0,0.0,0.0,0.0,0.0,0.0,0.0,0.0,0.0,0.0,0.0,0.0,0.0,0.0,0.0,0.0,0.0,0.0,0.0,0.0,0.0,0.0,0.0,0.0,0.0,0.0,0.0,0.0,0.0,0.0,0.0,0.0,0.0,0.0,0.0,0.0,0.0,0.0,0.0,0.0,0.0,0.0,0.0,0.0,0.0,0.0,0.0,0.0,0.0,0.0,0.0,0.0,0.0,0.0,0.0,0.0,0.0,0.0,0.0,0.0,0.0,0.0,0.0,0.0,0.0,0.0,0.0,0.0,0.0,0.0,0.0,0.0,0.0,0.0,0.0,0.0,0.0,0.0,0.0,0.0,0.0,0.0,0.0,0.0,0.0,0.0,0.0,0.0,0.0,0.0,0.0,0.0,0.0,0.0,0.0,0.0,0.0,0.0,0.0,0.0,0.0,0.0,0.0,0.0,0.0,0.0,0.0,0.0,0.0,0.0,0.0,0.0,0.0,0.0,0.0,0.0,0.0,0.0,0.0,0.0,0.0,0.0,0.0,0.0,0.0,0.0,0.0,0.0,0.0,0.0,0.0,0.0,0.0,0.0,0.0,0.0,0.0,0.0,0.0,0.0,0.0,0.0,0.0,0.0,0.0,0.0,0.0,0.0,0.0,0.0,0.0,0.0,0.0,0.0,0.0,0.0,0.0,0.0,0.0,0.0,0.0,0.0,0.0,0.0,0.0,0.0,0.0,0.0,0.0,0.0,0.0,0.0,0.0,0.0,0.0,0.0,0.0,0.0,0.0,0.0,0.0,0.0,0.0,0.0,0.0,0.0,0.0,0.0,0.0,0.0,0.0,0.0,0.0,0.0,0.0,0.0,0.0,0.0,0.0,0.0,0.0,0.0,0.0,0.0,0.0,0.0,0.0,0.0,0.0,0.0,0.0,0.0,0.0,0.0,0.0,0.0,0.0,0.0,0.0,0.0,0.0,0.0,0.0,0.0,0.0,0.0,0.0,0.0,0.0,0.0,0.0,0.0,0.0,0.0,0.0,0.0,0.0,0.0,0.0,0.0,0.0,0.0,0.0,0.0,0.0,0.0,0.0,0.0,0.0,0.0,0.0,0.0,0.0,0.0,0.0,0.0,0.0,0.0,0.0,0.0,0.0,0.0,0.0,0.0,0.0,0.0,0.0,0.0,0.0,0.0,0.0,0.0,0.0,0.0,0.0,0.0,0.0,0.0,0.0,0.0,0.0,0.0,0.0,0.0,0.0,0.0,0.0,0.0,0.0,0.0,0.0,0.0,0.0,0.0,0.0,0.0,0.0,0.0,0.0,0.0,0.0,0.0,0.0,0.0,0.0,0.0,0.0,0.0,0.0,0.0,0.0,0.0,0.0,0.0,0.0,0.0,0.0,0.0,0.0,0.0,0.0,0.0,0.0,0.0,0.0,0.0,0.0,0.0,0.0,0.0,0.0,0.0,0.0,0.0,0.0,0.0,0.0,0.0,0.0,0.0,0.0,0.0,0.0,0.0,0.0,0.0,0.0,0.0,0.0,0.0,0.0,0.0,0.0,0.0,0.0,0.0,0.0,0.0,0.0,0.0,0.0,0.0,0.0,0.0,0.0,0.0,0.0,0.0,0.0,0.0,0.0,0.0,0.0,0.0,0.0,0.0,0.0,0.0,0.0,0.0,0.0,0.0,0.0,0.0,0.0,0.0,0.0,0.0,0.0,0.0,0.0,0.0,0.0,0.0,0.0,0.0,0.0,0.0,0.0,0.0,0.0,0.0,0.0,0.0,0.0,0.0,0.0,0.0,0.0,0.0,0.0,0.0,0.0,0.0,0.0,0.0,0.0,0.0,0.0,0.0,0.0,0.0,0.0,0.0,0.0,0.0,0.0,0.0,0.0,0.0,0.0,0.0,0.0,0.0,0.0,0.0,0.0,0.0,0.0,0.0,0.0,0.0,0.0,0.0,0.0,0.0,0.0,0.0,0.0,0.0,0.0,0.0,0.0,0.0,0.0,0.0,0.0,0.0,0.0,0.0,0.0,0.0,0.0,0.0,0.0,0.0,0.0,0.0,0.0,0.0,0.0,0.0,0.0,0.0,0.0,0.0,0.0,0.0,0.0,0.0,0.0,0.0,0.0,0.0,0.0,0.0,0.0,0.0,0.0,0.0,0.0,0.0,0.0,0.0,0.0,0.0,0.0,0.0,0.0,0.0,0.0,0.0,0.0,0.0,0.0,0.0,0.0,0.0,0.0,0.0,0.0,0.0,0.0,0.0,0.0,0.0,0.0,0.0,0.0,0.0,0.0,0.0,0.0,0.0,0.0,0.0,0.0,0.0,0.0,0.0,0.0,0.0,0.0,0.0,0.0,0.0,0.0,0.0,0.0,0.0,0.0,0.0,0.0,0.0,0.0,0.0,0.0,0.0,0.0,0.0,0.0,0.0,0.0,0.0,0.0,0.0,0.0,0.0,0.0,0.0,0.0,0.0,0.0,0.0,0.0,0.0,0.0,0.0,0.0,0.0,0.0,0.0,0.0,0.0,0.0,0.0,0.0,0.0,0.0,0.0,0.0,0.0,0.0,0.0,0.0,0.0,0.0,0.0,0.0,0.0,0.0,0.0,0.0,0.0,0.0,0.0,0.0,0.0,0.0,0.0,0.0,0.0,0.0,0.0,0.0,0.0,0.0,0.0,0.0,0.0,0.0,0.0,0.0,0.0,0.0,0.0,0.0,0.0,0.0,0.0,0.0,0.0,0.0,0.0,0.0,0.0,0.0,0.0,0.0,0.0,0.0,0.0,0.0,0.0,0.0,0.0,0.0,0.0,0.0,0.0,0.0,0.0,0.0,0.0,0.0,0.0,0.0,0.0,0.0,0.0,0.0,0.0,0.0,0.0,0.0,0.0,0.0,0.0,0.0,0.0,0.0,0.0,0.0,0.0,0.0,0.0,0.0,0.0,0.0,0.0,0.0,0.0,0.0,0.0,0.0,0.0,0.0,0.0,0.0,0.0,0.0,0.0,0.0,0.0,0.0,0.0,0.0,0.0,0.0,0.0,0.0,0.0,0.0,0.0,0.0,0.0,0.0,0.0,0.0,0.0,0.0,0.0,0.0,0.0,0.0,0.0,0.0,0.0,0.0,0.0,0.0,0.0,0.0,0.0,0.0,0.0,0.0,0.0,0.0,0.0,0.0,0.0,0.0,0.0,0.0,0.0,0.0,0.0,0.0,0.0,0.0,0.0,0.0,0.0,0.0,0.0,0.0,0.0,0.0,0.0,0.0,0.0,0.0,0.0,0.0,0.0,0.0,0.0,0.0,0.0,0.0,0.0,0.0,0.0,0.0,0.0,0.0,0.0,0.0,0.0,0.0,0.0,0.0,0.0,0.0,0.0,0.0,0.0,0.0,0.0,0.0,0.0,0.0,0.0,0.0,0.0,0.0,0.0,0.0,0.0,0.0,0.0,0.0,0.0,0.0,0.0,0.0,0.0,0.0,0.0,0.0,0.0,0.0,0.0,0.0,0.0,0.0,0.0,0.0,0.0,0.0,0.0,0.0,0.0,0.0,0.0,0.0,0.0,0.0,0.0,0.0,0.0,0.0,0.0,0.0,0.0,0.0,0.0,0.0,0.0,0.0,0.0,0.0,0.0,0.0,0.0,0.0,0.0,0.0,0.0,0.0,0.0,0.0,0.0,0.0,0.0,0.0,0.0,0.0,0.0,0.0,0.0,0.0,0.0,0.0,0.0,0.0,0.0,0.0,0.0,0.0,0.0,0.0,0.0,0.0,0.0,0.0,0.0,0.0,0.0,0.0,0.0,0.0,0.0,0.0,0.0,0.0,0.0,0.0,0.0,0.0,0.0,0.0,0.0,0.0,0.0,0.0,0.0,0.0,0.0,0.0,0.0,0.0,0.0,0.0,0.0,0.0,0.0,0.0,0.0,0.0,0.0,0.0,0.0,0.0,0.0,0.0,0.0,0.0,0.0,0.0,0.0,0.0,0.0,0.0,0.0,0.0,0.0,0.0,0.0,0.0,0.0,0.0,0.0,0.0,0.0,0.0,0.0,0.0,0.0,0.0,0.0,0.0,0.0,0.0,0.0,0.0,0.0,0.0,0.0,0.0,0.0,0.0,0.0,0.0,0.0,0.0,0.0,0.0,0.0,0.0,0.0,0.0,0.0,0.0,0.0,0.0,0.0,0.0,0.0,0.0,0.0,0.0,0.0,0.0,0.0,0.0,0.0,0.0,0.0,0.0,0.0,0.0,0.0,0.0,0.0,0.0,0.0,0.0,0.0,0.0,0.0,0.0,0.0,0.0,0.0,0.0,0.0,0.0,0.0,0.0,0.0,0.0,0.0,0.0,0.0,0.0,0.0,0.0,0.0,0.0,0.0,0.0,0.0,0.0,0.0,0.0,0.0,0.0,0.0,0.0,0.0,0.0,0.0,0.0,0.0,0.0,0.0,0.0,0.0,0.0,0.0,0.0,0.0,0.0,0.0,0.0,0.0,0.0,0.0,0.0,0.0,0.0,0.0,0.0,0.0,0.0,0.0,0.0,0.0,0.0,0.0,0.0,0.0,0.0,0.0,0.0,0.0,0.0,0.0,0.0,0.0,0.0,0.0,0.0,0.0,0.0,0.0,0.0,0.0,0.0,0.0,0.0,0.0,0.0,0.0,0.0,0.0,0.0,0.0,0.0,0.0,0.0,0.0,0.0,0.0,0.0,0.0,0.0,0.0,0.0,0.0,0.0,0.0,0.0,0.0,0.0,0.0,0.0,0.0,0.0,0.0,0.0,0.0,0.0,0.0,0.0,0.0,0.0,0.0,0.0,0.0,0.0,0.0,0.0,0.0,0.0,0.0,0.0,0.0,0.0,0.0,0.0,0.0,0.0,0.0,0.0,0.0,0.0,0.0,0.0,0.0,0.0,0.0,0.0,0.0,0.0,0.0,0.0,0.0,0.0,0.0,0.0,0.0,0.0,0.0,0.0,0.0,0.0,0.0,0.0,0.0,0.0,0.0,0.0,0.0,0.0,0.0,0.0,0.0,0.0,0.0,0.0,0.0,0.0,0.0,0.0,0.0,0.0,0.0,0.0,0.0,0.0,0.0,0.0,0.0,0.0,0.0,0.0,0.0,0.0,0.0,0.0,0.0,0.0,0.0,0.0,0.0,0.0,0.0,0.0,0.0,0.0,0.0,0.0,0.0,0.0,0.0,0.0,0.0,0.0,0.0,0.0,0.0,0.0,0.0,0.0,0.0,0.0,0.0,0.0,0.0,0.0,0.0,0.0,0.0,0.0,0.0,0.0,0.0,0.0,0.0,0.0,0.0,0.0,0.0,0.0,0.0,0.0,0.0,0.0,0.0,0.0,0.0,0.0,0.0,0.0,0.0,0.0,0.0,0.0,0.0,0.0,0.0,0.0,0.0,0.0,0.0,0.0,0.0,0.0,0.0,0.0,0.0,0.0,0.0,0.0,0.0,0.0,0.0,0.0,0.0,0.0,0.0,0.0,0.0,0.0,0.0,0.0,0.0,0.0,0.0,0.0,0.0,0.0,0.0,0.0,0.0,0.0,0.0,0.0,0.0,0.0,0.0,0.0,0.0,0.0,0.0,0.0,0.0,0.0,0.0,0.0,0.0,0.0,0.0,0.0,0.0,0.0,0.0,0.0,0.0,0.0,0.0,0.0,0.0,0.0,0.0,0.0,0.0,0.0,0.0,0.0,0.0,0.0,0.0,0.0,0.0,0.0,0.0,0.0,0.0,0.0,0.0,0.0,0.0,0.0,0.0,0.0,0.0,0.0,0.0,0.0,0.0,0.0,0.0,0.0,0.0,0.0,0.0,0.0,0.0,0.0,0.0,0.0,0.0,0.0,0.0,0.0,0.0,0.0,0.0,0.0,0.0,0.0,0.0,0.0,0.0,0.0,0.0,0.0,0.0,0.0,0.0,0.0,0.0,0.0,0.0,0.0,0.0,0.0,0.0,0.0,0.0,0.0,0.0,0.0,0.0,0.0,0.0,0.0,0.0,0.0,0.0,0.0,0.0,0.0,0.0,0.0,0.0,0.0,0.0,0.0,0.0,0.0,0.0,0.0,0.0,0.0,0.0,0.0,0.0,0.0,0.0,0.0,0.0,0.0,0.0,0.0,0.0,0.0,0.0,0.0,0.0,0.0,0.0,0.0,0.0,0.0,0.0,0.0,0.0,0.0,0.0,0.0,0.0,0.0,0.0,0.0,0.0,0.0,0.0,0.0,0.0,0.0,0.0,0.0,0.0,0.0,0.0,0.0
Tax89,0.0,-2.1998925,-1.7520815,-1.2831862,-0.79054236,-0.28389055,0.2320012,0.75538117,1.286242,1.8347301,2.3851776,2.9492264,3.527455,4.1223674,4.734409,5.3629837,6.007855,6.6604466,7.273436,7.8070884,8.409927,9.105548,9.692998,10.475116,11.366614,12.012275,12.742346,13.598431,14.475884,15.532664,15.364885,16.303682,17.542118,18.219177,19.26851,20.095728,21.275238,22.232533,22.497793,22.973087,24.039604,24.28602,25.511965,27.277254,28.200462,29.949318,31.706125,32.265827,33.107727,34.483906,35.48821,36.317867,37.543167,38.295864,38.94964,39.33865,39.762043,40.377857,40.148567,40.251476,38.934856,38.265633,38.26901,38.505623,39.83874,41.310078,20.738798,22.31533,47.39484,49.522343,52.322197,53.349827,54.782173,28.53491,59.50688,30.631388,31.93381,33.72339,35.211697,37.106895,38.454315,39.68451,40.683445,42.52284,44.535248,47.09786,93.657555,96.03532,101.77386,105.73787,111.11569,116.24931,120.05437,124.14139,125.839,126.49125,126.96794,130.50507,133.93547,136.96915,138.70142,140.78145,144.56987,147.43452,149.67015,152.99068,155.78833,159.41434,163.16084,166.98341,170.42395,174.10713,176.15018,176.5919,175.02762,80.996124,82.84038,84.016304,84.12484,83.98026,83.27862,81.26965,79.29139,77.315475,75.41659,73.35089,70.70315,64.95202,59.69995,56.282604,52.37285,48.70086,45.235504,40.860775,36.574753,31.216473,26.132164,20.807667,15.252283,9.801284,3.8031945,-2.151606,-6.9012775,-10.734657,-14.100684,-16.148804,-18.27793,-21.304451,-24.35218,-26.922834,-28.38782,-27.75422,-23.376701,-18.395565,-14.331246,-10.421363,-6.7113166,-3.8773904,-2.0116267,-1.3313869,-0.64480686,-0.5445611,-1.7230589,-2.9048767,-3.4159954,-4.168852,-4.0177546,-2.7064924,-2.8160555,-2.5230114,-1.7332889,-0.8245695,-0.5893409,-1.4000145,1.3819897,2.8667958,1.6180701,0.76088226,1.1632793,2.988305,3.7133505,2.6179829,-2.0164356,-7.036147,-10.252798,-12.56673,-14.621971,-16.400621,-17.169634,-18.19796,-18.944498,-19.505299,-19.671366,-19.52872,-19.459929,-19.13824,-19.024792,-18.65933,-18.165213,-17.697338,-17.37634,-16.822878,-16.245274,-15.777264,-15.3721,-14.770201,-14.073193,-13.353217,-12.749846,-11.971157,-11.357032,-10.619145,-9.910102,-9.123166,-8.475429,-7.990426,-7.447819,-6.8197684,-6.391644,-5.8971386,-5.4717994,-4.932438,-4.645784,-4.32395,-3.9471073,-3.55671,-3.2213085,-2.9912755,-2.751532,-2.5002894,-2.29461,-2.1682646,-2.0145314,-1.8527156,-1.7301427,-1.5980922,-1.4532262,-1.3727175,-1.2493827,-1.167846,-1.0809135,-1.0088435,-0.9694239,-0.836654,-0.7738572,-0.69038314,-0.6491798,-0.59761935,-0.52612805,-0.4884189,-0.4527989,-0.41216555,-0.3706953,-0.3332885,-0.3019021,-0.27354854,-0.2533705,-0.23667511,-0.2235463,-0.18522108,-0.16231652,-0.15909523,-0.15580282,-0.135337,-0.10746958,-0.10526727,-0.10319345,-0.10125734,-0.09453369,-0.08708312,-0.079712406,-0.07090774,-0.06950584,-0.068125755,-0.060939215,-0.053901237,-0.052789938,-0.048283547,-0.047266286,-0.036582567,-0.03103628,-0.030417208,-0.021987017,-0.021525962,-0.021066621,-0.020595705,-0.020128993,-0.019661713,-0.019226503,-0.018790888,-0.018396493,-0.018028773,-0.017688591,-0.017343482,-0.016927203,-0.016419604,-0.015820852,-0.015089445,-0.014235362,-0.013324065,-0.012491358,-0.011760174,-0.010834923,-0.009832058,-0.008797854,-0.007736419,-0.006582316,-0.004503252,-0.0029030133,-0.0017650293,-0.0005450452,0.0009116946,0.0024343925,0.004104904,0.0060110893,0.0081205135,0.01075167,0.01388537,0.013237394,0.016110813,0.019876918,0.026125211,0.036669247,0.050072737,0.06468195,0.07424075,0.082469076,0.09195799,0.103425935,0.11549673,0.13177049,0.15098888,0.17091629,0.20182821,0.2355959,0.27686906,0.32811195,0.39064306,0.7437641,0.9469088,1.1960038,1.5226134,1.9004003,2.3374584,2.8591967,3.3938835,3.8043966,4.208634,4.470511,4.6224213,4.524945,3.834644,2.5361104,1.4336619,0.5015921,-0.032799635,-0.24077187,-0.32949686,-0.36621442,-0.33227944,-0.31033012,-0.2990316,-0.28278655,-0.26461804,-0.22848147,-0.21044336,-0.31998438,-0.26008117,-0.19887857,-0.13815363,-0.07874633,-0.0209545,0.039652653,0.09340549,0.1461756,0.19726431,0.24765225,0.2975664,0.34732726,0.3699303,0.41745505,0.465589,0.51457584,0.56410867,0.61412096,0.66486084,0.71662724,0.76948327,0.82399887,0.8794816,0.93583196,1.0290908,1.0530456,1.0103317,1.1327558,1.1865654,1.2302071,1.3204817,1.3865645,1.4919974,1.4955007,1.544367,1.5143894,1.5762321,1.4739844,1.5519804,1.5857738,1.6983583,1.86561,1.9999101,2.103026,2.120007,2.214589,2.2607715,2.279074,2.391695,2.3527045,2.411604,2.498717,2.531089,2.5427957,2.5906146,2.6215007,2.6182842,2.5996249,2.5478463,2.4962122,2.38571,2.380022,2.402738,2.45091,0.9808246,1.0798472,2.8235106,2.8524714,2.990358,3.0920596,3.1620908,1.3324832,3.4055269,1.4631553,1.5456523,1.5961819,1.6707368,1.789403,1.894292,1.9848216,2.0468416,2.1942294,2.4183664,2.6142378,5.5760264,5.8038774,5.991169,6.05524,6.457019,6.654185,6.8744783,7.035225,7.0689754,6.8330436,6.87634,7.0623736,7.4396815,7.5928454,7.618464,7.7444124,8.17854,8.216546,8.3751545,8.605113,8.932989,9.161813,9.42708,9.880764,9.957208,10.533993,10.985535,11.191033,11.367511,5.138419,5.3628273,5.7955856,6.008726,6.150031,6.2289066,6.3281603,6.376601,6.331617,6.5345297,6.533469,6.3949428,6.0581946,5.685204,5.632607,5.616003,5.3363376,5.2218647,4.99938,4.6287465,4.327959,3.9380383,3.42497,2.8971443,2.3121276,1.6628644,0.9765548,0.46996891,0.11668221,-0.17896956,-0.36572096,-0.5776651,-0.9006059,-1.2422559,-1.5859284,-1.8091221,-1.8146262,-1.3982788,-0.87567955,-0.4295076,-0.000692328,0.40176055,0.7067679,0.93292767,1.0158724,1.1170646,1.1105052,1.0166048,0.88607466,0.81206846,0.71332186,0.70408756,0.84197307,0.82823664,0.8695259,0.9681294,1.0772907,1.0965707,1.0048124,1.3802423,1.5397704,1.4420148,1.3576477,1.4212093,1.6712635,1.7917718,1.7027515,1.1295118,0.4803304,0.0012556924,-0.3535863,-0.69646966,-0.9760916,-1.1326518,-1.2983966,-1.4350771,-1.578382,-1.5739307,-1.6298976,-1.6528131,-1.6493746,-1.622691,-1.6040756,-1.5896851,-1.527743,-1.4570693,-1.3948683,-1.3822463,-1.3570925,-1.3809315,-1.355784,-1.3268691,-1.256269,-1.2282729,-1.1701969,-1.1315995,-0.98449457,-0.952545,-0.8834532,-0.8700172,-0.8418267,-0.7109552,-0.67972463,-0.6241145,-0.60223824,-0.5781246,-0.52944815,-0.47262657,-0.45345032,-0.42461574,-0.41714677,-0.38166267,-0.35615805,-0.33270463,-0.27828068,-0.22821786,-0.20731822,-0.1928559,-0.17545412,-0.17219311,-0.16889545,-0.16558295,-0.14995022,-0.13809648,-0.10806161,-0.10596592,-0.09274043,-0.080026425,-0.078620404,-0.06753726,-0.054322112,-0.053282205,-0.052256234,-0.051242717,-0.050247706,-0.04925304,-0.048297446,-0.04737201,-0.046440065,-0.045515865,-0.044654798,-0.04384312,-0.043047726,-0.036467448,-0.02839121,-0.018431578,-0.018066004,-0.01768991,-0.017328152,-0.016988311,-0.016638538,-0.016311234,-0.009418456,-0.009246412,-0.009071375,-0.008890051,-0.00870421,-0.008532302,-0.008362965,-0.008196542,-0.008032927,-0.003903706,-0.003821408,-0.003740155,-0.00366347,-0.003588842,-0.0035172305,-0.003442757,-0.003369928,-0.0032971743,-0.0032220632,-0.0031474964,-0.0030725976,-0.0030033523,-0.00293381,-0.002871616,-0.0028141164,-0.002761496,-0.0027077894,-0.0026407777,-0.0025567205,-0.0024556182,-0.0023297705,-0.0021809614,-0.0020212468,-0.0018757321,-0.0017486617,-0.0015853227,-0.0014071472,-0.0012226822,-0.0010326457,-0.000824913,-0.00061447464,-0.00038527255,-8.624408e-05,0.0002358706,0.00062274945,0.0010288698,0.0014764653,0.0019895094,0.0025594905,0.0032729297,0.0041252607,0.00515467,0.006201765,0.007573969,0.009848753,0.013683046,0.01853397,0.023753464,0.027010242,0.029631974,0.03252273,0.035878826,0.039153986,0.043506257,0.048356727,0.052846033,0.060023535,0.06695122,0.07472097,0.083551764,0.09316048,0.16728103,0.19350599,0.21816188,0.2437772,0.26086965,0.2638931,0.26958102,0.25918975,0.2402569,0.21668331,0.1898605,0.16189948,0.12840056,0.08703305,0.057077654,0.046390273,0.053401783,0.05762913,0.049762182,0.051202398,0.048636105,0.05710073,0.06748811,0.0738813,0.069940284,0.056939386,0.07639872,0.08070871,-0.039998047,-0.03347306,-0.013257645,-0.009879484,-0.0065810094,-0.003384897,-0.00030079857,0.0026736706,0.0055448553,0.008319223,0.011009064,0.013624102,0.016180217,0.018685777,0.021148462,0.023572363,0.025965845,0.028340936,0.030711696,0.033083934,0.0354628,0.037873153,0.040309366,0.042790588,0.045243092,0.047669556,0.049796775,0.051588062,0.05329802,0.055000294,0.05677022,0.05931808,0.08474185,0.08759546,0.08957931,0.06504222,0.06952038,0.07535181,0.07894179,0.08316778,0.08661973,0.091397166,0.097668014,0.09434108,0.09808847,0.08397324,0.11391593,0.11431241,0.087178886,0.11872587,0.12605074,0.1287333,0.12021345,0.15405285,0.0988166,0.10026273,0.103207864,0.09829878,0.08878436,0.09523463,0.09577818,0.09097248,0.092529014,0.0859178,0.089282885,0.03400367,0.037373062,0.11308817,0.11392657,0.108166665,0.11450196,0.12618764,0.048115447,0.13504063,0.04523938,0.05130904,0.048295673,0.064931236,0.07203892,0.076709285,0.071192294,0.07419735,0.08058348,0.101641774,0.09717632,0.22500257,0.24926455,0.27282596,0.2829225,0.31879967,0.34855983,0.3159536,0.3323703,0.29828975,0.35313216,0.34486136,0.35777068,0.3450632,0.3384305,0.34595612,0.37736663,0.38035187,0.3651256,0.38095996,0.37141487,0.35392636,0.38444805,0.35150224,0.3910969,0.4620676,0.46302128,0.46557176,0.4975366,0.4865774,0.19844128,0.19292174,0.23247023,0.23209822,0.24302019,0.23689215,0.2442932,0.24382614,0.23793763,0.242804,0.21546565,0.226325,0.22052,0.19847272,0.2060092,0.1646193,0.17151973,0.17836112,0.17682606,0.1700283,0.1624805,0.1497076,0.123510085,0.09563127,0.07441879,0.052959125,0.03134971,0.014231097,0.0018065702,-0.00902932,-0.0155719835,-0.024505047,-0.03590042,-0.04954035,-0.06286744,-0.06606153,-0.06773949,-0.0552582,-0.037957482,-0.021944383,-0.005088396,0.012086903,0.026985414,0.039108004,0.041114993,0.04773897,0.05151224,0.049080107,0.045117386,0.043299504,0.04015147,0.041425936,0.049297247,0.05057211,0.054231446,0.061290443,0.05335156,0.05751101,0.05628812,0.07404134,0.08734476,0.085790925,0.084969886,0.06464198,0.0775928,0.087229356,0.08582025,0.06498739,0.03684195,0.016107418,0.000116629526,-0.015270453,-0.028615514,-0.03772149,-0.047748003,-0.056689747,-0.064985305,-0.041754328,-0.044026706,-0.04650301,-0.04839988,-0.05069755,-0.0525833,-0.053611133,-0.054496918,-0.055696987,-0.040906183,-0.041076742,-0.041252807,-0.04197046,-0.01724688,-0.017304044,0.0,0.0,0.0,0.0,0.0,0.0,0.0,0.0,0.0,0.0,0.0,0.0,0.0,0.0,0.0,0.0,0.0,0.0,0.0,0.0,0.0,0.0,0.0,0.0,0.0,0.0,0.0,0.0,0.0,0.0,0.0,0.0,0.0,0.0,0.0,0.0,0.0,0.0,0.0,0.0,0.0,0.0,0.0,0.0,0.0,0.0,0.0,0.0,0.0,0.0,0.0,0.0,0.0,0.0,0.0,0.0,0.0,0.0,0.0,0.0,0.0,0.0,0.0,0.0,0.0,0.0,0.0,0.0,0.0,0.0,0.0,0.0,0.0,0.0,0.0,0.0,0.0,0.0,0.0,0.0,0.0,0.0,0.0,0.0,0.0,0.0,0.0,0.0,0.0,0.0,0.0,0.0,0.0,0.0,0.0,0.0,0.0,0.0,0.0,0.0,0.0,0.0,0.0,0.0,0.0,0.0,0.0,0.0,0.0,0.0,0.0,0.0,0.0,0.0,0.0,0.0,0.0,0.0,0.0,0.0,0.0,0.0,0.0,0.0,0.0,0.0,0.0,0.0,0.0,0.0,0.0,0.0,0.0,0.0,0.0,0.0,0.0,0.0,0.0,0.0,0.0,0.0,0.0,0.0,0.0,0.0,0.0,0.0,0.0,0.0,0.0,0.0,0.0,0.0,0.0,0.0,0.0,0.0,0.0,0.0,0.0,0.0,0.0,0.0,0.0,0.0,0.0,0.0,0.0,0.0,0.0,0.0,0.0,0.0,0.0,0.0,0.0,0.0,0.0,0.0,0.0,0.0,0.0,0.0,0.0,0.0,0.0,0.0,0.0,0.0,0.0,0.0,0.0,0.0,0.0,0.0,0.0,0.0,0.0,0.0,0.0,0.0,0.0,0.0,0.0,0.0,0.0,0.0,0.0,0.0,0.0,0.0,0.0,0.0,0.0,0.0,0.0,0.0,0.0,0.0,0.0,0.0,0.0,0.0,0.0,0.0,0.0,0.0,0.0,0.0,0.0,0.0,0.0,0.0,0.0,0.0,0.0,0.0,0.0,0.0,0.0,0.0,0.0,0.0,0.0,0.0,0.0,0.0,0.0,0.0,0.0,0.0,0.0,0.0,0.0,0.0,0.0,0.0,0.0,0.0,0.0,0.0,0.0,0.0,0.0,0.0,0.0,0.0,0.0,0.0,0.0,0.0,0.0,0.0,0.0,0.0,0.0,0.0,0.0,0.0,0.0,0.0,0.0,0.0,0.0,0.0,0.0,0.0,0.0,0.0,0.0,0.0,0.0,0.0,0.0,0.0,0.0,0.0,0.0,0.0,0.0,0.0,0.0,0.0,0.0,0.0,0.0,0.0,0.0,0.0,0.0,0.0,0.0,0.0,0.0,0.0,0.0,0.0,0.0,0.0,0.0,0.0,0.0,0.0,0.0,0.0,0.0,0.0,0.0,0.0,0.0,0.0,0.0,0.0,0.0,0.0,0.0,0.0,0.0,0.0,0.0,0.0,0.0,0.0,0.0,0.0,0.0,0.0,0.0,0.0,0.0,0.0,0.0,0.0,0.0,0.0,0.0,0.0,0.0,0.0,0.0,0.0,0.0,0.0,0.0,0.0,0.0,0.0,0.0,0.0,0.0,0.0,0.0,0.0,0.0,0.0,0.0,0.0,0.0,0.0,0.0,0.0,0.0,0.0,0.0,0.0,0.0,0.0,0.0,0.0,0.0,0.0,0.0,0.0,0.0,0.0,0.0,0.0,0.0,0.0,0.0,0.0,0.0,0.0,0.0,0.0,0.0,0.0,0.0,0.0,0.0,0.0,0.0,0.0,0.0,0.0,0.0,0.0,0.0,0.0,0.0,0.0,0.0,0.0,0.0,0.0,0.0,0.0,0.0,0.0,0.0,0.0,0.0,0.0,0.0,0.0,0.0,0.0,0.0,0.0,0.0,0.0,0.0,0.0,0.0,0.0,0.0,0.0,0.0,0.0,0.0,0.0,0.0,0.0,0.0,0.0,0.0,0.0,0.0,0.0,0.0,0.0,0.0,0.0,0.0,0.0,0.0,0.0,0.0,0.0,0.0,0.0,0.0,0.0,0.0,0.0,0.0,0.0,0.0,0.0,0.0,0.0,0.0,0.0,0.0,0.0,0.0,0.0,0.0,0.0,0.0,0.0,0.0,0.0,0.0,0.0,0.0,0.0,0.0,0.0,0.0,0.0,0.0,0.0,0.0,0.0,0.0,0.0,0.0,0.0,0.0,0.0,0.0,0.0,0.0,0.0,0.0,0.0,0.0,0.0,0.0,0.0,0.0,0.0,0.0,0.0,0.0,0.0,0.0,0.0,0.0,0.0,0.0,0.0,0.0,0.0,0.0,0.0,0.0,0.0,0.0,0.0,0.0,0.0,0.0,0.0,0.0,0.0,0.0,0.0,0.0,0.0,0.0,0.0,0.0,0.0,0.0,0.0,0.0,0.0,0.0,0.0,0.0,0.0,0.0,0.0,0.0,0.0,0.0,0.0,0.0,0.0,0.0,0.0,0.0,0.0,0.0,0.0,0.0,0.0,0.0,0.0,0.0,0.0,0.0,0.0,0.0,0.0,0.0,0.0,0.0,0.0,0.0,0.0,0.0,0.0,0.0,0.0,0.0,0.0,0.0,0.0,0.0,0.0,0.0,0.0,0.0,0.0,0.0,0.0,0.0,0.0,0.0,0.0,0.0,0.0,0.0,0.0,0.0,0.0,0.0,0.0,0.0,0.0,0.0,0.0,0.0,0.0,0.0,0.0,0.0,0.0,0.0,0.0,0.0,0.0,0.0,0.0,0.0,0.0,0.0,0.0,0.0,0.0,0.0,0.0,0.0,0.0,0.0,0.0,0.0,0.0,0.0,0.0,0.0,0.0,0.0,0.0,0.0,0.0,0.0,0.0,0.0,0.0,0.0,0.0,0.0,0.0,0.0,0.0,0.0,0.0,0.0,0.0,0.0,0.0,0.0,0.0,0.0,0.0,0.0,0.0,0.0,0.0,0.0,0.0,0.0,0.0,0.0,0.0,0.0,0.0,0.0,0.0,0.0,0.0,0.0,0.0,0.0,0.0,0.0,0.0,0.0,0.0,0.0,0.0,0.0,0.0,0.0,0.0,0.0,0.0,0.0,0.0,0.0,0.0,0.0,0.0,0.0,0.0,0.0,0.0,0.0,0.0,0.0,0.0,0.0,0.0,0.0,0.0,0.0,0.0,0.0,0.0,0.0,0.0,0.0,0.0,0.0,0.0,0.0,0.0,0.0,0.0,0.0,0.0,0.0,0.0,0.0,0.0,0.0,0.0,0.0,0.0,0.0,0.0,0.0,0.0,0.0,0.0,0.0,0.0,0.0,0.0,0.0,0.0,0.0,0.0,0.0,0.0,0.0,0.0,0.0,0.0,0.0,0.0,0.0,0.0,0.0,0.0,0.0,0.0,0.0,0.0,0.0,0.0,0.0,0.0,0.0,0.0,0.0,0.0,0.0,0.0,0.0,0.0,0.0,0.0,0.0,0.0,0.0,0.0,0.0,0.0,0.0,0.0,0.0,0.0,0.0,0.0,0.0,0.0,0.0,0.0,0.0,0.0,0.0,0.0,0.0,0.0,0.0,0.0,0.0,0.0,0.0,0.0,0.0,0.0,0.0,0.0,0.0,0.0,0.0,0.0,0.0,0.0,0.0,0.0,0.0,0.0,0.0,0.0,0.0,0.0,0.0,0.0,0.0,0.0,0.0,0.0,0.0,0.0,0.0,0.0,0.0,0.0,0.0,0.0,0.0,0.0,0.0,0.0,0.0,0.0,0.0,0.0,0.0,0.0,0.0,0.0,0.0,0.0,0.0,0.0,0.0,0.0,0.0,0.0,0.0,0.0,0.0,0.0,0.0,0.0,0.0,0.0,0.0,0.0,0.0,0.0,0.0,0.0,0.0,0.0,0.0,0.0,0.0,0.0,0.0,0.0,0.0,0.0,0.0,0.0,0.0,0.0,0.0,0.0,0.0,0.0,0.0,0.0,0.0,0.0,0.0,0.0,0.0,0.0,0.0,0.0,0.0,0.0,0.0,0.0,0.0,0.0,0.0,0.0,0.0,0.0,0.0,0.0,0.0,0.0,0.0,0.0,0.0,0.0,0.0,0.0,0.0,0.0,0.0,0.0,0.0,0.0,0.0,0.0,0.0,0.0,0.0,0.0,0.0,0.0,0.0,0.0,0.0,0.0,0.0,0.0,0.0,0.0,0.0,0.0,0.0,0.0,0.0,0.0,0.0,0.0,0.0,0.0,0.0,0.0,0.0,0.0,0.0,0.0,0.0,0.0,0.0,0.0,0.0,0.0,0.0,0.0,0.0,0.0,0.0,0.0,0.0,0.0,0.0,0.0,0.0,0.0,0.0,0.0,0.0,0.0,0.0,0.0,0.0,0.0,0.0,0.0,0.0,0.0,0.0,0.0,0.0,0.0,0.0,0.0,0.0,0.0,0.0,0.0,0.0,0.0,0.0,0.0,0.0,0.0,0.0,0.0,0.0,0.0,0.0,0.0,0.0,0.0,0.0,0.0,0.0,0.0,0.0,0.0,0.0,0.0,0.0,0.0,0.0,0.0,0.0,0.0,0.0,0.0,0.0,0.0,0.0,0.0,0.0,0.0,0.0,0.0,0.0,0.0,0.0,0.0,0.0,0.0,0.0,0.0,0.0,0.0,0.0,0.0,0.0,0.0,0.0,0.0,0.0,0.0,0.0,0.0,0.0,0.0,0.0,0.0,0.0,0.0,0.0,0.0,0.0,0.0,0.0,0.0,0.0,0.0,0.0,0.0,0.0,0.0,0.0,0.0,0.0,0.0,0.0,0.0,0.0,0.0,0.0,0.0,0.0,0.0,0.0,0.0,0.0,0.0,0.0,0.0,0.0,0.0,0.0,0.0,0.0,0.0,0.0,0.0,0.0,0.0,0.0,0.0,0.0,0.0,0.0,0.0,0.0,0.0,0.0,0.0,0.0,0.0,0.0,0.0,0.0,0.0,0.0,0.0,0.0,0.0,0.0,0.0,0.0,0.0,0.0,0.0,0.0,0.0,0.0,0.0,0.0,0.0,0.0,0.0,0.0,0.0,0.0,0.0,0.0,0.0,0.0,0.0,0.0,0.0,0.0,0.0,0.0,0.0,0.0,0.0,0.0,0.0,0.0,0.0,0.0,0.0,0.0,0.0,0.0,0.0,0.0,0.0,0.0,0.0,0.0,0.0,0.0,0.0,0.0,0.0,0.0,0.0,0.0,0.0,0.0,0.0,0.0,0.0,0.0,0.0,0.0,0.0,0.0,0.0,0.0,0.0,0.0,0.0,0.0,0.0,0.0,0.0,0.0,0.0,0.0,0.0,0.0,0.0,0.0,0.0,0.0,0.0,0.0,0.0,0.0,0.0,0.0,0.0,0.0,0.0,0.0,0.0,0.0,0.0,0.0,0.0,0.0,0.0,0.0,0.0,0.0,0.0,0.0,0.0,0.0,0.0,0.0,0.0,0.0,0.0,0.0,0.0,0.0,0.0,0.0,0.0,0.0,0.0,0.0,0.0,0.0,0.0,0.0,0.0,0.0,0.0,0.0,0.0,0.0,0.0,0.0,0.0,0.0,0.0,0.0,0.0,0.0,0.0,0.0,0.0,0.0,0.0,0.0,0.0,0.0,0.0,0.0,0.0,0.0,0.0,0.0,0.0,0.0,0.0,0.0,0.0,0.0,0.0,0.0,0.0,0.0,0.0,0.0,0.0,0.0,0.0,0.0,0.0,0.0,0.0,0.0,0.0,0.0,0.0,0.0,0.0,0.0,0.0,0.0,0.0,0.0,0.0,0.0,0.0,0.0,0.0,0.0,0.0,0.0,0.0,0.0,0.0,0.0,0.0,0.0,0.0,0.0,0.0,0.0,0.0,0.0,0.0,0.0,0.0,0.0,0.0,0.0,0.0,0.0,0.0,0.0,0.0,0.0,0.0,0.0,0.0,0.0,0.0,0.0,0.0,0.0,0.0,0.0,0.0,0.0,0.0,0.0,0.0,0.0,0.0,0.0,0.0,0.0,0.0,0.0,0.0,0.0,0.0,0.0,0.0,0.0,0.0,0.0,0.0,0.0,0.0,0.0,0.0,0.0,0.0,0.0,0.0,0.0,0.0,0.0,0.0,0.0,0.0,0.0,0.0,0.0,0.0,0.0,0.0,0.0,0.0,0.0,0.0,0.0,0.0,0.0,0.0,0.0,0.0,0.0,0.0,0.0,0.0,0.0,0.0,0.0,0.0,0.0,0.0,0.0,0.0,0.0,0.0,0.0,0.0,0.0,0.0,0.0,0.0,0.0,0.0,0.0,0.0,0.0,0.0,0.0,0.0,0.0,0.0,0.0,0.0,0.0,0.0,0.0,0.0,0.0,0.0,0.0,0.0,0.0,0.0,0.0,0.0,0.0,0.0,0.0,0.0,0.0,0.0,0.0,0.0,0.0,0.0,0.0,0.0,0.0,0.0,0.0,0.0,0.0,0.0,0.0,0.0,0.0,0.0,0.0,0.0,0.0,0.0,0.0,0.0,0.0,0.0,0.0,0.0,0.0,0.0,0.0,0.0,0.0,0.0,0.0,0.0,0.0,0.0,0.0,0.0,0.0,0.0,0.0,0.0,0.0,0.0,0.0,0.0,0.0,0.0,0.0,0.0,0.0,0.0,0.0,0.0,0.0,0.0,0.0,0.0,0.0,0.0,0.0,0.0,0.0,0.0,0.0,0.0,0.0,0.0,0.0,0.0,0.0,0.0,0.0,0.0,0.0,0.0,0.0,0.0,0.0,0.0,0.0,0.0,0.0,0.0,0.0,0.0,0.0,0.0,0.0,0.0,0.0,0.0,0.0,0.0,0.0,0.0,0.0,0.0,0.0,0.0,0.0,0.0,0.0,0.0,0.0,0.0,0.0,0.0,0.0,0.0,0.0,0.0,0.0,0.0,0.0,0.0,0.0,0.0,0.0,0.0,0.0,0.0,0.0,0.0,0.0,0.0,0.0,0.0,0.0,0.0,0.0,0.0,0.0,0.0,0.0,0.0,0.0,0.0,0.0,0.0,0.0,0.0,0.0,0.0,0.0,0.0,0.0,0.0,0.0,0.0,0.0,0.0,0.0,0.0,0.0,0.0,0.0,0.0,0.0,0.0,0.0,0.0,0.0,0.0,0.0,0.0,0.0,0.0,0.0,0.0,0.0,0.0,0.0,0.0,0.0,0.0,0.0,0.0,0.0,0.0,0.0,0.0,0.0,0.0,0.0,0.0,0.0,0.0,0.0,0.0,0.0,0.0,0.0,0.0,0.0,0.0,0.0,0.0,0.0,0.0,0.0,0.0,0.0,0.0,0.0,0.0,0.0,0.0,0.0,0.0,0.0,0.0,0.0,0.0,0.0,0.0,0.0,0.0,0.0,0.0,0.0,0.0,0.0,0.0,0.0,0.0,0.0,0.0,0.0,0.0,0.0,0.0,0.0,0.0,0.0,0.0,0.0,0.0,0.0,0.0,0.0,0.0,0.0,0.0,0.0,0.0,0.0,0.0,0.0,0.0,0.0,0.0,0.0,0.0,0.0,0.0,0.0,0.0,0.0,0.0,0.0,0.0,0.0,0.0,0.0,0.0,0.0,0.0,0.0,0.0,0.0,0.0,0.0,0.0,0.0,0.0,0.0,0.0,0.0,0.0,0.0,0.0,0.0,0.0,0.0,0.0,0.0,0.0,0.0,0.0,0.0,0.0,0.0,0.0,0.0,0.0,0.0,0.0,0.0,0.0,0.0,0.0,0.0,0.0,0.0,0.0,0.0,0.0,0.0,0.0,0.0,0.0,0.0,0.0,0.0,0.0,0.0,0.0,0.0,0.0,0.0,0.0,0.0,0.0,0.0,0.0,0.0,0.0,0.0,0.0,0.0,0.0,0.0,0.0,0.0,0.0,0.0,0.0,0.0,0.0,0.0,0.0,0.0,0.0,0.0,0.0,0.0,0.0,0.0,0.0,0.0,0.0,0.0,0.0,0.0,0.0,0.0,0.0,0.0,0.0,0.0,0.0,0.0,0.0,0.0,0.0,0.0,0.0,0.0,0.0,0.0,0.0,0.0,0.0,0.0,0.0,0.0,0.0,0.0,0.0,0.0,0.0,0.0,0.0,0.0,0.0,0.0,0.0,0.0,0.0,0.0,0.0,0.0,0.0,0.0,0.0,0.0,0.0,0.0,0.0,0.0,0.0,0.0,0.0,0.0,0.0,0.0,0.0,0.0,0.0,0.0,0.0,0.0,0.0,0.0,0.0,0.0,0.0,0.0,0.0,0.0,0.0,0.0,0.0,0.0,0.0,0.0,0.0,0.0,0.0,0.0,0.0,0.0,0.0,0.0,0.0,0.0,0.0,0.0,0.0,0.0,0.0,0.0,0.0,0.0,0.0,0.0,0.0,0.0,0.0,0.0,0.0,0.0,0.0,0.0,0.0,0.0,0.0,0.0,0.0,0.0,0.0,0.0,0.0,0.0,0.0,0.0,0.0,0.0,0.0,0.0,0.0,0.0,0.0,0.0,0.0,0.0,0.0,0.0,0.0,0.0,0.0,0.0,0.0,0.0,0.0,0.0,0.0,0.0,0.0,0.0,0.0,0.0,0.0,0.0,0.0,0.0,0.0,0.0,0.0,0.0,0.0,0.0,0.0,0.0,0.0,0.0,0.0,0.0,0.0,0.0,0.0,0.0,0.0,0.0,0.0,0.0,0.0
Tax90,0.0,-0.37857008,-0.3269386,-0.24600986,-0.14321671,-0.024322372,0.10632415,0.2453381,0.39000377,0.5382572,0.6881193,0.83797616,0.9862256,1.1316563,1.2737817,1.4012614,1.5320736,1.6580023,1.7821752,1.9090546,2.0185513,2.066153,2.1678326,2.2705219,2.3826704,2.4792824,2.5929394,2.7469568,2.8535035,2.9587235,3.0321755,3.1497104,3.2516725,3.376133,3.4844167,3.5738134,3.7516658,3.9443836,4.0929103,4.205175,4.3443737,4.39629,4.6113825,4.8705688,4.984144,5.224875,5.411676,5.534616,5.5606546,5.67339,5.7477336,5.7504153,5.8917003,5.951434,6.064726,6.1677356,6.322965,6.450495,6.4012957,6.336481,6.2185583,6.21888,6.2656198,6.2577453,6.466558,6.739937,1.1702316,1.2240773,7.4538674,7.8397007,8.114899,8.258876,8.322555,1.5123051,8.730012,1.5699943,1.6068997,1.6907836,1.7276702,1.7925454,1.8342297,1.8672426,1.9129307,1.9393225,2.023431,2.1166892,11.098035,11.344234,11.751307,11.885568,12.31992,12.975655,13.304336,13.802448,13.808438,14.101631,14.120971,14.54543,14.749723,14.9506855,15.120662,15.133263,15.444423,15.7246065,15.878105,16.279688,16.387032,16.596031,16.979017,17.085367,17.55817,17.817896,18.030735,17.884897,17.892748,3.0666502,3.0985045,3.1517973,3.1392946,3.0599856,2.972743,2.8954804,2.753205,2.6847942,2.5242112,2.4607835,2.3410823,2.0860837,1.857845,1.6944038,1.521909,1.3390663,1.1635481,0.9921875,0.7736345,0.55277425,0.33541757,0.07747044,-0.15866002,-0.43259847,-0.6978413,-0.9520908,-1.1634517,-1.3356557,-1.4827236,-1.5877652,-1.7042696,-1.8420542,-1.9890436,-2.1213138,-2.2208967,-2.2620142,-2.1837344,-2.0594728,-1.9368956,-1.8067352,-1.6750414,-1.5634683,-1.4748708,-1.4335613,-1.3886105,-1.3681862,-1.3992442,-1.4366351,-1.4610025,-1.492076,-1.4875106,-1.4243135,-1.4181176,-1.3884076,-1.3380513,-1.2836796,-1.2502279,-1.2731277,-1.1094006,-0.9932902,-1.0240558,-1.0461998,-0.9956201,-0.8441264,-0.7452395,-0.77189046,-1.049529,-1.3678718,-1.583622,-1.7500929,-1.9092679,-2.0380697,-2.11678,-2.209811,-2.2930605,-2.372107,-2.422225,-2.4579313,-2.4924862,-2.510723,-2.5428214,-2.561284,-2.56984,-2.5758615,-2.5795667,-2.5776227,-2.5660608,-2.5563896,-2.5511713,-2.5352898,-2.5170588,-2.488104,-2.4624617,-2.4393635,-2.409734,-2.3914423,-2.3619812,-2.3449836,-2.3276355,-2.3114583,-2.2949634,-2.2791605,-2.261652,-2.247058,-2.227787,-2.210782,-2.1918597,-2.1734862,-2.1552215,-2.1336777,-2.1135466,-2.1017702,-2.0917907,-2.084649,-2.0728338,-2.0591629,-2.036871,-2.0118,-1.9962486,-1.9734956,-1.9527539,-1.9381784,-1.9255818,-1.9054097,-1.8866433,-1.8728212,-1.8532838,-1.8197026,-1.8056035,-1.797908,-1.7774692,-1.7608994,-1.7530179,-1.7374169,-1.7304704,-1.7228601,-1.6967041,-1.6855551,-1.6790999,-1.666569,-1.6534718,-1.632299,-1.614053,-1.5996284,-1.5852271,-1.575302,-1.5708882,-1.5656894,-1.5543154,-1.5421953,-1.5277654,-1.5194353,-1.5074072,-1.4997946,-1.4939958,-1.4868996,-1.4806854,-1.4747411,-1.4647423,-1.4551975,-1.4506928,-1.4432187,-1.4312956,-1.4265616,-1.4216226,-1.4133816,-1.4050277,-1.3934877,-1.3899564,-1.3876806,-1.3733717,-1.3691192,-1.3582476,-1.349651,-1.338021,-1.3326361,-1.3188523,-1.3100996,-1.3057172,-1.3056358,-1.3106798,-1.3171606,-1.317957,-1.3182937,-1.3139224,-1.3063333,-1.289564,-1.2720349,-1.2490586,-1.220618,-1.1796246,-1.1381153,-1.0920305,-1.0210805,-0.9446041,-0.84445214,-0.7364758,-0.61127275,-0.46620548,-0.30006075,-0.0962385,0.14715627,0.43792883,0.7213141,1.0883545,1.7066427,2.7617338,4.016452,5.171709,5.5139146,5.6147947,5.7652497,5.9916563,6.151555,6.5224075,6.944095,7.2579107,7.9730105,8.623342,9.3764305,10.273717,11.249261,44.432144,51.17686,58.479534,67.5962,77.28023,88.33763,100.15398,113.152534,124.0607,133.84564,139.90944,142.67406,137.00024,117.59028,85.73253,52.844425,26.435528,10.241418,3.2673397,0.49098933,-0.47207585,-0.534473,-0.43674117,-0.23929459,-0.07132303,0.1494778,0.5010773,0.7620162,-2.9586077,-2.619552,-2.1647208,-1.639283,-1.0621573,-0.46536237,0.14427753,0.75873744,1.3664819,1.9639263,2.5459101,3.1082463,3.6475549,4.1630583,4.6527963,5.1146264,5.5478115,5.9277573,6.294428,6.6007133,6.9054255,7.183133,7.4319816,7.6726565,7.8570333,8.0702,8.385756,8.607192,8.915495,9.181158,9.382951,9.797488,10.1399,10.429353,10.805299,11.213328,11.499919,11.544701,11.747479,12.045846,12.229617,12.681081,13.23813,13.317599,13.755278,14.122239,14.264891,14.381547,14.578233,14.673641,14.768223,15.13989,15.195779,15.654819,15.680253,15.548563,15.661601,15.30585,15.1080265,14.468772,14.297921,14.143208,14.04333,14.511152,14.968832,0.86581266,1.0438834,16.669746,17.460949,18.065271,18.512917,18.61511,1.5824616,19.20414,1.7617917,1.8063333,2.0187063,2.1474798,2.2777925,2.4288435,2.5568135,2.6082938,2.8552413,3.1447933,3.4155521,25.683765,26.211493,27.084496,27.610277,28.225157,28.786903,29.099028,29.700005,29.33943,29.381159,29.464968,30.08088,30.392456,30.839958,31.315943,31.349512,31.676683,32.401768,32.984207,33.594284,34.06165,34.42985,35.832825,36.293694,37.099358,38.20116,38.67749,39.38257,39.45473,5.2849984,5.6574593,5.9903135,6.0469484,6.069431,6.084727,6.0167847,5.846099,5.781152,5.568688,5.493346,5.299578,4.759158,4.2146544,3.9254909,3.4254298,3.0482478,2.6945915,2.2224326,1.6970326,1.120855,0.5154693,-0.16462941,-0.87481904,-1.6589292,-2.4724057,-3.2668078,-3.9065993,-4.358114,-4.7305527,-4.9895315,-5.2773166,-5.6602206,-6.0661764,-6.440944,-6.7097793,-6.8163958,-6.5835605,-6.213347,-5.8441715,-5.434396,-5.0107303,-4.611137,-4.273415,-4.0623407,-3.8507662,-3.6993885,-3.7210078,-3.795178,-3.8185008,-3.8967457,-3.8494458,-3.6419864,-3.6267421,-3.5309048,-3.3523695,-3.155141,-3.03006,-3.0883105,-2.5050237,-2.0686083,-2.1318882,-2.1823623,-1.9993229,-1.4507263,-1.0520132,-1.0859877,-2.0824642,-3.277362,-4.133946,-4.774518,-5.3683324,-5.8722215,-6.2112103,-6.568495,-6.863649,-7.1328773,-7.309746,-7.4367795,-7.555542,-7.643711,-7.7123675,-7.78352,-7.8160276,-7.8265224,-7.8368073,-7.8191032,-7.7964673,-7.7872634,-7.7493424,-7.682353,-7.628677,-7.572189,-7.505235,-7.423903,-7.355604,-7.2579618,-7.1721225,-7.125084,-7.0679617,-7.0051937,-6.9256296,-6.861839,-6.7802844,-6.7312493,-6.685025,-6.6257124,-6.5755315,-6.5326867,-6.4629865,-6.403429,-6.3516192,-6.291577,-6.2570004,-6.212441,-6.1940207,-6.1497903,-6.085865,-6.0284014,-5.9931035,-5.948114,-5.923953,-5.897941,-5.861061,-5.8158865,-5.7779512,-5.741774,-5.689925,-5.6504445,-5.6045732,-5.5770063,-5.5478644,-5.5119,-5.465552,-5.42553,-5.390506,-5.3566666,-5.3242083,-5.2680726,-5.238224,-5.2033715,-5.1679735,-5.1243463,-5.0740905,-5.026725,-4.9813185,-4.941257,-4.9200764,-4.8905993,-4.8607855,-4.8415923,-4.806316,-4.780089,-4.727114,-4.6997323,-4.666882,-4.6429305,-4.6055293,-4.582693,-4.5506496,-4.522584,-4.5006404,-4.4804673,-4.4597764,-4.4411764,-4.39498,-4.3618007,-4.3396564,-4.320061,-4.3095613,-4.294672,-4.273929,-4.255405,-4.234259,-4.21518,-4.188972,-4.1648,-4.1407886,-4.1143556,-4.1033363,-4.1027555,-4.1169724,-4.1187196,-4.1276927,-4.122169,-4.105956,-4.078708,-4.032846,-3.968919,-3.8863645,-3.7877028,-3.6738942,-3.5384314,-3.3807962,-3.165054,-2.917089,-2.595657,-2.239493,-1.8400414,-1.37307,-0.8517831,-0.19648015,0.58143264,1.5047296,2.3922982,3.5376265,5.487982,8.78979,12.638895,16.077444,16.986609,17.062147,17.237036,17.558182,17.74357,18.42448,19.242937,19.657866,21.239723,22.36274,23.6113,25.154354,26.72121,104.29874,113.85795,122.4619,131.6992,137.67523,142.4518,142.41245,137.26482,124.666695,109.19081,92.736275,76.93465,58.84737,38.77789,23.256792,15.923057,13.603266,12.706492,13.249512,13.347716,13.621264,14.37495,14.703851,15.125091,15.260407,15.740069,16.54423,17.205072,-3.8721137,-3.5221548,-3.0467775,-2.4855862,-1.8714446,-1.2295057,-0.57376045,0.0917561,0.7510917,1.3997871,2.0320036,2.6462965,3.2352748,3.8048253,4.3508883,4.8613048,5.35021,5.8023777,6.217428,6.62312,6.975268,7.3114495,7.626598,7.8940034,8.167863,8.380583,8.594554,8.812133,9.002241,9.198953,9.323903,9.680805,9.875554,10.347309,10.506374,10.886596,11.353138,11.314934,11.810845,12.052064,12.401687,12.886337,13.604674,13.712828,14.179869,14.566164,14.527586,14.7499275,14.8861,15.038559,14.842158,15.114224,15.236193,15.451598,15.408241,15.372206,15.519547,15.1666565,14.707732,13.984075,13.666748,13.464488,13.358728,13.85152,14.358146,0.15786651,0.3630228,16.285004,17.116343,17.93606,18.469023,18.635052,1.0690538,19.25643,1.2538847,1.3170382,1.5245521,1.6185651,1.7943195,1.9541821,2.1290662,2.2106748,2.4736197,2.8163686,3.1695487,26.726902,27.537449,28.491167,28.871431,29.494274,29.862505,30.005733,30.444075,29.68416,29.780321,29.375658,30.335775,30.603577,30.938475,31.238117,31.501442,31.948624,32.842976,33.44126,34.16142,34.584545,35.1957,36.13482,37.12083,37.91353,39.03247,39.488327,39.790787,39.873356,4.9768734,5.1818542,5.643551,5.8611073,5.9559884,5.996262,5.906287,5.804174,5.691265,5.571924,5.470318,5.3428774,4.671595,4.172166,3.8032398,3.3824577,2.9230072,2.6390386,2.135506,1.536602,0.8912855,0.24320264,-0.4934961,-1.2673041,-2.098511,-2.9306815,-3.7452934,-4.3960915,-4.867531,-5.2643304,-5.5255003,-5.8291254,-6.2279325,-6.631789,-7.0091467,-7.308022,-7.427755,-7.1953664,-6.8031607,-6.409697,-5.9604793,-5.479453,-5.0245233,-4.612927,-4.350843,-4.0777245,-3.873994,-3.8738916,-3.9452875,-3.9722748,-4.07691,-4.0490756,-3.8198977,-3.7890334,-3.6774807,-3.479451,-3.24026,-3.076159,-3.1258311,-2.4661093,-1.9368873,-1.955238,-1.9806652,-1.749993,-1.0917445,-0.5785968,-0.5589717,-1.6841028,-3.1005821,-4.146304,-4.9352736,-5.6523514,-6.2629976,-6.676406,-7.087237,-7.4423127,-7.7338552,-7.9259176,-8.072056,-8.201747,-8.266707,-8.352337,-8.421096,-8.435586,-8.449358,-8.448997,-8.442281,-8.428141,-8.385761,-8.349113,-8.2916155,-8.234275,-8.184174,-8.101367,-8.005083,-7.914962,-7.842114,-7.776381,-7.726313,-7.655776,-7.582575,-7.5123596,-7.4427605,-7.3435097,-7.260235,-7.185271,-7.133113,-7.0653963,-7.012599,-6.9314914,-6.876339,-6.8218246,-6.7792788,-6.720976,-6.6863713,-6.661489,-6.602116,-6.545657,-6.4810834,-6.420529,-6.3782206,-6.3483157,-6.3115597,-6.2741737,-6.225837,-6.1630487,-6.118312,-6.0736713,-6.0278707,-5.9786677,-5.9326077,-5.8972898,-5.861228,-5.811695,-5.778302,-5.729112,-5.6878643,-5.6483235,-5.610557,-5.575817,-5.5251837,-5.48217,-5.4431663,-5.3836083,-5.330398,-5.280077,-5.2444105,-5.2194805,-5.193682,-5.1601176,-5.135261,-5.098485,-5.0595984,-5.0269213,-4.988114,-4.9507008,-4.91448,-4.868792,-4.845911,-4.8154855,-4.772531,-4.7386527,-4.722301,-4.7066555,-4.68125,-4.653878,-4.611265,-4.5958858,-4.5576463,-4.5259295,-4.510402,-4.4884906,-4.48077,-4.4607015,-4.442424,-4.4098506,-4.3845983,-4.349668,-4.332426,-4.322035,-4.320399,-4.319159,-4.328031,-4.3333364,-4.3319263,-4.2980523,-4.26621,-4.221712,-4.1535897,-4.069661,-3.9594066,-3.8425245,-3.7087135,-3.5612125,-3.348112,-3.0898945,-2.776842,-2.4305897,-2.0362456,-1.57595,-1.0597043,-0.4151831,0.35029978,1.2579416,2.1285355,3.248353,5.1487303,8.383664,12.150218,15.521416,16.38844,16.44515,16.575052,16.917933,17.095022,17.78696,18.572636,19.024263,20.596224,21.72005,23.021795,24.519308,26.159466,103.038315,112.512764,120.820114,130.17831,137.11867,143.063,146.1161,144.88747,137.68346,127.03731,114.94294,103.48553,89.858086,70.20666,48.06076,32.38725,23.672192,19.568762,18.694727,18.443975,18.656984,19.585966,20.074677,20.594265,20.75852,21.36182,22.498686,23.280657,-4.4811177,-4.1221004,-3.611196,-3.0049152,-2.3379247,-1.63697,-0.9192811,-0.19258264,0.52993125,1.2458416,1.9423476,2.6200578,3.2726583,3.9006076,4.4940004,5.0470476,5.5871396,6.1021028,6.571149,7.028354,7.45021,7.8414493,8.18902,8.518906,8.808203,9.099034,9.261897,9.496004,9.686184,9.9088,10.017523,10.379005,10.547784,10.941902,10.996725,11.454136,12.018975,12.115878,12.558701,13.050632,13.360652,14.0084915,14.788278,15.002847,15.471157,16.002798,15.862072,16.107948,16.183891,16.194607,15.836681,16.020899,16.246374,16.616137,16.623503,16.67976,16.866833,16.247704,15.82667,15.030988,14.662057,14.434585,14.309741,14.809674,15.418078,-0.08569679,0.13767289,17.51121,18.50403,19.360374,20.000784,20.167257,0.9464343,20.804207,1.1440785,1.1998348,1.4280864,1.5488377,1.7337056,1.8706473,2.0356894,2.1161864,2.420501,2.78602,3.1778626,28.723713,29.806425,31.0071,31.51579,32.24983,32.60911,32.515434,32.74408,31.957754,31.230602,31.65858,32.495514,33.000633,33.288456,33.687515,33.82801,34.227245,35.252323,35.92746,36.335274,37.19604,38.002094,39.10634,39.540016,40.400684,41.08282,42.28566,42.868103,42.89895,5.1640263,5.511444,6.0620985,6.261751,6.2518215,6.330864,6.1693044,6.1273117,6.1130886,6.0374236,5.968115,5.797705,5.0098033,4.4052267,4.086173,3.536135,3.1462047,2.8441355,2.2216513,1.5791062,0.84603137,0.17019707,-0.6589027,-1.5071672,-2.4079034,-3.3199825,-4.212711,-4.9309974,-5.455178,-5.8835015,-6.169924,-6.5016713,-6.9354334,-7.381803,-7.794991,-8.110599,-8.246427,-8.001089,-7.5600204,-7.127927,-6.6396947,-6.1224575,-5.6227555,-5.1703258,-4.8639364,-4.5556116,-4.318391,-4.3018475,-4.3724847,-4.3969007,-4.496741,-4.4604654,-4.2057896,-4.1674848,-4.0412884,-3.8177607,-3.563091,-3.3885343,-3.4368196,-2.7011833,-2.1004014,-2.1039915,-2.1189773,-1.8490961,-1.1087767,-0.5165193,-0.46860722,-1.7075703,-3.2950523,-4.4766254,-5.3801475,-6.203945,-6.895058,-7.3705435,-7.855208,-8.250301,-8.586369,-8.824346,-8.987702,-9.148735,-9.242803,-9.357545,-9.432987,-9.458757,-9.478966,-9.48425,-9.460867,-9.445163,-9.403085,-9.356026,-9.306447,-9.228201,-9.145567,-9.066761,-8.977509,-8.8963585,-8.797741,-8.684527,-8.626612,-8.548591,-8.482398,-8.387694,-8.299472,-8.206523,-8.127566,-8.03886,-7.965575,-7.897498,-7.8320317,-7.7692165,-7.69683,-7.653588,-7.5855637,-7.52113,-7.4829817,-7.4455895,-7.4075503,-7.315942,-7.254472,-7.206331,-7.1650686,-7.100095,-7.042313,-6.9824376,-6.914287,-6.8726583,-6.827106,-6.770814,-6.71671,-6.6677685,-6.62487,-6.564211,-6.5224624,-6.4824715,-6.437945,-6.3902392,-6.3397574,-6.276903,-6.242348,-6.2043476,-6.1355667,-6.084801,-6.0323057,-5.984632,-5.92994,-5.870477,-5.8329487,-5.798397,-5.7728086,-5.7394214,-5.709166,-5.6730547,-5.6218824,-5.5689073,-5.5180817,-5.4833727,-5.4559026,-5.424649,-5.3804054,-5.344668,-5.314167,-5.287358,-5.25642,-5.226487,-5.202157,-5.1758246,-5.1380205,-5.111333,-5.0855117,-5.0606384,-5.037556,-5.017937,-4.992139,-4.950844,-4.919911,-4.890354,-4.8651147,-4.824673,-4.8055177,-4.7959185,-4.7872443,-4.797845,-4.808169,-4.820171,-4.811256,-4.79008,-4.744186,-4.6967387,-4.619014,-4.5343223,-4.428926,-4.309991,-4.168713,-4.0061393,-3.7761283,-3.5054681,-3.1660283,-2.7820184,-2.3514285,-1.8535045,-1.2986568,-0.59852046,0.22828563,1.2075416,2.1490045,3.355918,5.3977833,8.862732,12.907085,16.557957,17.4984,17.568506,17.66143,18.02069,18.177546,18.919315,19.71312,20.17976,21.838419,23.095913,24.494595,26.08936,27.840322,110.16954,120.23095,129.49388,139.60637,147.51393,154.65942,158.6159,158.75412,152.41261,142.52927,130.52922,118.90944,104.40082,84.09305,59.963364,41.098694,29.489582,23.309786,21.66484,20.812494,20.97997,22.075056,22.655285,23.217585,23.552916,24.18151,25.52539,26.447779,-5.312326,-4.9368124,-4.406978,-3.7774124,-3.072421,-2.336403,-1.569186,-0.80237633,-0.037355088,0.71493083,1.4596015,2.1887949,2.8972669,3.5737932,4.208804,4.841749,5.4435806,6.0196867,6.55611,7.065875,7.5448503,8.000285,8.415133,8.814084,9.186871,9.524831,9.83231,10.109877,10.400859,10.674816,11.008164,11.151009,11.270902,11.457508,11.59517,11.91256,12.058318,12.159905,12.459868,12.957515,13.262752,13.515949,14.011796,14.495135,14.786548,15.054578,15.479963,16.007034,16.350346,16.673286,16.895674,17.3603,17.59729,17.786983,17.333479,17.77249,17.905249,17.850063,17.719936,17.95143,18.22994,18.561832,18.850056,19.254744,19.710293,20.130348,20.538195,20.91028,21.46789,21.812754,22.524471,23.058233,23.669935,24.30838,24.914637,25.666761,25.852507,26.14568,26.543463,27.053902,27.404278,27.678669,28.358967,29.318033,30.055635,30.778131,31.592499,32.471344,33.367332,34.27136,35.491848,36.004692,36.815777,37.939125,39.03515,39.57191,40.94076,41.789852,42.5498,43.506958,44.671253,46.164574,47.468143,48.091278,49.732365,51.06645,52.87228,54.374836,56.27381,57.80207,59.754597,61.71433,63.324207,64.56463,66.4447,68.41032,70.61803,73.069016,75.01703,76.95299,78.76398,80.91898,82.500244,83.80709,85.37987,87.55663,88.44098,90.01557,91.14968,92.99566,94.83844,96.66511,98.25432,99.99289,100.65944,100.68415,102.060104,101.892715,102.42516,102.7262,102.46291,102.76732,103.074745,103.781746,103.62193,14.683478,14.537684,14.213684,13.743651,13.18484,13.038863,14.080288,15.555638,16.65761,17.766468,18.64689,19.37651,20.245941,20.68605,21.233408,21.506624,21.24653,20.869698,20.501226,20.408783,20.643465,20.888514,20.877619,21.15767,21.485245,22.118866,22.300415,22.262022,23.376509,24.350164,24.230667,24.236094,141.44807,141.73389,143.02231,145.46097,145.29002,22.831245,21.910322,20.860725,19.425058,17.680483,16.257755,14.525077,12.622797,10.920059,9.640793,8.424096,7.270539,6.0941544,4.5558577,3.0693934,1.9996727,0.6910487,-0.68565714,-1.8451765,-2.5584543,-3.2913191,-5.1007676,-6.90938,-8.06867,-8.899977,-9.726873,-10.744333,-11.592736,-12.228654,-12.427742,-12.366108,-12.610353,-13.001124,-13.438632,-13.856157,-14.411136,-14.665125,-14.8253565,-14.981975,-15.154163,-15.326731,-15.625903,-15.680524,-15.681202,-15.699366,-15.679676,-15.271089,-14.703306,-14.742281,-15.148149,-15.375433,-15.553497,-15.497862,-15.440404,-15.399533,-15.377961,-15.365307,-15.333459,-15.32881,-15.4105015,-15.602907,-15.654918,-15.644295,-15.61402,-15.549966,-15.414591,-15.313151,-15.244484,-15.152221,-15.142732,-15.136432,-14.982627,-15.078803,-15.269142,-15.440745,-15.596328,-15.888167,-16.180733,-16.057714,-15.753065,-15.548747,-15.3706455,-15.134009,-15.027898,-15.131539,-15.316496,-15.426454,-15.252088,-14.886413,-14.77197,-14.683614,-14.531026,-14.382356,-14.135991,-13.773521,-13.487201,-13.33578,-13.1552105,-12.992943,-12.715044,-12.386232,-12.072274,-11.603403,-11.045149,-10.570097,-10.123202,-9.749727,-9.511837,-9.371248,-9.373337,-9.304591,-8.907196,-7.796491,-6.1668277,-4.1592703,-1.8189886,0.4796722,2.0415444,3.0292172,4.5236073,5.961323,7.1553583,8.238342,9.177176,9.812327,10.424038,11.247247,11.816218,12.357714,12.821404,13.155129,13.404634,13.438442,13.513207,13.650929,90.36347,89.11623,87.118996,84.74393,82.36014,78.471344,73.18571,67.62202,63.96237,61.654716,60.084255,58.62127,57.25941,56.119316,54.982704,54.47024,54.33781,53.90506,53.67199,53.204044,52.827816,52.441063,52.636986,52.63095,52.223957,51.983738,52.097378,52.586086,52.945293,53.225853,53.394894,54.398304,55.34242,55.670082,56.25511,57.139915,58.28138,59.05326,59.075245,59.481945,59.14386,58.847355,59.08492,59.425354,59.72864,60.24963,61.198044,61.752274,-4.859688,-4.394868,-3.769323,-3.039455,-2.2485723,-1.4225575,-0.57745814,0.26869628,1.1082877,1.934728,2.7389379,3.5091033,4.2570724,4.9596786,5.629225,6.265629,6.862347,7.428586,7.9240165,8.406303,8.833636,9.228545,9.57343,9.892555,10.159188,10.393166,10.606457,10.86801,11.11006,11.587154,11.956027,12.261176,12.415887,12.611919,12.940241,13.315256,13.595627,13.762127,14.361385,14.663293,15.190812,15.618325,16.124681,16.570333,16.94994,17.04788,17.345568,17.411257,18.129274,18.67647,18.656557,19.010826,19.303085,19.636509,19.816296,20.187618,20.556923,20.727278,20.800179,21.041088,21.290495,21.644918,22.16635,22.963306,23.318144,23.818197,24.546173,24.858149,25.531187,26.147058,26.807745,27.4801,28.288517,29.389872,30.037092,31.001732,31.80406,32.540684,33.353092,33.71366,34.966442,35.714058,36.55636,37.85857,39.29527,40.55213,41.702778,43.3576,44.76416,46.578274,48.335743,49.737625,51.63109,53.089333,55.497265,57.14622,58.742588,60.43468,61.619358,63.132862,64.63295,67.000854,68.55678,70.50988,72.52466,75.29292,77.98748,80.57222,83.35619,85.81544,88.88575,91.67964,94.14021,96.640564,99.41786,102.26842,105.9084,109.027245,111.40918,114.89397,118.541306,120.972305,124.00051,125.544525,127.92841,129.33156,130.77109,132.38696,133.97598,135.27388,137.09882,139.12894,141.30959,142.89352,143.94104,143.41757,143.55315,143.87164,143.09818,142.30511,141.1812,140.134,139.21646,137.94142,137.83652,20.701736,20.500792,19.642519,18.750107,17.784422,17.127256,17.909307,19.091255,20.09513,21.038748,21.962267,22.923853,23.696634,24.184652,24.606016,24.861872,24.31501,23.5044,23.009495,22.496084,22.35012,22.37762,22.19695,22.080166,22.456532,22.639524,22.82405,22.480473,23.599264,24.437122,24.179552,23.896374,152.16159,152.24368,153.36101,153.52708,151.73596,20.23589,19.035862,17.213022,15.45891,13.422341,11.779031,9.894241,7.8298507,6.006806,4.5386443,3.164729,1.9193064,0.62038594,-0.8508574,-2.2985146,-3.4252,-4.7152658,-6.1253543,-7.355636,-8.144562,-8.993814,-10.765256,-12.524219,-13.62711,-14.422134,-15.253328,-16.242191,-17.048115,-17.645893,-17.835793,-17.797266,-18.075815,-18.487843,-18.912176,-19.3265,-19.84336,-20.076824,-20.222557,-20.362593,-20.498447,-20.642633,-20.895113,-20.937128,-20.89423,-20.863285,-20.813524,-20.396524,-19.800104,-19.772625,-20.06389,-20.167543,-20.256256,-20.156841,-20.078833,-20.039858,-19.98565,-19.930538,-19.882875,-19.844143,-19.88063,-20.065674,-20.08919,-20.035435,-19.983624,-19.907776,-19.760159,-19.642168,-19.566212,-19.449718,-19.419804,-19.359873,-19.206518,-19.275034,-19.437798,-19.584566,-19.686789,-19.903065,-20.144066,-20.008379,-19.7077,-19.495935,-19.309416,-19.08181,-18.960161,-19.02317,-19.181438,-19.246336,-19.053883,-18.695892,-18.565279,-18.46647,-18.32026,-18.137772,-17.911446,-17.568867,-17.302622,-17.142027,-16.95139,-16.777761,-16.521587,-16.20709,-15.895349,-15.468226,-14.957225,-14.520952,-14.142844,-13.826115,-13.612048,-13.489074,-13.486817,-13.420028,-13.07138,-12.116509,-10.718414,-9.014829,-7.050152,-5.1596746,-3.935988,-3.2277029,-2.1024044,-1.0530118,-0.2194948,0.51559067,1.1331108,1.5200453,1.9070164,2.5055273,2.938158,3.3751283,3.806691,4.1846323,4.556652,4.8217115,5.180172,5.615355,69.21917,68.96156,68.16203,67.07944,65.984085,63.793213,60.024517,55.66545,52.62673,50.524597,49.261406,47.765026,46.488434,45.288025,44.139248,43.65831,43.15561,42.73853,42.290108,41.551273,41.007904,40.40389,40.100174,39.660847,39.14117,38.620033,38.52617,38.600784,38.5225,38.351845,38.25144,38.474354,38.792637,38.568043,38.639553,39.0238,39.527527,39.342968,38.912205,38.650043,37.809086,37.041115,36.778797,36.402813,36.15463,36.028366,36.26675,36.503925,-5.9542494,-5.3876595,-4.6345224,-3.754934,-2.8052933,-1.8072612,-0.7957093,0.21964939,1.227319,2.2159145,3.1786118,4.1075215,5.000808,5.845486,6.6584115,7.4127955,8.101426,8.763971,9.39346,9.948535,10.448789,10.910171,11.352556,11.739914,12.077615,12.370993,12.653194,12.982862,13.419005,13.802461,14.329272,14.587222,14.828942,15.209666,15.62658,16.150064,16.498272,16.803926,17.399158,17.81231,18.433931,18.995726,19.476965,19.750195,20.08048,20.285255,20.75189,21.154547,21.70127,22.056952,22.439528,22.8006,23.334461,23.69936,24.208971,24.498938,24.941416,25.162569,25.45378,25.53541,26.051474,26.642948,27.100449,27.76928,28.267244,28.91346,29.511246,29.975517,30.674152,31.498716,32.142254,32.866703,33.764194,35.013714,35.84386,36.792816,37.67348,38.436676,39.141342,39.894535,41.370632,41.8184,42.954353,44.32982,45.90176,47.130825,48.7202,50.184227,52.335808,53.80308,55.40255,57.3588,59.133152,60.490726,62.38489,64.13861,66.262405,67.923584,69.39352,70.93997,73.0692,74.57106,77.27986,79.577446,81.71304,84.3562,86.681305,89.79658,92.36411,95.874954,98.51119,101.82847,104.18567,106.61396,109.89466,112.01327,115.141846,118.063675,121.569275,124.338554,127.56274,130.19464,133.37665,135.0025,136.48521,138.87328,140.09781,141.25272,143.35475,145.48892,147.08372,148.73392,150.70534,152.1416,152.74805,152.60358,152.47498,152.8851,152.18182,150.98955,150.23524,148.58577,147.82874,147.72974,146.63338,19.757698,19.527096,18.763395,17.670496,16.644852,16.081938,16.76539,18.126518,19.222143,20.466019,21.64723,22.53035,23.453596,24.02763,24.475708,24.580105,24.072931,23.254784,22.635769,22.078909,21.946266,21.973503,21.680197,21.557493,21.79367,22.136425,22.191135,21.982569,23.069323,23.920464,23.697805,23.311861,161.5143,161.3431,161.90175,161.98994,159.41745,18.711674,17.182587,15.190604,13.16145,11.084006,9.234492,7.195512,5.0898166,3.090509,1.5393339,0.1518783,-1.2118775,-2.498641,-4.0032067,-5.4522634,-6.6424513,-7.9552603,-9.306381,-10.523484,-11.382349,-12.202462,-13.978082,-15.838416,-17.077013,-17.968023,-18.88299,-19.919558,-20.745037,-21.378418,-21.559542,-21.542116,-21.833124,-22.258287,-22.702877,-23.101784,-23.633621,-23.84213,-23.968462,-24.0832,-24.20561,-24.343534,-24.615067,-24.608698,-24.543343,-24.510548,-24.440392,-23.954569,-23.290075,-23.249784,-23.558683,-23.670938,-23.798424,-23.686062,-23.557705,-23.488829,-23.443037,-23.384695,-23.324945,-23.274858,-23.319014,-23.49922,-23.50582,-23.474422,-23.403662,-23.290918,-23.123112,-22.984222,-22.877129,-22.720707,-22.656086,-22.611162,-22.447968,-22.490938,-22.645342,-22.774405,-22.875092,-23.080286,-23.309992,-23.157745,-22.808527,-22.577087,-22.374582,-22.107378,-21.982399,-22.035452,-22.178144,-22.233452,-22.041245,-21.6467,-21.4993,-21.374039,-21.193483,-21.00177,-20.745447,-20.375338,-20.087257,-19.904432,-19.69305,-19.522123,-19.236906,-18.930851,-18.608427,-18.154652,-17.63043,-17.173672,-16.759521,-16.435764,-16.213263,-16.08004,-16.077654,-16.005102,-15.63167,-14.651233,-13.214344,-11.4784775,-9.499952,-7.6150117,-6.4238677,-5.7489114,-4.660251,-3.6437485,-2.8423002,-2.1296873,-1.5234927,-1.1321818,-0.7250888,-0.08561333,0.40038306,0.90921724,1.4253713,1.902883,2.3936188,2.7719276,3.2507093,3.8018014,69.05825,68.97664,68.40475,67.65368,67.087814,65.09503,61.424995,57.00325,53.928085,51.81528,50.44206,48.886795,47.437183,46.167866,44.987232,44.291725,43.76049,43.39753,42.819786,41.96172,41.28483,40.67214,40.402267,39.89217,39.26805,38.74858,38.590504,38.511486,38.32264,38.090553,37.880222,38.07188,38.262127,38.008076,38.03387,38.2824,38.733902,38.46494,37.97922,37.64159,36.69573,35.818836,35.415237,34.9272,34.694805,34.44083,34.67779,34.720695,-7.0035467,-6.3346157,-5.443745,-4.412754,-3.290695,-2.106831,-0.90667546,0.30012015,1.4984021,2.6717722,3.8200645,4.92871,6.005461,7.0352144,8.007642,8.929679,9.7678385,10.574011,11.328662,12.023219,12.649812,13.2337885,13.780033,14.267076,14.626498,15.034812,15.494908,15.84293,16.276232,16.649755,17.253996,17.767061,18.08764,18.57126,19.075884,19.48639,19.951279,20.645136,21.152727,21.566486,22.077213,22.647213,23.191118,23.592972,23.78236,24.274843,24.830847,25.674963,26.362001,26.802052,27.384775,27.848207,28.508272,28.865099,29.272377,29.805113,30.249746,30.579515,30.622536,30.807747,31.180923,31.736435,32.32075,33.157246,33.79343,34.55822,35.36431,36.29732,36.857536,37.718964,38.72074,39.534462,40.194363,41.686687,42.82422,44.01622,45.126385,45.914913,46.792164,47.619316,48.470623,49.458275,50.353653,51.914227,53.536896,55.049397,56.93383,58.70279,60.600693,62.64954,64.38605,66.340034,68.57348,70.21525,72.83104,74.44971,75.86191,77.84317,79.42191,81.607285,84.04799,85.92293,88.59243,91.08112,93.474785,97.09053,99.79206,103.15684,105.94443,109.765274,113.30403,116.13086,119.372055,122.301544,124.89202,128.392,132.1869,135.99847,138.20552,142.1686,145.4721,149.45084,152.51611,154.94368,157.20798,159.22484,161.48296,163.0924,165.13947,167.13089,170.43117,172.58923,175.18475,176.89754,178.01256,177.555,178.07094,178.61887,177.65083,177.17572,176.57603,175.3932,174.24275,173.86482,173.83202,22.827549,22.653992,21.732843,20.456371,19.297073,18.579762,19.324001,21.07001,22.426798,23.96249,25.328693,26.569126,27.643755,28.214258,28.835176,28.958689,28.247326,27.29968,26.568918,25.998444,25.663452,25.769493,25.574945,25.496637,25.780806,26.186615,26.228216,25.953548,27.278952,28.26505,27.965525,27.544079,193.00237,192.17084,192.5717,193.14047,190.51581,22.049612,20.13567,17.880718,15.392436,12.926522,10.755806,8.197832,5.7059207,3.3789825,1.5298129,-0.1583105,-1.7264447,-3.2580752,-5.0501,-6.8652377,-8.289969,-9.84698,-11.520601,-12.963752,-13.982758,-15.018595,-17.094559,-19.315483,-20.819086,-21.907028,-22.983622,-24.220255,-25.20658,-25.94595,-26.171722,-26.104744,-26.463696,-26.922892,-27.4543,-27.895502,-28.519539,-28.792147,-28.9357,-29.070465,-29.226566,-29.397083,-29.709476,-29.704374,-29.651989,-29.576,-29.500368,-28.928465,-28.165398,-28.116264,-28.512104,-28.688507,-28.850908,-28.76532,-28.663792,-28.569471,-28.516167,-28.45509,-28.36664,-28.29159,-28.330626,-28.523512,-28.521717,-28.463806,-28.35948,-28.247023,-28.043417,-27.87696,-27.767406,-27.583824,-27.524996,-27.467453,-27.293129,-27.338202,-27.516714,-27.6497,-27.733982,-27.959646,-28.214424,-28.014742,-27.641165,-27.331059,-27.107843,-26.800549,-26.623709,-26.670002,-26.844198,-26.909971,-26.653715,-26.186962,-26.021204,-25.884613,-25.688862,-25.46628,-25.17943,-24.745787,-24.398945,-24.174395,-23.923475,-23.711311,-23.37959,-23.014019,-22.648607,-22.139923,-21.518053,-20.995441,-20.5188,-20.145414,-19.88925,-19.751488,-19.752935,-19.696674,-19.282072,-18.148872,-16.5078,-14.514563,-12.229636,-10.071111,-8.723655,-7.9748273,-6.7411423,-5.598765,-4.6988497,-3.9040418,-3.2217505,-2.7826965,-2.315424,-1.576831,-1.0087643,-0.41314968,0.19859287,0.7706999,1.35813,1.818112,2.3974075,3.057623,77.95591,77.90745,77.375755,76.65679,76.15949,74.03272,69.93313,64.91987,61.475334,59.148975,57.698296,55.943398,54.24179,52.768806,51.394806,50.75815,50.15904,49.6829,49.044395,48.09416,47.390087,46.685623,46.313385,45.76648,45.09111,44.54105,44.402565,44.392082,44.190903,43.973366,43.737663,43.960106,44.113247,43.753857,43.73183,44.082916,44.634815,44.308247,43.646122,43.21212,42.01885,41.02084,40.52692,39.97488,39.581146,39.374912,39.562077,39.602383
Tax91,0.0,-1.7422282,-1.3861091,-0.98510635,-0.55473125,-0.10551678,0.35652417,0.8282874,1.308601,1.7974918,2.294453,2.796649,3.3086205,3.809853,4.3409677,4.883762,5.4362354,6.0184608,6.535018,7.109735,7.643718,8.018747,8.4519,8.973435,9.278554,9.881509,10.460304,11.193988,11.883668,12.45963,13.020034,13.791292,14.2044115,14.747878,15.256365,15.70034,16.518946,17.049217,17.24598,17.890938,18.701353,19.254118,20.661537,21.744398,22.25502,23.349537,24.3503,24.717499,25.28565,25.971437,26.638521,26.82226,27.829723,28.228851,28.948452,29.083174,29.062965,30.09524,29.786432,29.459694,28.622599,28.35453,27.976265,27.963238,29.110786,30.080484,6.631647,7.2308393,33.225582,35.426258,37.018387,38.553185,39.628002,9.438017,41.875763,10.155432,10.646215,11.3304205,11.671178,12.304967,12.605234,13.037664,13.249624,13.994146,14.596182,15.551454,59.610237,62.02973,64.71035,68.01884,72.52906,76.15799,79.38787,82.41748,82.50654,83.343864,85.14334,86.748314,88.5691,90.84435,92.286644,94.04967,96.78652,98.38454,100.63291,102.79527,105.11911,106.66457,109.08569,110.936066,113.84064,115.92891,118.458115,119.2345,118.742165,22.327915,22.832947,23.234406,22.896967,22.60033,21.837376,20.87426,19.501705,18.439949,17.281876,16.262865,14.857181,12.247969,9.932558,8.085404,6.110597,4.2217083,2.7354338,0.79051346,-1.4165229,-3.5238776,-5.646865,-7.9445777,-10.143033,-12.475563,-14.945912,-17.282564,-19.25531,-20.716795,-21.912346,-22.574095,-23.278208,-24.385838,-25.530111,-26.423529,-26.854057,-26.481821,-24.87534,-22.90991,-21.253433,-19.584187,-17.885841,-16.600254,-15.654171,-15.180641,-14.703023,-14.482425,-14.718815,-15.046405,-15.101024,-15.294521,-15.075065,-14.395862,-14.256435,-13.988048,-13.473856,-12.941452,-12.623164,-12.767881,-11.380694,-10.551892,-10.86791,-11.056605,-10.6857605,-9.676444,-9.118436,-9.387721,-11.330684,-13.457368,-14.825601,-15.777468,-16.693422,-17.358011,-17.642757,-18.056284,-18.319118,-18.521515,-18.594458,-18.488611,-18.419619,-18.2389,-18.075354,-17.97117,-17.649374,-17.350367,-17.121946,-16.65726,-16.253408,-15.848029,-15.589599,-15.206304,-14.755671,-14.408875,-14.123434,-13.577138,-13.130238,-12.721503,-12.27001,-11.834013,-11.481114,-11.1562605,-10.655165,-10.282499,-9.960564,-9.602894,-9.245236,-8.86601,-8.441753,-8.178698,-7.8708797,-7.559306,-7.275436,-6.9885945,-6.7549906,-6.374652,-6.157117,-5.947269,-5.719511,-5.4695673,-5.25792,-5.0293126,-4.790548,-4.606652,-4.406495,-4.19966,-4.016579,-3.8440666,-3.6819851,-3.5370362,-3.365447,-3.218266,-3.079124,-2.911186,-2.785495,-2.651861,-2.5298057,-2.4080727,-2.307776,-2.2084577,-2.119897,-2.0221384,-1.955509,-1.8997307,-1.8298637,-1.7414123,-1.621643,-1.558766,-1.506871,-1.441126,-1.3684514,-1.3039666,-1.2551711,-1.2137922,-1.1715407,-1.1261271,-1.0943984,-1.0382793,-0.9752136,-0.93328166,-0.90048695,-0.8692158,-0.83225363,-0.80042315,-0.77651566,-0.7406624,-0.7074331,-0.68332446,-0.6527984,-0.61528933,-0.584833,-0.5694121,-0.5522611,-0.53159624,-0.5109917,-0.49923298,-0.48398876,-0.46036956,-0.44406173,-0.42715663,-0.41474593,-0.40125397,-0.38340613,-0.371858,-0.35473496,-0.33305117,-0.3199772,-0.30507448,-0.28622043,-0.2733013,-0.25971007,-0.23849624,-0.22133294,-0.20250414,-0.18244933,-0.16137877,-0.13547789,-0.10888092,-0.08364754,-0.055636335,-0.025007566,0.008110212,0.04812057,0.094058216,0.1487703,0.20036791,0.26858988,0.38356668,0.56694293,0.7818746,1.008868,1.1161523,1.1844847,1.2630019,1.3608245,1.4537085,1.5943253,1.7565334,1.9054558,2.1718562,2.435198,2.7470684,3.1250188,3.5674639,10.240659,12.93455,16.203327,20.467442,25.355072,31.18473,37.265854,43.70939,49.325226,53.649776,56.22792,58.295574,56.09702,47.468884,33.280895,18.839977,7.7345653,0.8799844,-1.8301193,-2.8255262,-3.0487218,-2.8033755,-2.5434728,-2.3025777,-2.0848234,-1.846276,-1.4536952,-1.0731281,-3.565115,-2.973331,-2.3426495,-1.690419,-1.0529227,-0.42513424,0.18977919,0.7784676,1.3631047,1.9355401,2.4970138,3.0538175,3.5955684,4.1359053,4.6523585,5.1766796,5.7067575,6.224817,6.7420926,7.2394004,7.7330775,8.24152,8.751543,9.262055,9.870581,10.368704,11.089585,11.589089,12.256117,12.085185,12.45151,13.38697,13.643985,14.240774,14.693927,15.69831,16.422985,16.584454,17.146774,17.58937,18.187948,19.267578,19.515583,20.234594,21.231524,22.13141,22.305798,22.877897,23.637869,23.958271,24.221613,25.008999,25.290222,25.834835,25.794708,25.465342,25.373276,24.81123,24.206253,22.89447,22.552956,22.046646,21.656334,22.474913,23.085783,1.695934,2.1687262,26.107693,27.534567,28.726858,29.82483,30.636744,3.7966313,32.543686,4.2186174,4.566942,5.2368317,5.6176443,6.182004,6.696871,7.1594505,7.40477,8.047436,8.85669,9.713691,48.27842,49.913345,51.706955,53.761116,56.576096,59.218994,60.56281,63.005016,62.97634,62.26325,62.51666,64.361565,65.900314,67.33841,68.970665,70.03105,71.962074,73.68371,76.24554,78.38699,80.86913,83.772064,86.12531,88.847046,90.98827,94.572784,97.757904,99.863754,101.03936,15.810274,17.369194,18.673563,19.622126,20.08361,20.274654,19.586405,19.509563,19.346445,19.166668,18.87643,18.50641,16.572508,14.819819,13.398505,11.961371,10.742596,9.477379,7.7241435,5.7304497,3.50491,1.3953145,-1.2281814,-4.0475025,-7.039177,-10.330797,-13.4841,-15.979086,-17.664333,-19.058086,-19.854504,-20.775822,-22.144276,-23.647593,-25.085352,-25.983501,-25.920485,-23.99724,-21.681334,-19.648226,-17.684326,-15.701592,-14.084458,-12.801917,-12.172593,-11.509292,-11.106521,-11.367686,-11.781041,-11.910311,-12.120574,-11.88797,-11.051359,-10.920072,-10.562099,-9.866291,-9.13086,-8.716194,-8.901423,-6.978593,-5.734929,-6.080438,-6.253647,-5.723667,-4.2135496,-3.2644527,-3.5426183,-6.4014955,-9.7177725,-12.032251,-13.694989,-15.319243,-16.561329,-17.289314,-18.040474,-18.552362,-19.101912,-19.3264,-19.149883,-19.130178,-18.830639,-18.872103,-18.761028,-18.596483,-18.238312,-18.026585,-17.623058,-17.24797,-16.778269,-16.369944,-16.086927,-15.647312,-15.209898,-14.762158,-14.315484,-13.817569,-13.444095,-12.939893,-12.458849,-11.996452,-11.501629,-11.19396,-10.8158655,-10.382917,-9.951738,-9.551003,-9.165822,-8.906654,-8.531887,-8.168559,-7.8392954,-7.4597244,-7.105118,-6.843801,-6.5815535,-6.3620234,-6.1099577,-5.9018455,-5.6729383,-5.459146,-5.2394185,-5.091973,-4.8647957,-4.72011,-4.501693,-4.26159,-4.089828,-3.942022,-3.7504451,-3.6118894,-3.4638982,-3.2931442,-3.1708052,-3.0234697,-2.8519611,-2.719975,-2.6262975,-2.517631,-2.406738,-2.304738,-2.2204869,-2.1161172,-2.0118845,-1.9047598,-1.8481162,-1.7677869,-1.7070473,-1.6183292,-1.5575006,-1.4919462,-1.4416522,-1.3901412,-1.3371403,-1.297919,-1.2631361,-1.2225388,-1.1658589,-1.1219733,-1.0940465,-1.0287975,-0.98182994,-0.9454328,-0.9096633,-0.890678,-0.85006297,-0.8228321,-0.7841729,-0.73669606,-0.6913403,-0.65751725,-0.63006127,-0.6116223,-0.5843031,-0.5572602,-0.5330627,-0.49606183,-0.4796977,-0.4685698,-0.45409262,-0.43595344,-0.40955412,-0.38441274,-0.37176278,-0.35185787,-0.32646868,-0.30974615,-0.29385498,-0.27586246,-0.25922564,-0.23743595,-0.21739034,-0.20156892,-0.18072516,-0.15874429,-0.13571481,-0.11145632,-0.0829435,-0.05560585,-0.02584634,0.007741514,0.044255883,0.089250445,0.14008206,0.19493803,0.24677292,0.3161444,0.43729672,0.64253944,0.8892925,1.1301711,1.2322109,1.2858351,1.3446232,1.416879,1.4759059,1.5744053,1.6818743,1.7620229,1.9350288,2.0241885,2.1763253,2.3191788,2.4942923,6.927784,7.94852,8.871113,9.804332,10.290044,10.520004,10.510569,10.130492,9.349851,8.292022,7.1659517,6.0882335,4.731637,3.3397496,2.3154984,1.8260651,1.8321244,1.7879856,1.9751885,1.948486,2.0457115,2.2104845,2.2362242,2.3729506,2.4158943,2.452079,2.612234,2.7243228,-1.064695,-0.89850754,-0.72387445,-0.5478898,-0.37408367,-0.20434771,-0.038861934,0.12241492,0.27976727,0.43345004,0.58395004,0.7318416,0.873912,1.0134748,1.151121,1.28704,1.4213555,1.5332735,1.6654507,1.7979037,1.9303975,2.0618696,2.1934793,2.3333812,2.4920013,2.6275516,2.774821,2.91957,3.10983,3.3253195,3.4106834,3.461207,3.5767138,3.7866318,3.885286,4.127852,4.4729733,4.3796186,4.4430013,4.689938,4.7163754,4.838221,5.099211,5.145527,5.279058,5.6153545,5.6997232,5.8173275,5.889614,6.0991597,6.275523,6.577605,6.6748533,6.7926164,6.942477,7.020703,6.942553,6.7758303,6.5180907,6.27927,5.985871,5.9149737,5.714027,5.9606133,6.2398667,0.3215886,0.5100694,7.240243,7.631276,8.031258,8.351462,8.503754,0.9649172,8.898257,1.1052778,1.2382889,1.415172,1.5243965,1.6519139,1.8081769,1.8952638,1.9774417,2.145631,2.417484,2.740432,13.677664,14.280664,14.725894,15.324915,15.926968,16.729942,17.327127,17.812344,18.094873,17.853563,18.219,18.717527,19.15383,19.564192,19.750933,20.29357,20.896362,21.156034,22.00533,22.850262,23.052435,24.159487,24.851301,25.912685,26.896833,27.945831,28.410427,29.573103,29.865986,4.741937,5.4081264,5.8589816,6.061192,6.349209,6.4476156,6.330233,6.3356905,6.4205585,6.3812265,6.2499547,6.171786,5.639409,5.1096635,4.8574343,4.3270755,3.901526,3.576152,3.0252843,2.3818572,1.6610388,0.9288633,0.13370502,-0.7784309,-1.7356776,-2.7340157,-3.7223916,-4.509176,-5.0347867,-5.4813905,-5.6972766,-6.0146494,-6.4862823,-6.962842,-7.4229727,-7.7401466,-7.781228,-7.2886863,-6.5849953,-5.9359083,-5.246341,-4.6154437,-4.0674343,-3.599174,-3.3488815,-3.0973284,-2.943068,-3.006645,-3.1239657,-3.176462,-3.281338,-3.1936157,-2.904502,-2.861447,-2.7355666,-2.5072794,-2.2417297,-2.0877457,-2.1568265,-1.4858347,-1.0014882,-1.067093,-1.1183299,-0.9241573,-0.3628402,0.018211303,-0.03948905,-1.0476367,-2.2576742,-3.135757,-3.7909777,-4.3731303,-4.8369184,-5.093673,-5.4103746,-5.6782336,-5.8866425,-5.9726634,-5.935213,-5.98556,-5.929575,-5.9576955,-5.912722,-5.834782,-5.776225,-5.7186894,-5.652818,-5.54796,-5.411817,-5.327572,-5.2494035,-5.1864657,-5.041935,-4.867869,-4.724284,-4.539422,-4.400491,-4.261701,-4.068315,-3.8971608,-3.7613287,-3.6278682,-3.4688864,-3.2880592,-3.1713161,-3.0994766,-3.0046082,-2.8612177,-2.7706563,-2.6374786,-2.4944131,-2.3842673,-2.2638922,-2.2074518,-2.1146998,-2.0426395,-1.9748187,-1.8821634,-1.8009204,-1.7471839,-1.6850728,-1.6487397,-1.5861664,-1.511441,-1.4139268,-1.3435687,-1.288973,-1.2291611,-1.177423,-1.1390302,-1.0787334,-1.0407875,-1.0015389,-0.97233886,-0.9285292,-0.89220315,-0.84451205,-0.81938404,-0.7795129,-0.7476603,-0.6992414,-0.6738082,-0.62749696,-0.6014198,-0.59161633,-0.5766149,-0.5255676,-0.4932742,-0.46232983,-0.43896317,-0.41874388,-0.39419776,-0.3725258,-0.35028034,-0.340192,-0.33465627,-0.3250777,-0.30417767,-0.2913879,-0.2815137,-0.2769291,-0.26538473,-0.26105255,-0.25240776,-0.23915036,-0.2269007,-0.21683076,-0.20405835,-0.1957831,-0.18280017,-0.17975749,-0.17387412,-0.16255188,-0.15982608,-0.14603406,-0.14360043,-0.13743994,-0.13520968,-0.13018349,-0.12793727,-0.12252158,-0.119947255,-0.11402721,-0.10725693,-0.100671664,-0.09725441,-0.09406068,-0.09014539,-0.08294416,-0.076385364,-0.07191182,-0.065344274,-0.060512077,-0.05344687,-0.045281336,-0.038543444,-0.030539753,-0.022213846,-0.013171136,-0.0029918551,0.00804439,0.021604298,0.03741841,0.055990335,0.073837325,0.09685117,0.13571762,0.20145874,0.28008124,0.3561884,0.38731232,0.4029047,0.42024732,0.44201034,0.4597893,0.4903225,0.5240062,0.5494575,0.5870819,0.6324497,0.68274117,0.7402145,0.77614367,2.1729076,2.5190701,2.8406363,3.1988926,3.4466846,3.6598754,3.5910373,3.562092,3.4294312,3.2119658,3.029292,2.8014715,2.5418177,2.1385942,1.5294282,1.1682241,0.99358785,0.8950496,0.9130845,0.9969215,1.011154,1.0509863,1.1630837,1.1318394,1.2093953,1.1962327,1.2768317,1.3673538,-0.500084,-0.41297555,-0.32316864,-0.2336342,-0.14572857,-0.059873957,0.023818467,0.105541214,0.18562877,0.26236954,0.3376104,0.41178623,0.48488298,0.5575221,0.629855,0.70217264,0.7750393,0.8487027,0.9231243,0.99864835,1.0752965,1.1504643,1.2254804,1.3016154,1.40859,1.4861554,1.5656118,1.6037546,1.6642247,1.7819943,1.7846813,1.8930751,2.0689223,2.133215,2.2145529,2.3702834,2.5522797,2.6419117,2.7522733,2.886758,2.9012759,3.0047872,3.1192327,3.022221,3.2195287,3.3303318,3.4187443,3.41331,3.5524592,3.6475253,3.7678957,3.8572278,3.8673453,3.965643,3.9830654,3.9671462,3.8971336,3.819499,3.7748904,3.52885,3.4615588,3.353996,3.2452788,3.3043244,3.4629955,0.22498503,0.3164012,4.000785,4.2463274,4.367434,4.6061754,4.7805624,0.5978058,5.0482163,0.7014409,0.717394,0.83479965,0.9114006,0.9951412,1.0396931,1.1303802,1.2066584,1.3175442,1.4781848,1.6461533,7.8419757,8.189135,8.634108,8.97076,9.472472,9.81838,10.153528,10.27868,10.2112,10.168327,10.1482115,10.477326,10.840591,10.916879,11.319095,11.572287,11.760677,12.374474,12.759691,13.09782,13.383867,13.783715,14.457955,14.709603,15.242534,16.390018,16.91895,17.320976,17.276318,3.01223,3.250637,3.6477437,3.7231824,3.8649626,3.9536963,4.0329757,4.0499096,3.9838152,3.8989732,3.9762518,3.9347754,3.483557,3.2500703,3.040938,2.7605922,2.4526415,2.3159003,2.057671,1.59972,1.209327,0.82756996,0.31723833,-0.20672649,-0.7894983,-1.4076127,-1.9994974,-2.4816175,-2.8000147,-3.0854645,-3.2467093,-3.4487834,-3.7257805,-3.9930918,-4.271249,-4.365954,-4.3751464,-4.1174073,-3.7519088,-3.4053245,-3.0127594,-2.6234775,-2.303754,-2.0177124,-1.8548948,-1.6988888,-1.5703799,-1.5905541,-1.6503818,-1.6547555,-1.702133,-1.6450794,-1.4862707,-1.4578584,-1.3849374,-1.2483889,-1.1099029,-1.0122339,-1.0412627,-0.6932461,-0.42231643,-0.4439196,-0.4626548,-0.3514927,-0.037242327,0.19016564,0.17714098,-0.37673613,-1.0555106,-1.5381706,-1.9012145,-2.2130117,-2.4853437,-2.642418,-2.796626,-2.9278033,-3.0670888,-3.1077435,-3.1579058,-3.1491983,-3.1389155,-3.14934,-3.1626458,-3.068751,-3.042948,-2.9992938,-2.9244347,-2.8266933,-2.7504892,-2.7094004,-2.6835344,-2.6106086,-2.5545337,-2.4502745,-2.3627594,-2.29059,-2.1773026,-2.1193178,-2.0139441,-1.9391302,-1.9105723,-1.8432319,-1.7904799,-1.7389287,-1.693449,-1.6433661,-1.6060495,-1.5474885,-1.4709179,-1.4475025,-1.4013386,-1.3427501,-1.304922,-1.2693796,-1.2129364,-1.1761974,-1.1384115,-1.0724189,-1.036206,-1.0044826,-0.9593233,-0.9283136,-0.90701526,-0.8841268,-0.8697777,-0.7957387,-0.7510752,-0.6949603,-0.66971135,-0.6265883,-0.56999016,-0.53938925,-0.53062296,-0.5161849,-0.47827733,-0.47049966,-0.4426645,-0.4255813,-0.4113341,-0.39040768,-0.37741855,-0.36512247,-0.35425615,-0.343644,-0.31477177,-0.29194623,-0.2819436,-0.2730223,-0.26858416,-0.26421168,-0.25991195,-0.25567934,-0.25151834,-0.23742102,-0.22801755,-0.20790863,-0.19169778,-0.18857636,-0.17980245,-0.17328061,-0.16310687,-0.15511128,-0.15258077,-0.15008794,-0.14246763,-0.13702884,-0.1347954,-0.12377478,-0.11086692,-0.1052735,-0.08776672,-0.08327927,-0.08187789,-0.080507495,-0.07427763,-0.0730418,-0.07183849,-0.07067311,-0.069521986,-0.0683263,-0.06704912,-0.0656566,-0.060964763,-0.059199303,-0.057257503,-0.05536649,-0.051251285,-0.049187645,-0.046917584,-0.041505642,-0.03917777,-0.034710474,-0.032273896,-0.029637473,-0.026276063,-0.022654817,-0.016739279,-0.012673965,-0.008266029,-0.0033134539,0.0020453809,0.008615684,0.016261581,0.025219424,0.03379964,0.04484299,0.06348472,0.09497343,0.12207251,0.15529257,0.16847576,0.1747747,0.18184371,0.19085276,0.19814184,0.21101473,0.22527179,0.23598376,0.25970244,0.2797525,0.3021022,0.32786575,0.35549653,1.0025575,1.15939,1.3131444,1.4810982,1.6148939,1.7351922,1.8060317,1.8230073,1.7821525,1.7065235,1.6294353,1.5594844,1.4296148,1.2438498,0.9958493,0.7438085,0.6449444,0.5767077,0.5442439,0.5207314,0.56177443,0.58064806,0.61223686,0.65552014,0.6673104,0.6714732,0.75252,0.775834,-0.25810787,-0.2221494,-0.18464616,-0.14688379,-0.1095558,-0.0730241,-0.037431896,-0.0028322581,0.030833602,0.063629165,0.095628686,0.12696241,0.15772912,0.18803447,0.21786882,0.24742404,0.27679327,0.30580705,0.33396053,0.3615212,0.3890736,0.41668501,0.44443083,0.47238398,0.50038457,0.52828383,0.5564839,0.5848038,0.6131592,0.6416964,0.6738389,0.73235786,0.770623,0.82141304,0.80428594,0.8324882,0.87171686,0.9023508,0.9607007,1.0154792,1.0636002,1.0750473,1.1413871,1.2093337,1.2433064,1.3015794,1.3275789,1.3693801,1.3988496,1.3969623,1.4096224,1.4980297,1.5394608,1.587771,1.6527295,1.7186179,1.7433447,1.795855,1.8617936,1.8682412,1.9416147,1.9302282,2.0523753,2.1014364,2.153859,2.1875768,2.2757807,2.3583217,2.4250019,2.507969,2.5121696,2.585847,2.6115968,2.7139022,2.7920077,3.013584,3.122025,3.1407173,3.2087147,3.3222945,3.4297688,3.5704837,3.7310648,3.7657795,3.9589245,4.0401225,4.2102427,4.264406,4.6150856,4.694999,5.0191126,5.281033,5.3751307,5.4399223,5.6770525,5.6951313,5.8313985,5.92409,6.226987,6.7003546,6.911148,7.281689,7.454681,7.72138,8.110647,8.3678465,8.431635,8.790831,9.0605135,9.690368,10.271904,10.611162,10.855861,11.304119,11.643061,11.920828,12.345925,12.66812,13.410338,13.901331,14.510501,14.871647,15.638312,16.149382,16.575224,17.160368,17.542706,17.69647,18.305107,19.021032,19.958439,20.040493,20.571547,21.19019,21.286234,21.782368,22.346191,22.905043,22.75358,22.930706,23.516834,23.449863,23.243855,23.656145,23.684391,3.3370283,3.4042695,3.5888586,3.41046,3.3453245,3.371575,3.9169846,4.3677025,4.840475,5.2168436,5.577524,6.0610824,6.3972754,6.666691,6.9075236,7.125349,6.953231,6.950817,6.8642454,6.7421384,6.7773967,6.97833,6.963485,7.0723763,7.2705092,7.5506706,7.656089,7.7156186,8.1214695,8.53007,8.473991,8.563411,39.863884,40.554726,41.193493,41.98639,41.43147,7.5013413,7.306415,6.9912286,6.3038497,5.7213135,5.3387647,4.570148,3.9207866,3.2959292,2.7081306,2.3555348,1.9710711,1.5279444,1.0020974,0.4878583,0.068964854,-0.3873076,-0.9424989,-1.3723152,-1.626813,-1.9244788,-2.683908,-3.4444232,-3.934648,-4.2663727,-4.5596538,-4.9315767,-5.262553,-5.4794364,-5.5064564,-5.4182944,-5.499792,-5.618048,-5.7945695,-5.938974,-6.1415706,-6.2024784,-6.201814,-6.1666684,-6.220909,-6.2416067,-6.3080544,-6.285336,-6.1773067,-6.117703,-6.062847,-5.8212614,-5.524298,-5.5303407,-5.629363,-5.641543,-5.650326,-5.574065,-5.4456677,-5.3177137,-5.2802215,-5.2313285,-5.139917,-5.0889263,-5.0471396,-5.023403,-4.980255,-4.875121,-4.757768,-4.667275,-4.5411415,-4.4602385,-4.381698,-4.292297,-4.2603574,-4.1898317,-4.0924025,-4.0579834,-4.087728,-4.088203,-4.096813,-4.1363783,-4.157421,-4.059322,-3.9319804,-3.796508,-3.6955807,-3.5778265,-3.484376,-3.470866,-3.4560082,-3.441333,-3.3381183,-3.2122908,-3.1492853,-3.0880544,-3.014216,-2.9539683,-2.8524384,-2.74646,-2.6567461,-2.5781999,-2.4909558,-2.4256158,-2.3531885,-2.27549,-2.1948106,-2.1004202,-1.9789414,-1.8783573,-1.7893444,-1.7181393,-1.6737263,-1.6533664,-1.6396141,-1.6178391,-1.5306572,-1.3425361,-1.079815,-0.7872795,-0.4571309,-0.15450875,0.02700866,0.12121181,0.2864952,0.43641636,0.5516115,0.6521557,0.7338155,0.7803355,0.82616585,0.90826637,0.9540201,0.998069,1.0430946,1.064979,1.099329,1.1125616,1.1438502,1.1673672,7.426201,7.4001036,7.3295865,7.172826,7.0770025,6.803194,6.446327,6.0140295,5.656216,5.489625,5.3871264,5.2447767,5.143453,4.9978695,4.9085493,4.807746,4.7252426,4.658818,4.651304,4.5838394,4.5297465,4.5109057,4.390295,4.3380694,4.372114,4.349244,4.3177867,4.483439,4.502952,4.5465775,4.470174,4.6375294,4.718607,4.793915,4.862001,4.905143,4.9892936,5.0415545,5.0258427,4.950481,5.0556426,4.870698,4.8495836,4.804892,4.8392425,4.899686,5.0073056,4.998525,-1.3550663,-1.1602377,-0.9555469,-0.74898994,-0.5446893,-0.34487635,-0.15039301,0.03829726,0.2214514,0.39926872,0.5720177,0.7404307,0.9039901,1.0639588,1.2205926,1.3745545,1.5266356,1.6763245,1.8232646,1.9469037,2.0884387,2.2296476,2.3696148,2.5091295,2.6485302,2.806483,2.9383795,3.052253,3.1749752,3.267811,3.5343556,3.8382597,3.8017218,3.7401106,3.8766608,4.0029025,4.1636214,4.2826066,4.450907,4.6420646,4.884948,4.9278717,5.0341873,5.216358,5.278537,5.4395623,5.595657,5.827053,6.133764,6.3136086,6.4653983,6.446724,6.5356326,6.684818,6.6815743,6.9050293,7.0292106,7.0342226,6.9754243,7.0528936,7.1965504,7.3646874,7.4217606,7.418209,7.586714,7.6894493,7.9115195,8.208211,8.496195,8.988906,9.43281,9.653621,9.833259,10.12127,10.492496,10.871766,11.355481,11.317197,11.914134,12.22735,12.733822,12.700428,13.12193,13.920773,14.305925,15.035018,15.695873,16.580523,17.253218,17.663984,18.43902,19.16125,20.276718,21.030561,22.140747,23.043438,23.557922,24.693352,25.31808,26.388865,27.211842,28.242634,29.514643,30.496775,31.788431,33.579353,34.894253,36.417416,38.110855,39.866127,42.41894,44.504665,46.056236,48.245705,50.19436,51.50583,54.312542,56.6044,58.43486,61.352024,63.680496,66.776024,69.14714,71.35732,73.6419,76.091995,78.2723,79.23116,82.43637,84.57069,87.632,90.2198,92.01665,94.51245,96.317024,96.95413,98.93212,100.2864,101.37602,100.613655,101.40592,102.58511,102.72171,103.15021,104.63465,16.285295,16.909937,16.459719,15.664101,14.946738,14.792402,15.64472,17.246782,18.766989,20.037157,21.629766,22.61675,23.84961,24.557325,25.09126,25.319885,24.526033,23.914421,23.058012,22.631073,22.653767,22.608267,22.450022,22.313427,22.654184,23.337814,23.172937,22.808228,24.096937,25.224577,24.962696,24.6543,134.22646,134.66565,135.06683,136.04778,133.54195,17.06834,15.747807,13.684957,11.644528,9.11474,7.113867,4.6355314,2.1388383,-0.16352665,-2.0237796,-3.673571,-5.0440836,-6.7301264,-8.437748,-10.18038,-11.556569,-13.037004,-14.727948,-16.069458,-16.9203,-17.778341,-19.84816,-22.024609,-23.18578,-23.953806,-24.76303,-25.78287,-26.566715,-26.997839,-26.917995,-26.56045,-26.678453,-26.900505,-27.174152,-27.386345,-27.838223,-27.786396,-27.659328,-27.449217,-27.319962,-27.101278,-27.07359,-26.700161,-26.345217,-26.034286,-25.693924,-24.88309,-23.864492,-23.625748,-23.700567,-23.428202,-23.197594,-22.729252,-22.335316,-21.951097,-21.602604,-21.243395,-20.927378,-20.57366,-20.368723,-20.200342,-19.97065,-19.577423,-19.162828,-18.809078,-18.390379,-18.03362,-17.708294,-17.310583,-17.010984,-16.733759,-16.335447,-16.202105,-16.082092,-15.8963785,-15.679994,-15.581175,-15.507609,-15.181774,-14.71988,-14.289941,-13.950986,-13.545498,-13.299279,-13.146438,-13.063036,-12.95346,-12.607336,-12.153161,-11.858946,-11.645479,-11.366047,-11.117029,-10.863609,-10.457172,-10.125632,-9.895807,-9.647227,-9.41857,-9.154509,-8.860767,-8.613855,-8.274957,-7.93284,-7.638482,-7.3487973,-7.1504097,-6.9924965,-6.8522015,-6.7652154,-6.682297,-6.4551535,-5.9718285,-5.337703,-4.6230984,-3.8454044,-3.1741226,-2.778078,-2.5950885,-2.2516148,-1.9532335,-1.7307462,-1.5477533,-1.3959403,-1.3147153,-1.2237941,-1.0583787,-0.9566687,-0.8466195,-0.73523015,-0.6319249,-0.52820456,-0.46289054,-0.36039096,-0.2299052,12.821566,12.884068,12.8213415,12.718506,12.67114,12.335613,11.550323,10.552129,9.844687,9.32028,8.9627285,8.554163,8.227327,7.8729277,7.5594378,7.352626,7.224238,7.102056,6.9330573,6.716598,6.5555053,6.4154224,6.373433,6.29117,6.13173,6.0040064,5.9866014,5.9872665,5.976716,5.8850174,5.8475065,5.906454,5.9389076,5.873242,5.8845444,6.017278,6.15544,6.095633,5.997336,5.8253584,5.503547,5.2130055,5.074369,4.8754563,4.797184,4.7370687,4.755245,4.7371325,-3.6619055,-3.0830173,-2.4951081,-1.9026011,-1.3166077,-0.7405784,-0.18372418,0.35831052,0.8890471,1.4042852,1.9040774,2.3922951,2.8594668,3.326088,3.7860906,4.2376175,4.680567,5.116392,5.5319276,5.9540324,6.3720865,6.7901993,7.2118983,7.6207075,8.043975,8.703288,9.175551,9.674362,10.07165,10.486739,11.261688,11.541543,11.351209,11.694013,12.091277,12.501723,12.869003,13.117959,13.853078,14.58907,14.979718,15.222749,15.747769,16.14015,16.336311,16.759878,17.210884,17.84002,18.533478,19.089144,19.046879,19.666159,20.08487,20.49346,21.03193,21.155764,21.616179,22.05542,21.874916,22.171545,22.75865,23.065413,23.317963,23.829638,24.077726,24.855282,25.606714,26.185898,26.869165,27.845688,28.591564,29.581188,30.458334,31.738451,32.803455,34.16301,34.631355,36.06853,36.74956,36.985672,38.272743,38.497955,40.09714,41.000835,42.72108,44.11664,46.398094,48.357246,50.11934,52.61225,54.338856,56.524475,58.22349,60.51802,63.310246,64.61574,67.89719,70.33253,72.04129,74.39287,76.45791,79.91058,83.08219,86.06689,89.87384,93.520195,97.23487,101.22905,104.26176,109.46688,114.08526,118.24249,123.01646,126.40928,131.2103,136.62697,142.55954,148.13686,152.70123,158.45076,164.0703,170.31783,175.97714,180.56036,184.69476,189.97432,194.24995,197.87262,203.02274,207.56567,212.65553,218.46898,222.8848,227.13939,230.05301,230.93759,235.61118,237.81958,238.66948,238.39311,237.4997,237.01,236.52026,237.70007,239.00742,31.624147,32.050747,30.761992,29.20088,27.418053,26.414684,28.64352,32.271862,35.454338,38.95429,41.70378,44.156895,46.585495,47.875404,49.246796,49.464565,48.283836,46.111454,44.498505,42.773975,42.498047,42.57581,42.094276,41.743,42.30321,43.06544,43.102314,42.296562,44.379616,46.487583,45.62008,44.517,282.4089,280.66345,281.20856,281.39816,273.86322,24.899744,20.915848,16.252602,11.360507,6.2315836,1.6473317,-3.529504,-8.710402,-13.514587,-17.511436,-20.813227,-24.048252,-26.990229,-30.580011,-33.9807,-36.595245,-39.55473,-42.76796,-45.34553,-46.94332,-48.490227,-52.364605,-56.289993,-58.694187,-60.336823,-61.94002,-63.75966,-65.06873,-65.88379,-65.50004,-64.66555,-64.78665,-65.04773,-65.21477,-65.486015,-65.97384,-65.58734,-65.07367,-64.56583,-64.01771,-63.473824,-63.226925,-62.303074,-61.431705,-60.479683,-59.443134,-57.472855,-55.17378,-54.600098,-54.590015,-54.0987,-53.333008,-52.400246,-51.31369,-50.448982,-49.52178,-48.693604,-47.749664,-46.89152,-46.143642,-45.79242,-45.16272,-44.378445,-43.68143,-42.865204,-41.85656,-41.030678,-40.16461,-39.370907,-38.639534,-37.982018,-37.10887,-36.618717,-36.19284,-35.805702,-35.346767,-35.15464,-34.914627,-34.030323,-33.017582,-32.069374,-31.262852,-30.403152,-29.86435,-29.432705,-29.067856,-28.624115,-27.851744,-26.95601,-26.430096,-25.910475,-25.308748,-24.782648,-24.141367,-23.426397,-22.773962,-22.307446,-21.709942,-21.201601,-20.621237,-20.004766,-19.446026,-18.778343,-18.059952,-17.45389,-16.904793,-16.419453,-16.052605,-15.770508,-15.577693,-15.335324,-14.862528,-13.941421,-12.763586,-11.422577,-9.996764,-8.738772,-8.043227,-7.693047,-7.0675807,-6.5207233,-6.1080585,-5.7535114,-5.455844,-5.2818427,-5.0906625,-4.74783,-4.518256,-4.2613525,-3.9990504,-3.7582214,-3.5109773,-3.3331711,-3.1036053,-2.8335736,19.827694,19.820938,19.626152,19.4355,19.316853,18.714098,17.409044,15.685233,14.437582,13.531868,12.910299,12.211616,11.499586,10.896079,10.331446,10.053926,9.785242,9.606019,9.346284,9.0058365,8.68458,8.454649,8.281467,8.057933,7.7832074,7.564612,7.5046134,7.433791,7.347925,7.2329454,7.150765,7.2473187,7.25491,7.188307,7.151979,7.3032403,7.583375,7.4284015,7.080748,6.8070917,6.320637,5.9041266,5.56175,5.2979093,5.055613,4.913875,4.9182115,4.888136,-5.7429,-4.8786745,-3.9830391,-3.0711534,-2.1670585,-1.2769328,-0.40717936,0.44137487,1.2686765,2.0748613,2.8629208,3.6335902,4.3975387,5.1052494,5.829714,6.539803,7.2466397,7.9339366,8.608926,9.274295,9.946495,10.607469,11.268045,11.952005,12.645057,13.385204,14.050532,14.746072,15.49236,16.121899,17.117508,17.664263,18.119326,18.379856,18.949781,19.222061,19.952038,20.655441,21.692072,22.666172,22.986952,23.664745,24.213087,24.560854,24.825521,25.552214,26.570448,27.901934,28.359596,29.041252,29.732483,30.60468,31.366644,31.805534,32.206474,32.92051,33.34854,33.711864,34.01985,34.489304,34.75787,35.17733,35.83378,36.662743,37.81611,38.923927,40.182472,41.53659,42.473827,43.108837,44.118683,45.292294,47.224342,48.474865,50.006973,52.29883,53.532127,54.942493,56.24143,57.50682,58.41585,59.454983,60.949158,62.75169,65.334946,67.42388,70.65017,73.214645,75.57788,78.65107,80.85543,83.39535,86.683426,89.16834,92.34501,94.769226,98.28386,100.63016,103.727905,106.17921,109.67606,113.52607,118.053116,121.66675,125.51671,129.80069,135.35774,139.61879,145.66382,151.28479,157.24937,163.102,168.38211,173.028,178.90898,186.49355,192.61026,199.60638,206.61128,213.29723,220.55957,227.81526,236.12454,241.53629,245.94437,252.3786,258.089,262.7224,267.9757,274.5085,281.0172,287.61432,293.6656,300.39087,304.3433,304.12045,307.88773,309.55762,311.47772,312.3574,310.926,311.40753,309.9344,310.71298,310.2177,39.444386,40.66516,38.91366,36.52216,34.4556,32.988697,35.949696,40.582634,44.748524,49.204456,53.094074,56.075443,58.995407,61.196968,62.560284,63.191864,61.004467,58.71008,56.431797,54.533405,53.48812,54.0891,53.407307,52.72332,53.644592,54.56896,54.292442,53.473297,56.43972,58.592064,57.5642,55.625885,360.19955,358.5694,357.35303,356.09567,346.10776,29.63201,24.861471,19.055126,12.820099,6.071882,0.37817726,-6.095063,-12.752291,-19.120554,-23.857925,-28.01638,-32.061996,-35.854366,-40.273697,-44.68838,-48.29805,-51.829594,-55.85583,-58.943954,-61.105072,-63.097305,-67.706245,-72.72069,-75.69682,-77.56908,-79.410645,-81.601814,-83.25718,-84.12885,-83.67041,-82.53031,-82.403404,-82.600395,-83.01422,-83.14328,-83.719986,-83.14296,-82.41425,-81.75625,-81.038864,-80.36472,-79.97609,-78.88368,-77.43972,-76.31155,-75.12285,-72.796646,-70.1542,-69.48949,-69.37306,-68.68608,-67.89802,-66.53697,-65.21406,-64.18867,-63.096573,-61.91241,-60.66247,-59.580315,-58.73184,-58.073563,-57.162827,-56.10254,-54.96034,-53.853024,-52.5014,-51.36697,-50.40327,-49.407158,-48.558746,-47.697258,-46.580963,-45.970364,-45.621998,-45.161808,-44.657135,-44.2369,-43.7656,-42.753353,-41.408657,-40.362057,-39.2993,-38.22411,-37.457462,-36.963505,-36.463867,-35.923286,-34.966927,-33.728146,-33.058083,-32.43568,-31.658405,-30.89746,-30.091656,-29.07289,-28.302166,-27.665567,-27.017126,-26.426077,-25.703436,-25.004862,-24.300919,-23.474396,-22.608128,-21.852669,-21.20833,-20.669582,-20.23845,-19.871376,-19.606623,-19.300137,-18.759312,-17.630573,-16.19254,-14.634347,-12.981983,-11.54622,-10.733516,-10.331633,-9.596848,-8.940654,-8.459821,-8.018554,-7.6324415,-7.4128423,-7.1834154,-6.756858,-6.4688187,-6.154207,-5.830162,-5.542842,-5.2374334,-5.0170474,-4.721523,-4.3926916,22.027267,21.998734,21.798172,21.574541,21.445911,20.752104,19.237398,17.236193,15.79497,14.727365,13.99815,13.179029,12.393166,11.685623,11.0451145,10.723127,10.445327,10.179692,9.905356,9.47654,9.16319,8.834328,8.655972,8.385674,8.0646105,7.8170004,7.7249203,7.663006,7.5604234,7.4636574,7.34548,7.4294267,7.4357343,7.344374,7.3076086,7.496935,7.7404222,7.561819,7.176273,6.87075,6.249167,5.7260957,5.3664207,5.023253,4.752252,4.5697374,4.5844946,4.517776
Tax92,0.0,-0.11892838,-0.09946551,-0.07071645,-0.03558491,0.0038522542,0.0460045,0.08963615,0.13195433,0.17525187,0.21758176,0.25845525,0.2973532,0.33406222,0.3683185,0.39957696,0.43111444,0.45644662,0.47383043,0.49721417,0.51226836,0.5229475,0.53475374,0.5525879,0.5620352,0.5799853,0.5881456,0.6073248,0.6237226,0.6287391,0.63690275,0.64268357,0.66349584,0.68178475,0.69543827,0.7035654,0.7268873,0.7376084,0.7438486,0.7391003,0.7518261,0.7695126,0.7968404,0.7924913,0.81498605,0.8481296,0.8730164,0.8584586,0.8648707,0.85287887,0.84873384,0.8588162,0.87060636,0.8645758,0.8424583,0.85146993,0.8405854,0.8641136,0.8389715,0.81866765,0.77935034,0.7701694,0.7433294,0.74334455,0.75533956,0.76523143,0.6968745,0.7234402,0.8417211,0.8383852,0.865243,0.85564446,0.84942794,0.7820515,0.87985855,0.7744533,0.79911506,0.8042688,0.82768655,0.8440547,0.8441085,0.87179124,0.85385996,0.8753264,0.88276374,0.9087399,1.0254081,1.0263021,1.0313658,1.0638826,1.053738,1.0764414,1.0725942,1.0773444,1.0692297,1.0524522,1.0099269,1.006672,1.024087,0.9976172,0.9855712,0.9883833,0.98261267,0.969562,0.96002895,0.9505837,0.96777487,0.9254732,0.94726473,0.9475843,0.91551596,0.9356861,0.9324627,0.9032495,0.88017166,0.7945885,0.84251493,0.8307262,0.81467265,0.8097408,0.80773395,0.7696761,0.77597,0.76298183,0.72494984,0.7350027,0.7019449,0.6731462,0.64768344,0.611806,0.56697077,0.5455322,0.4994855,0.49040163,0.47017416,0.43514657,0.41678604,0.3830978,0.3606716,0.32832474,0.27521574,0.24365461,0.20981255,0.19163409,0.17303799,0.16075003,0.14765672,0.12972036,0.119011395,0.097366095,0.081075035,0.07303756,0.079872005,0.088452645,0.085256465,0.0868086,0.090881094,0.08756532,0.08737316,0.086726174,0.082752414,0.081973866,0.073027514,0.06994499,0.06571343,0.06532615,0.063472025,0.06335021,0.059672162,0.05985342,0.060586844,0.056068547,0.05117522,0.048209075,0.046858154,0.046896182,0.042745445,0.04209115,0.042100884,0.040516097,0.038996987,0.03772716,0.03324337,0.027620032,0.023121903,0.019040424,0.011987511,0.008935861,0.0063588936,0.0036102994,0.0012238771,-0.0012711603,-0.0020321957,-0.0027096546,-0.0029174492,-0.0036110827,-0.0045841318,-0.004689792,-0.0051565105,-0.0056288005,-0.005848006,-0.0049066213,-0.00454309,-0.0040958826,-0.00454855,-0.005013775,-0.0053161797,-0.0055574295,-0.0057756207,-0.0051313974,-0.0025805868,-0.0026555904,-0.0026875958,-0.0026867434,-0.002708118,-0.002753383,-0.0027975058,-0.0028350907,-0.0028818073,-0.0029078452,-0.0029298794,-0.0029394445,-0.002958212,-0.0029808742,-0.00300337,-0.0011685565,-0.0011689176,-0.0011726758,-0.0011728792,-0.001167349,-0.001153979,-0.0011533599,-0.0011601573,-0.0011642665,-0.001165656,-0.0011647198,-0.0011618155,-0.0011601399,-0.0011591433,-0.0011585094,-0.0011566342,-0.0011547034,-0.0011561415,0.0,0.0,0.0,0.0,0.0,0.0,0.0,0.0,0.0,0.0,0.0,0.0,0.0,0.0,0.0,0.0,0.0,0.0,0.0,0.0,0.0,0.0,0.0,0.0,0.0,0.0,0.0,0.0,0.0,0.0,0.0,0.0,0.0,0.0,0.0,0.0,0.0,0.0,0.0,0.0,0.0,0.0,0.0,0.0,0.0,0.0,0.0,0.0,0.0,0.0,0.0,0.0,0.0,0.0,0.0,0.0,0.0,0.0,0.0,0.0,0.0,0.0,0.0,0.0,0.0,0.0,0.0,0.0,0.0,0.0,0.0,0.0,0.0,0.0,0.0,0.0,0.0,0.0,0.0,0.0,0.0,0.0,0.0,0.0,0.0,0.0,0.0,0.0,0.0,0.0,0.0,0.0,0.0,0.0,0.0,0.0,0.0,0.0,0.0,0.0,0.0,0.0,0.0,0.0,0.0,0.0,0.0,0.0,0.0,0.0,0.0,0.0,0.0,0.0,0.0,0.0,0.0,0.0,0.0,0.0,0.0,0.0,0.0,0.0,0.0,0.0,0.0,0.0,0.0,0.0,0.0,0.0,0.0,0.0,0.0,0.0,0.0,0.0,0.0,0.0,0.0,0.0,0.0,0.0,0.0,0.0,0.0,0.0,0.0,0.0,0.0,0.0,0.0,0.0,0.0,0.0,0.0,0.0,0.0,0.0,0.0,0.0,0.0,0.0,0.0,0.0,0.0,0.0,0.0,0.0,0.0,0.0,0.0,0.0,0.0,0.0,0.0,0.0,0.0,0.0,0.0,0.0,0.0,0.0,0.0,0.0,0.0,0.0,0.0,0.0,0.0,0.0,0.0,0.0,0.0,0.0,0.0,0.0,0.0,0.0,0.0,0.0,0.0,0.0,0.0,0.0,0.0,0.0,0.0,0.0,0.0,0.0,0.0,0.0,0.0,0.0,0.0,0.0,0.0,0.0,0.0,0.0,0.0,0.0,0.0,0.0,0.0,0.0,0.0,0.0,0.0,0.0,0.0,0.0,0.0,0.0,0.0,0.0,0.0,0.0,0.0,0.0,0.0,0.0,0.0,0.0,0.0,0.0,0.0,0.0,0.0,0.0,0.0,0.0,0.0,0.0,0.0,0.0,0.0,0.0,0.0,0.0,0.0,0.0,0.0,0.0,0.0,0.0,0.0,0.0,0.0,0.0,0.0,0.0,0.0,0.0,0.0,0.0,0.0,0.0,0.0,0.0,0.0,0.0,0.0,0.0,0.0,0.0,0.0,0.0,0.0,0.0,0.0,0.0,0.0,0.0,0.0,0.0,0.0,0.0,0.0,0.0,0.0,0.0,0.0,0.0,0.0,0.0,0.0,0.0,0.0,0.0,0.0,0.0,0.0,0.0,0.0,0.0,0.0,0.0,0.0,0.0,0.0,0.0,0.0,0.0,0.0,0.0,0.0,0.0,0.0,0.0,0.0,0.0,0.0,0.0,0.0,0.0,0.0,0.0,0.0,0.0,0.0,0.0,0.0,0.0,0.0,0.0,0.0,0.0,0.0,0.0,0.0,0.0,0.0,0.0,0.0,0.0,0.0,0.0,0.0,0.0,0.0,0.0,0.0,0.0,0.0,0.0,0.0,0.0,0.0,0.0,0.0,0.0,0.0,0.0,0.0,0.0,0.0,0.0,0.0,0.0,0.0,0.0,0.0,0.0,0.0,0.0,0.0,0.0,0.0,0.0,0.0,0.0,0.0,0.0,0.0,0.0,0.0,0.0,0.0,0.0,0.0,0.0,0.0,0.0,0.0,0.0,0.0,0.0,0.0,0.0,0.0,0.0,0.0,0.0,0.0,0.0,0.0,0.0,0.0,0.0,0.0,0.0,0.0,0.0,0.0,0.0,0.0,0.0,0.0,0.0,0.0,0.0,0.0,0.0,0.0,0.0,0.0,0.0,0.0,0.0,0.0,0.0,0.0,0.0,0.0,0.0,0.0,0.0,0.0,0.0,0.0,0.0,0.0,0.0,0.0,0.0,0.0,0.0,0.0,0.0,0.0,0.0,0.0,0.0,0.0,0.0,0.0,0.0,0.0,0.0,0.0,0.0,0.0,0.0,0.0,0.0,0.0,0.0,0.0,0.0,0.0,0.0,0.0,0.0,0.0,0.0,0.0,0.0,0.0,0.0,0.0,0.0,0.0,0.0,0.0,0.0,0.0,0.0,0.0,0.0,0.0,0.0,0.0,0.0,0.0,0.0,0.0,0.0,0.0,0.0,0.0,0.0,0.0,0.0,0.0,0.0,0.0,0.0,0.0,0.0,0.0,0.0,0.0,0.0,0.0,0.0,0.0,0.0,0.0,0.0,0.0,0.0,0.0,0.0,0.0,0.0,0.0,0.0,0.0,0.0,0.0,0.0,0.0,0.0,0.0,0.0,0.0,0.0,0.0,0.0,0.0,0.0,0.0,0.0,0.0,0.0,0.0,0.0,0.0,0.0,0.0,0.0,0.0,0.0,0.0,0.0,0.0,0.0,0.0,0.0,0.0,0.0,0.0,0.0,0.0,0.0,0.0,0.0,0.0,0.0,0.0,0.0,0.0,0.0,0.0,0.0,0.0,0.0,0.0,0.0,0.0,0.0,0.0,0.0,0.0,0.0,0.0,0.0,0.0,0.0,0.0,0.0,0.0,0.0,0.0,0.0,0.0,0.0,0.0,0.0,0.0,0.0,0.0,0.0,0.0,0.0,0.0,0.0,0.0,0.0,0.0,0.0,0.0,0.0,0.0,0.0,0.0,0.0,0.0,0.0,0.0,0.0,0.0,0.0,0.0,0.0,0.0,0.0,0.0,0.0,0.0,0.0,0.0,0.0,0.0,0.0,0.0,0.0,0.0,0.0,0.0,0.0,0.0,0.0,0.0,0.0,0.0,0.0,0.0,0.0,0.0,0.0,0.0,0.0,0.0,0.0,0.0,0.0,0.0,0.0,0.0,0.0,0.0,0.0,0.0,0.0,0.0,0.0,0.0,0.0,0.0,0.0,0.0,0.0,0.0,0.0,0.0,0.0,0.0,0.0,0.0,0.0,0.0,0.0,0.0,0.0,0.0,0.0,0.0,0.0,0.0,0.0,0.0,0.0,0.0,0.0,0.0,0.0,0.0,0.0,0.0,0.0,0.0,0.0,0.0,0.0,0.0,0.0,0.0,0.0,0.0,0.0,0.0,0.0,0.0,0.0,0.0,0.0,0.0,0.0,0.0,0.0,0.0,0.0,0.0,0.0,0.0,0.0,0.0,0.0,0.0,0.0,0.0,0.0,0.0,0.0,0.0,0.0,0.0,0.0,0.0,0.0,0.0,0.0,0.0,0.0,0.0,0.0,0.0,0.0,0.0,0.0,0.0,0.0,0.0,0.0,0.0,0.0,0.0,0.0,0.0,0.0,0.0,0.0,0.0,0.0,0.0,0.0,0.0,0.0,0.0,0.0,0.0,0.0,0.0,0.0,0.0,0.0,0.0,0.0,0.0,0.0,0.0,0.0,0.0,0.0,0.0,0.0,0.0,0.0,0.0,0.0,0.0,0.0,0.0,0.0,0.0,0.0,0.0,0.0,0.0,0.0,0.0,0.0,0.0,0.0,0.0,0.0,0.0,0.0,0.0,0.0,0.0,0.0,0.0,0.0,0.0,0.0,0.0,0.0,0.0,0.0,0.0,0.0,0.0,0.0,0.0,0.0,0.0,0.0,0.0,0.0,0.0,0.0,0.0,0.0,0.0,0.0,0.0,0.0,0.0,0.0,0.0,0.0,0.0,0.0,0.0,0.0,0.0,0.0,0.0,0.0,0.0,0.0,0.0,0.0,0.0,0.0,0.0,0.0,0.0,0.0,0.0,0.0,0.0,0.0,0.0,0.0,0.0,0.0,0.0,0.0,0.0,0.0,0.0,0.0,0.0,0.0,0.0,0.0,0.0,0.0,0.0,0.0,0.0,0.0,0.0,0.0,0.0,0.0,0.0,0.0,0.0,0.0,0.0,0.0,0.0,0.0,0.0,0.0,0.0,0.0,0.0,0.0,0.0,0.0,0.0,0.0,0.0,0.0,0.0,0.0,0.0,0.0,0.0,0.0,0.0,0.0,0.0,0.0,0.0,0.0,0.0,0.0,0.0,0.0,0.0,0.0,0.0,0.0,0.0,0.0,0.0,0.0,0.0,0.0,0.0,0.0,0.0,0.0,0.0,0.0,0.0,0.0,0.0,0.0,0.0,0.0,0.0,0.0,0.0,0.0,0.0,0.0,0.0,0.0,0.0,0.0,0.0,0.0,0.0,0.0,0.0,0.0,0.0,0.0,0.0,0.0,0.0,0.0,0.0,0.0,0.0,0.0,0.0,0.0,0.0,0.0,0.0,0.0,0.0,0.0,0.0,0.0,0.0,0.0,0.0,0.0,0.0,0.0,0.0,0.0,0.0,0.0,0.0,0.0,0.0,0.0,0.0,0.0,0.0,0.0,0.0,0.0,0.0,0.0,0.0,0.0,0.0,0.0,0.0,0.0,0.0,0.0,0.0,0.0,0.0,0.0,0.0,0.0,0.0,0.0,0.0,0.0,0.0,0.0,0.0,0.0,0.0,0.0,0.0,0.0,0.0,0.0,0.0,0.0,0.0,0.0,0.0,0.0,0.0,0.0,0.0,0.0,0.0,0.0,0.0,0.0,0.0,0.0,0.0,0.0,0.0,0.0,0.0,0.0,0.0,0.0,0.0,0.0,0.0,0.0,0.0,0.0,0.0,0.0,0.0,0.0,0.0,0.0,0.0,0.0,0.0,0.0,0.0,0.0,0.0,0.0,0.0,0.0,0.0,0.0,0.0,0.0,0.0,0.0,0.0,0.0,0.0,0.0,0.0,0.0,0.0,0.0,0.0,0.0,0.0,0.0,0.0,0.0,0.0,0.0,0.0,0.0,0.0,0.0,0.0,0.0,0.0,0.0,0.0,0.0,0.0,0.0,0.0,0.0,0.0,0.0,0.0,0.0,0.0,0.0,0.0,0.0,0.0,0.0,0.0,0.0,0.0,0.0,0.0,0.0,0.0,0.0,0.0,0.0,0.0,0.0,0.0,0.0,0.0,0.0,0.0,0.0,0.0,0.0,0.0,0.0,0.0,0.0,0.0,0.0,0.0,0.0,0.0,0.0,0.0,0.0,0.0,0.0,0.0,0.0,0.0,0.0,0.0,0.0,0.0,0.0,0.0,0.0,0.0,0.0,0.0,0.0,0.0,0.0,0.0,0.0,0.0,0.0,0.0,0.0,0.0,0.0,0.0,0.0,0.0,0.0,0.0,0.0,0.0,0.0,0.0,0.0,0.0,0.0,0.0,0.0,0.0,0.0,0.0,0.0,0.0,0.0,0.0,0.0,0.0,0.0,0.0,0.0,0.0,0.0,0.0,0.0,0.0,0.0,0.0,0.0,0.0,0.0,0.0,0.0,0.0,0.0,0.0,0.0,0.0,0.0,0.0,0.0,0.0,0.0,0.0,0.0,0.0,0.0,0.0,0.0,0.0,0.0,0.0,0.0,0.0,0.0,0.0,0.0,0.0,0.0,0.0,0.0,0.0,0.0,0.0,0.0,0.0,0.0,0.0,0.0,0.0,0.0,0.0,0.0,0.0,0.0,0.0,0.0,0.0,0.0,0.0,0.0,0.0,0.0,0.0,0.0,0.0,0.0,0.0,0.0,0.0,0.0,0.0,0.0,0.0,0.0,0.0,0.0,0.0,0.0,0.0,0.0,0.0,0.0,0.0,0.0,0.0,0.0,0.0,0.0,0.0,0.0,0.0,0.0,0.0,0.0,0.0,0.0,0.0,0.0,0.0,0.0,0.0,0.0,0.0,0.0,0.0,0.0,0.0,0.0,0.0,0.0,0.0,0.0,0.0,0.0,0.0,0.0,0.0,0.0,0.0,0.0,0.0,0.0,0.0,0.0,0.0,0.0,0.0,0.0,0.0,0.0,0.0,0.0,0.0,0.0,0.0,0.0,0.0,0.0,0.0,0.0,0.0,0.0,0.0,0.0,0.0,0.0,0.0,0.0,0.0,0.0,0.0,0.0,0.0,0.0,0.0,0.0,0.0,0.0,0.0,0.0,0.0,0.0,0.0,0.0,0.0,0.0,0.0,0.0,0.0,0.0,0.0,0.0,0.0,0.0,0.0,0.0,0.0,0.0,0.0,0.0,0.0,0.0,0.0,0.0,0.0,0.0,0.0,0.0,0.0,0.0,0.0,0.0,0.0,0.0,0.0,0.0,0.0,0.0,0.0,0.0,0.0,0.0,0.0,0.0,0.0,0.0,0.0,0.0,0.0,0.0,0.0,0.0,0.0,0.0,0.0,0.0,0.0,0.0,0.0,0.0,0.0,0.0,0.0,0.0,0.0,0.0,0.0,0.0,0.0,0.0,0.0,0.0,0.0,0.0,0.0,0.0,0.0,0.0,0.0,0.0,0.0,0.0,0.0,0.0,0.0,0.0,0.0,0.0,0.0,0.0,0.0,0.0,0.0,0.0,0.0,0.0,0.0,0.0,0.0,0.0,0.0,0.0,0.0,0.0,0.0,0.0,0.0,0.0,0.0,0.0,0.0,0.0,0.0,0.0,0.0,0.0,0.0,0.0,0.0,0.0,0.0,0.0,0.0,0.0,0.0,0.0,0.0,0.0,0.0,0.0,0.0,0.0,0.0,0.0,0.0,0.0,0.0,0.0,0.0,0.0,0.0,0.0,0.0,0.0,0.0,0.0,0.0,0.0,0.0,0.0,0.0,0.0,0.0,0.0,0.0,0.0,0.0,0.0,0.0,0.0,0.0,0.0,0.0,0.0,0.0,0.0,0.0,0.0,0.0,0.0,0.0,0.0,0.0,0.0,0.0,0.0,0.0,0.0,0.0,0.0,0.0,0.0,0.0,0.0,0.0,0.0,0.0,0.0,0.0,0.0,0.0,0.0,0.0,0.0,0.0,0.0,0.0,0.0,0.0,0.0,0.0,0.0,0.0,0.0,0.0,0.0,0.0,0.0,0.0,0.0,0.0,0.0,0.0,0.0,0.0,0.0,0.0,0.0,0.0,0.0,0.0,0.0,0.0,0.0,0.0,0.0,0.0,0.0,0.0,0.0,0.0,0.0,0.0,0.0,0.0,0.0,0.0,0.0,0.0,0.0,0.0,0.0,0.0,0.0,0.0,0.0,0.0,0.0,0.0,0.0,0.0,0.0,0.0,0.0,0.0,0.0,0.0,0.0,0.0,0.0,0.0,0.0,0.0,0.0,0.0,0.0,0.0,0.0,0.0,0.0,0.0,0.0,0.0,0.0,0.0,0.0,0.0,0.0,0.0,0.0,0.0,0.0,0.0,0.0,0.0,0.0,0.0,0.0,0.0,0.0,0.0,0.0,0.0,0.0,0.0,0.0,0.0,0.0,0.0,0.0,0.0,0.0,0.0,0.0,0.0,0.0,0.0,0.0,0.0,0.0,0.0,0.0,0.0,0.0,0.0,0.0,0.0,0.0,0.0,0.0,0.0,0.0,0.0,0.0,0.0,0.0,0.0,0.0,0.0,0.0,0.0,0.0,0.0,0.0,0.0,0.0,0.0,0.0,0.0,0.0,0.0,0.0,0.0,0.0,0.0,0.0,0.0,0.0,0.0,0.0,0.0,0.0,0.0,0.0,0.0,0.0,0.0,0.0,0.0,0.0,0.0,0.0,0.0,0.0,0.0,0.0,0.0,0.0,0.0,0.0,0.0,0.0,0.0,0.0,0.0,0.0,0.0,0.0,0.0,0.0,0.0,0.0,0.0,0.0,0.0,0.0,0.0,0.0,0.0,0.0,0.0,0.0,0.0,0.0,0.0,0.0,0.0,0.0,0.0,0.0,0.0,0.0,0.0,0.0,0.0,0.0,0.0,0.0,0.0,0.0,0.0,0.0,0.0,0.0,0.0,0.0,0.0,0.0,0.0,0.0,0.0,0.0,0.0,0.0,0.0,0.0,0.0,0.0,0.0,0.0,0.0,0.0,0.0,0.0,0.0,0.0,0.0,0.0,0.0,0.0,0.0,0.0,0.0,0.0,0.0,0.0,0.0,0.0,0.0,0.0,0.0,0.0,0.0,0.0,0.0,0.0,0.0,0.0,0.0,0.0,0.0,0.0,0.0,0.0,0.0,0.0,0.0,0.0,0.0,0.0,0.0,0.0,0.0,0.0,0.0,0.0,0.0,0.0,0.0,0.0,0.0,0.0,0.0,0.0,0.0,0.0,0.0,0.0,0.0,0.0,0.0,0.0,0.0,0.0,0.0,0.0,0.0,0.0,0.0,0.0,0.0,0.0,0.0,0.0,0.0,0.0,0.0,0.0,0.0,0.0,0.0,0.0,0.0,0.0,0.0,0.0,0.0,0.0,0.0,0.0,0.0,0.0,0.0,0.0,0.0,0.0,0.0,0.0,0.0,0.0,0.0,0.0,0.0,0.0,0.0,0.0,0.0,0.0,0.0,0.0,0.0,0.0,0.0,0.0,0.0,0.0,0.0,0.0,0.0,0.0,0.0,0.0,0.0,0.0,0.0,0.0,0.0,0.0,0.0,0.0,0.0,0.0,0.0,0.0,0.0,0.0,0.0,0.0,0.0,0.0,0.0,0.0,0.0,0.0,0.0,0.0,0.0,0.0,0.0,0.0,0.0,0.0,0.0,0.0,0.0,0.0,0.0,0.0,0.0,0.0,0.0,0.0,0.0,0.0,0.0,0.0,0.0,0.0,0.0,0.0,0.0,0.0,0.0,0.0,0.0,0.0,0.0,0.0,0.0,0.0,0.0,0.0,0.0,0.0,0.0,0.0,0.0,0.0,0.0,0.0,0.0,0.0,0.0,0.0,0.0,0.0,0.0,0.0,0.0,0.0,0.0,0.0,0.0,0.0,0.0,0.0,0.0,0.0,0.0,0.0,0.0,0.0,0.0,0.0,0.0,0.0,0.0,0.0,0.0,0.0,0.0,0.0,0.0,0.0,0.0,0.0,0.0,0.0,0.0,0.0,0.0,0.0,0.0,0.0,0.0,0.0,0.0,0.0,0.0,0.0,0.0,0.0,0.0,0.0,0.0,0.0,0.0,0.0,0.0,0.0,0.0,0.0,0.0,0.0,0.0,0.0,0.0,0.0,0.0,0.0,0.0,0.0,0.0,0.0,0.0,0.0,0.0,0.0,0.0,0.0,0.0,0.0,0.0,0.0,0.0,0.0,0.0,0.0,0.0,0.0,0.0,0.0,0.0,0.0,0.0,0.0,0.0,0.0,0.0,0.0,0.0,0.0,0.0,0.0,0.0,0.0,0.0,0.0,0.0,0.0,0.0,0.0,0.0,0.0,0.0,0.0,0.0,0.0,0.0,0.0,0.0,0.0,0.0,0.0,0.0,0.0,0.0,0.0,0.0,0.0,0.0,0.0,0.0,0.0,0.0,0.0,0.0,0.0,0.0,0.0,0.0,0.0,0.0,0.0,0.0,0.0,0.0,0.0,0.0,0.0,0.0,0.0,0.0,0.0,0.0,0.0,0.0,0.0,0.0,0.0,0.0,0.0,0.0,0.0,0.0,0.0,0.0,0.0,0.0,0.0,0.0,0.0,0.0,0.0,0.0,0.0,0.0,0.0,0.0,0.0,0.0,0.0,0.0,0.0,0.0,0.0,0.0,0.0,0.0,0.0,0.0,0.0,0.0,0.0,0.0,0.0,0.0,0.0,0.0,0.0,0.0,0.0,0.0,0.0,0.0,0.0,0.0,0.0,0.0,0.0,0.0,0.0,0.0,0.0,0.0,0.0,0.0,0.0,0.0,0.0,0.0,0.0,0.0,0.0,0.0,0.0,0.0,0.0,0.0,0.0,0.0,0.0,0.0,0.0,0.0,0.0,0.0,0.0,0.0,0.0,0.0,0.0,0.0,0.0,0.0,0.0,0.0,0.0,0.0,0.0,0.0,0.0,0.0,0.0,0.0,0.0,0.0,0.0,0.0,0.0,0.0,0.0,0.0,0.0,0.0,0.0,0.0,0.0,0.0,0.0,0.0,0.0,0.0,0.0,0.0,0.0,0.0,0.0,0.0,0.0,0.0,0.0,0.0,0.0,0.0,0.0,0.0,0.0,0.0,0.0,0.0,0.0,0.0,0.0,0.0,0.0,0.0,0.0,0.0,0.0,0.0,0.0,0.0,0.0,0.0,0.0,0.0,0.0,0.0,0.0,0.0,0.0,0.0,0.0,0.0,0.0,0.0,0.0,0.0,0.0,0.0,0.0,0.0,0.0,0.0,0.0,0.0,0.0,0.0,0.0,0.0,0.0,0.0,0.0,0.0,0.0,0.0,0.0,0.0,0.0,0.0,0.0,0.0,0.0,0.0,0.0,0.0,0.0,0.0,0.0,0.0,0.0,0.0,0.0,0.0,0.0,0.0,0.0,0.0,0.0,0.0,0.0,0.0,0.0,0.0,0.0,0.0,0.0,0.0,0.0,0.0,0.0,0.0,0.0,0.0,0.0,0.0,0.0,0.0,0.0,0.0,0.0,0.0,0.0,0.0,0.0,0.0,0.0,0.0,0.0,0.0,0.0,0.0,0.0,0.0,0.0,0.0,0.0,0.0,0.0,0.0,0.0,0.0,0.0,0.0,0.0,0.0,0.0,0.0,0.0,0.0,0.0,0.0,0.0,0.0,0.0,0.0,0.0,0.0,0.0,0.0,0.0,0.0,0.0,0.0,0.0,0.0,0.0,0.0,0.0,0.0,0.0,0.0,0.0,0.0,0.0,0.0,0.0,0.0,0.0,0.0,0.0,0.0,0.0,0.0,0.0,0.0,0.0,0.0,0.0,0.0,0.0,0.0,0.0,0.0,0.0,0.0,0.0,0.0,0.0,0.0,0.0,0.0,0.0,0.0,0.0,0.0,0.0,0.0,0.0,0.0,0.0,0.0,0.0,0.0,0.0,0.0,0.0,0.0,0.0,0.0,0.0,0.0,0.0,0.0,0.0,0.0,0.0,0.0,0.0,0.0,0.0,0.0,0.0,0.0,0.0,0.0,0.0,0.0,0.0,0.0,0.0,0.0,0.0,0.0,0.0,0.0,0.0,0.0,0.0,0.0,0.0,0.0,0.0,0.0,0.0,0.0,0.0,0.0,0.0,0.0,0.0,0.0,0.0,0.0,0.0,0.0,0.0,0.0,0.0,0.0,0.0,0.0,0.0,0.0,0.0,0.0,0.0,0.0,0.0,0.0,0.0,0.0,0.0,0.0,0.0,0.0,0.0,0.0,0.0,0.0,0.0,0.0,0.0,0.0,0.0,0.0,0.0,0.0,0.0,0.0,0.0,0.0,0.0,0.0,0.0,0.0,0.0,0.0,0.0,0.0,0.0,0.0,0.0,0.0,0.0,0.0,0.0,0.0,0.0,0.0,0.0,0.0,0.0,0.0,0.0,0.0,0.0,0.0,0.0,0.0,0.0,0.0,0.0,0.0,0.0,0.0,0.0,0.0,0.0,0.0,0.0,0.0,0.0,0.0,0.0,0.0,0.0,0.0,0.0,0.0,0.0,0.0,0.0,0.0,0.0,0.0,0.0,0.0,0.0,0.0,0.0,0.0,0.0,0.0,0.0,0.0,0.0,0.0,0.0,0.0,0.0,0.0,0.0,0.0,0.0,0.0,0.0,0.0,0.0,0.0,0.0,0.0,0.0,0.0,0.0,0.0,0.0,0.0,0.0,0.0,0.0,0.0,0.0,0.0,0.0,0.0,0.0,0.0,0.0,0.0,0.0,0.0,0.0,0.0,0.0,0.0,0.0,0.0,0.0,0.0,0.0,0.0,0.0,0.0,0.0
Tax93,0.0,-0.78066313,-0.7004394,-0.6082923,-0.5090326,-0.405269,-0.29928783,-0.19278865,-0.087059185,0.016984174,0.118547216,0.21845278,0.31309304,0.40362883,0.48771152,0.56764156,0.64124054,0.7121002,0.79142475,0.85582936,0.92056113,0.9855411,1.0538207,1.1069452,1.1648009,1.2064258,1.2523338,1.3118544,1.3747706,1.418625,1.4733363,1.5116785,1.5928577,1.6463667,1.7008297,1.75034,1.8014538,1.858578,1.8333962,1.894871,1.9437777,1.9656135,2.0502448,2.141666,2.1603281,2.217828,2.300094,2.301687,2.314589,2.3381104,2.3493028,2.3164208,2.355066,2.3773022,2.386289,2.330801,2.2439933,2.2097125,2.0627692,1.9360356,1.7790473,1.6476679,1.5699543,1.4663526,1.4953835,1.4950081,-0.42898592,-0.41109514,1.6339446,1.6817502,1.7034458,1.7135371,1.7773827,-0.38544792,1.7489505,-0.38278526,-0.37463886,-0.35516956,-0.35324517,-0.33741263,-0.33696347,-0.33373195,-0.33328572,-0.3136806,-0.29122478,-0.26970986,2.0209973,2.0229287,2.0968184,2.0973635,2.0894747,2.1245925,2.100516,2.1147108,2.053609,1.9811537,1.8236288,1.8064822,1.7842255,1.819291,1.7386446,1.6963873,1.6092577,1.60111,1.4669025,1.4710197,1.4851815,1.4368622,1.4637443,1.4383702,1.3681753,1.3717442,1.2946287,1.2579746,1.1913878,-0.68607473,-0.6824509,-0.6744749,-0.66395074,-0.6702613,-0.6920281,-0.7009007,-0.7170291,-0.72070694,-0.7385824,-0.74862,-0.74946594,-0.77879333,-0.8031792,-0.817675,-0.8350662,-0.858467,-0.87022215,-0.8864444,-0.9048493,-0.918567,-0.9377966,-0.95400834,-0.9761585,-0.99320126,-1.01542,-1.0355556,-1.0508848,-1.0610557,-1.0694892,-1.0663784,-1.0699985,-1.0633912,-1.059078,-1.0650284,-1.0599794,-1.0566202,-1.0416924,-1.0228238,-1.0045881,-0.9856421,-0.9668004,-0.9499587,-0.9292795,-0.9193095,-0.9089836,-0.9003197,-0.8975548,-0.8950516,-0.8910366,-0.88827187,-0.8817508,-0.8701499,-0.8642002,-0.85643214,-0.84621525,-0.83593845,-0.82783896,-0.82471657,-0.8045482,-0.78926444,-0.7875485,-0.78475267,-0.77552575,-0.7576153,-0.7400171,-0.7377295,-0.757322,-0.7801465,-0.79454744,-0.80408627,-0.80792224,-0.80898565,-0.8114895,-0.8146139,-0.8165591,-0.817736,-0.81675905,-0.8145352,-0.81234807,-0.80941653,-0.8066304,-0.7984652,-0.79421914,-0.77855587,-0.7688371,-0.76389474,-0.7494424,-0.7441519,-0.7386456,-0.7253682,-0.7193572,-0.6998447,-0.6938196,-0.687582,-0.6813592,-0.67520005,-0.6694242,-0.66401136,-0.6584064,-0.6525701,-0.6425132,-0.636827,-0.63103664,-0.6255341,-0.61589307,-0.6107116,-0.6001369,-0.5948895,-0.5896776,-0.584648,-0.5745223,-0.56565326,-0.5610083,-0.55662817,-0.5525681,-0.5404382,-0.5290092,-0.51794165,-0.5060067,-0.49822456,-0.49423033,-0.473455,-0.4695838,-0.4657325,-0.46196252,-0.45312423,-0.4436195,-0.43976822,-0.42993245,-0.41995046,-0.4165067,-0.41310263,-0.40636986,-0.39694935,-0.39377904,-0.39058468,-0.38738716,-0.37910488,-0.37288344,-0.3697936,-0.36662984,-0.36347958,-0.36036995,-0.3572138,-0.34882566,-0.346042,-0.3378371,-0.33521226,-0.33250105,-0.32696608,-0.3243283,-0.3215924,-0.31884405,-0.3161937,-0.31368268,-0.31129292,-0.3087908,-0.3063235,-0.30388188,-0.30146593,-0.29914364,-0.29687402,-0.28838083,-0.28119186,-0.27899116,-0.27410558,-0.27202192,-0.2699455,-0.26791146,-0.26142472,-0.25954556,-0.25770807,-0.2557956,-0.2539198,-0.25194582,-0.24992643,-0.24787293,-0.24588603,-0.24094701,-0.23703745,-0.23573628,-0.22981147,-0.22854312,-0.22703604,-0.22527038,-0.2233351,-0.22118667,-0.21873122,-0.21235827,-0.20938908,-0.20612265,-0.19928561,-0.19548933,-0.18778911,-0.18251918,-0.17619719,-0.16938554,-0.16183248,-0.15324117,-0.14383239,-0.13234438,-0.11895798,-0.102293395,-0.08746608,-0.068696596,-0.037408527,0.015122678,0.07589178,0.13029763,0.14414684,0.14494403,0.14728686,0.15294442,0.15590015,0.16765179,0.18111464,0.18908983,0.21564548,0.23626065,0.25982183,0.28788,0.31846803,1.6283283,1.7778457,1.9234478,2.1007075,2.2558937,2.399016,2.5414424,2.652983,2.6809506,2.673551,2.595614,2.479614,2.2210197,1.7680757,1.1436516,0.5833561,0.1668612,-0.08176406,-0.17965916,-0.22072808,-0.23777509,-0.22945641,-0.22852366,-0.22539628,-0.22032669,-0.2168525,-0.2055581,-0.19529712,-0.20711471,-0.1877186,-0.16700947,-0.14580989,-0.124628134,-0.10377494,-0.08344473,-0.06374255,-0.044753868,-0.025401145,-0.008627676,0.009075843,0.023660788,0.037385993,0.050250188,0.061950997,0.07276972,0.08269656,0.091605276,0.10086663,0.10846221,0.120517254,0.12704997,0.13717525,0.14226921,0.15524404,0.15957133,0.17437337,0.17544186,0.18113144,0.1898221,0.20169738,0.20001052,0.20638363,0.21471633,0.21375181,0.22954287,0.22756653,0.23343837,0.24314745,0.24589068,0.25517818,0.27591854,0.2829764,0.2814907,0.29977947,0.30434155,0.3153379,0.32023588,0.31685385,0.31841427,0.32690564,0.3091361,0.31837612,0.2970311,0.31132576,0.2986393,0.2857534,0.26533496,0.22668192,0.21106619,0.1894171,0.1681252,0.17050263,0.17089562,-0.1412604,-0.13668096,0.18830203,0.19722773,0.20945014,0.21239232,0.21260795,-0.13221377,0.21307299,-0.13449998,-0.1305118,-0.1262957,-0.12434326,-0.11969042,-0.11899948,-0.11675376,-0.11653656,-0.11004062,-0.10611877,-0.103527084,0.30108368,0.31623492,0.32799736,0.335158,0.3756946,0.38361263,0.3804449,0.38686255,0.35028186,0.3474305,0.3267162,0.32717004,0.321596,0.33525187,0.3149794,0.31689635,0.3260458,0.30904904,0.30202067,0.32992068,0.2958056,0.3338348,0.31605375,0.3335195,0.33426312,0.3358011,0.3459036,0.32905465,0.3064258,-0.14556946,-0.14640518,-0.14872026,-0.1407029,-0.13524494,-0.13606384,-0.14509831,-0.13766606,-0.1424495,-0.14503,-0.15415508,-0.14726171,-0.15515201,-0.15683717,-0.16021407,-0.16372015,-0.16644144,-0.17087027,-0.17240801,-0.17801957,-0.1826124,-0.18719046,-0.19375639,-0.19997033,-0.20562854,-0.21181951,-0.2173266,-0.22155173,-0.21350075,-0.215334,-0.21619022,-0.20594549,-0.20763299,-0.20927753,-0.21073362,-0.21147451,-0.21092345,-0.20796357,-0.20406212,-0.20025995,-0.19626334,-0.19219004,-0.18842864,-0.18509239,-0.18274069,-0.18035777,-0.1784009,-0.17762154,-0.17129974,-0.17057015,-0.17012738,-0.1638009,-0.16153201,-0.16040418,-0.15885071,-0.15688868,-0.15478191,-0.15313359,-0.15259312,-0.14826372,-0.14490315,-0.14443219,-0.14384401,-0.14191195,-0.13805954,-0.13501303,-0.13438997,-0.13902852,-0.14473207,-0.14841294,-0.15090899,-0.14784287,-0.14944172,-0.15019941,-0.14604723,-0.14660536,-0.14697981,-0.14690442,-0.14656505,-0.14621662,-0.14571391,-0.14522849,-0.14461775,-0.14384095,-0.14301272,-0.14216425,-0.14123538,-0.14025311,-0.13924581,-0.13819996,-0.13707486,-0.13592605,-0.13476555,-0.13359636,-0.13238883,-0.13118611,-0.1299973,-0.12888245,-0.12783676,-0.1267555,-0.11863976,-0.11758201,-0.11654212,-0.1154844,-0.11447868,-0.11348763,-0.11253412,-0.111564636,-0.11059155,-0.109625146,-0.10869197,-0.107798666,-0.10688836,-0.106011674,-0.10518398,-0.10441586,-0.103563376,-0.10266546,-0.10179129,-0.10094489,-0.09348604,-0.09273775,-0.09198653,-0.091236256,-0.090489835,-0.08975868,-0.089035474,-0.088297516,-0.08753298,-0.08680913,-0.08610993,-0.08540525,-0.08470879,-0.084021606,-0.08334055,-0.08267601,-0.08200645,-0.08133614,-0.08068554,-0.08004566,-0.0793838,-0.07870645,-0.07803208,-0.07736615,-0.07669014,-0.07601414,-0.07540815,-0.07483445,-0.07425381,-0.073654324,-0.07308537,-0.06905585,-0.068474166,-0.067889646,-0.06732588,-0.0667919,-0.06628377,-0.06575179,-0.06522706,-0.06470777,-0.06419394,-0.06370019,-0.06321754,-0.06274151,-0.06225406,-0.061767437,-0.061277274,-0.060812104,-0.060348663,-0.05989475,-0.059461184,-0.059034538,-0.05861732,-0.05818309,-0.05775726,-0.057309132,-0.056850642,-0.05638398,-0.05593215,-0.05553675,-0.055199407,-0.054898206,-0.054619987,-0.054320976,-0.053964436,-0.053545248,-0.053085074,-0.052573465,-0.051988132,-0.05133445,-0.050613075,-0.049818777,-0.048970938,-0.048032694,-0.046855994,-0.045535296,-0.043953393,-0.04225346,-0.040374305,-0.0382445,-0.035923436,-0.03310206,-0.029833805,-0.026047511,-0.020933274,-0.015627446,-0.009092174,0.0018205068,0.014194026,0.02484562,0.026748264,0.025854005,0.025215186,0.025154771,0.024491863,0.025415944,0.026503222,0.026428932,0.029443638,0.03106677,0.0328485,0.034985512,0.037057504,0.2266374,0.2325825,0.23350312,0.23387963,0.22666848,0.21729343,0.20198134,0.18204804,0.15605348,0.12854722,0.10205465,0.07937096,0.054889664,0.02824359,0.008626397,-0.00032099208,-0.002840856,-0.0031975461,-0.0009918201,-0.0035574078,-0.00189114,-0.0017131546,-0.003007059,-0.0018084145,-0.00051970634,-0.0012235718,-0.0018033821,-0.0034197862,-0.05576165,-0.04965267,-0.04337485,-0.03709959,-0.030930305,-0.024926642,-0.019125918,-0.013544368,-0.008188527,-0.0030623255,0.0018426112,0.0065324586,0.011013928,0.015305559,0.019415742,0.023339985,0.02710269,0.03060902,0.033802163,0.036792893,0.03958845,0.04537362,0.047971606,0.050378013,0.052726787,0.05749487,0.062396258,0.06834082,0.07373691,0.07772503,0.078353964,0.08173475,0.08310158,0.08472129,0.085384026,0.0901397,0.091451086,0.08837109,0.10033321,0.1010956,0.10029237,0.104731746,0.10842858,0.10729048,0.109982535,0.1086592,0.12207084,0.0921319,0.09069071,0.08443977,0.08169675,0.09079166,0.08747272,0.08436805,0.08365759,0.08552764,0.076262996,0.06987786,0.06789566,0.058356978,0.051838167,0.04629046,0.037596714,0.041791268,0.045524433,-0.03684793,-0.036152802,0.049930792,0.05347008,0.05580981,0.058642942,0.057900734,-0.03601868,0.05739016,-0.035064384,-0.03617314,-0.033178642,-0.033230513,-0.03213968,-0.03163923,-0.030664338,-0.030676194,-0.02967418,-0.02745168,-0.025905518,0.08611883,0.08375056,0.09130796,0.09089031,0.09399024,0.09306359,0.11751548,0.119055904,0.10766015,0.10125202,0.092681706,0.091253564,0.091422625,0.083934054,0.07677749,0.08559723,0.07838398,0.089635774,0.0907175,0.07356594,0.07744038,0.07516362,0.076144695,0.07046337,0.059161868,0.050538145,0.056747556,0.062561676,0.044937648,-0.04188319,-0.04243645,-0.041300163,-0.041377135,-0.040237654,-0.041430816,-0.04129079,-0.03992943,-0.043394834,-0.042051822,-0.043354113,-0.04141222,-0.04518709,-0.045156837,-0.047039445,-0.04950162,-0.047821335,-0.04800949,-0.0506108,-0.051161796,-0.053171974,-0.05300981,-0.05487357,-0.05680151,-0.05806041,-0.05969145,-0.061297476,-0.062247857,-0.063051894,-0.06359301,-0.063855104,-0.06418349,-0.06469873,-0.06523411,-0.06569161,-0.065935306,-0.065780535,-0.064878985,-0.0636614,-0.062451195,-0.061163254,-0.059839707,-0.05858991,-0.057464607,-0.05664931,-0.055833858,-0.055158336,-0.05487949,-0.054716874,-0.054462235,-0.05431006,-0.053905874,-0.053112593,-0.052719522,-0.05218196,-0.051486816,-0.050733425,-0.050135106,-0.0499296,-0.04839373,-0.047130637,-0.046909317,-0.04668042,-0.04597281,-0.044496726,-0.043309018,-0.04303915,-0.044821724,-0.047088377,-0.04344552,-0.04441181,-0.045255996,-0.045897108,-0.04623424,-0.046577357,-0.046814933,-0.046976704,-0.046976767,-0.04688165,-0.04677863,-0.046621054,-0.046466168,-0.046268176,-0.046014357,-0.045743205,-0.045465264,-0.045161262,-0.04484048,-0.044512145,-0.04417192,-0.043807425,-0.043435965,-0.04306139,-0.042684697,-0.042297058,-0.0419115,-0.041530803,-0.04117313,-0.040836822,-0.04049016,-0.04013106,-0.039773576,-0.03942223,-0.039065637,-0.03872592,-0.038391173,-0.038068585,-0.03774127,-0.037413135,-0.037087414,-0.036772393,-0.03647014,-0.0361628,-0.035866223,-0.03558518,-0.035322938,-0.035034534,-0.03473219,-0.0344375,-0.03415169,-0.033873644,-0.033602253,-0.03333008,-0.03305843,-0.03278826,-0.03252336,-0.032261282,-0.031994496,-0.031719096,-0.0314574,-0.031204076,-0.030949121,-0.030697076,-0.027085532,-0.02686619,-0.026651869,-0.02643622,-0.026220508,-0.026010744,-0.025804292,-0.025591534,-0.025374385,-0.025158266,-0.024944782,-0.024728475,-0.02451231,-0.024316872,-0.024131067,-0.023943365,-0.023750272,-0.023566289,-0.023376685,-0.023180712,-0.022983987,-0.022793798,-0.022612939,-0.022440186,-0.022260213,-0.022082593,-0.02190678,-0.021732777,-0.021565096,-0.021400962,-0.021238986,-0.021073606,-0.020908607,-0.020742634,-0.02058449,-0.020427005,-0.02027258,-0.020124549,-0.019978754,-0.019835975,-0.019688075,-0.019542882,-0.019390937,-0.01923591,-0.019078452,-0.018925648,-0.018790362,-0.018673118,-0.018567156,-0.018468432,-0.018363431,-0.01824078,-0.018098868,-0.017944401,-0.017774146,-0.017581228,-0.017367266,-0.01713245,-0.016875125,-0.016601287,-0.016299538,-0.015924064,-0.015504023,-0.015003116,-0.014465606,-0.013872529,-0.013201743,-0.009183412,-0.00853142,-0.0077772858,-0.006904739,-0.006077703,-0.005039455,-0.0033159228,-0.00044227217,0.002816479,0.005624876,0.0061365967,0.0059158513,0.0057655913,0.005771441,0.0056230696,0.005897879,0.0062219496,0.0062447633,0.007093774,0.0075852023,0.008130165,0.008785018,0.009440681,0.06089979,0.06286807,0.0636359,0.06445115,0.063393824,0.061914675,0.05888914,0.054980412,0.0493351,0.043338574,0.037694793,0.032966938,0.027844062,0.020477869,0.012669361,0.006406578,0.0036551678,0.0020722903,0.0023032296,0.0012215066,0.0020117112,0.0024006672,0.002661675,0.0026785508,0.0022505617,0.0026021325,0.0031431632,0.0035929563,-0.00796595,-0.007476582,-0.006936077,-0.0063712327,-0.0057988977,-0.0052300785,-0.0046720607,-0.004129193,-0.0036042142,-0.003100557,-0.002618567,-0.0021596174,-0.0017247226,-0.0013131549,-0.00092501636,-0.00055993476,-0.0002181913,0.00010113616,0.00039767532,0.0006732044,0.00092727854,0.0011602325,0.0013720865,0.0015650012,0.001740017,0.0018986505,0.0020421962,0.0021752545,0.0022936845,0.0023931672,0.0024638565,0.0027304743,0.0028241249,0.0028838348,0.0029186255,0.0030900124,0.0032254301,0.0029818541,0.0029808267,0.0030537837,0.0030504481,0.0032940228,0.0036751668,0.0036612484,0.003906331,0.004081788,0.003858913,0.0036845792,0.0035972735,0.0034105189,0.00316817,0.0031206356,0.0029069546,0.0028168834,0.0024813735,0.0021692796,0.0019967097,0.0015083116,0.0010368507,0.00040492974,2.3770379e-05,-0.00028687308,-0.000506624,-0.00033542374,-0.00014307094,-0.0058671106,-0.0057491884,0.0006346919,0.0009672211,0.0012833131,0.001489507,0.0015293914,-0.0053944085,0.0017461055,-0.005295052,-0.005236635,-0.00512587,-0.0050570956,-0.004963694,-0.004920068,-0.0048275148,-0.004764329,-0.0046338104,-0.0044793272,-0.0043228744,0.004418454,0.0046505863,0.005010061,0.0051947124,0.005873533,0.006466273,0.005519542,0.005287528,0.0050006416,0.004736731,0.006415811,0.006674434,0.00677053,0.00670094,0.0049275565,0.0071335128,0.0042838687,0.008253166,0.0050222576,0.003987588,0.008428857,0.008232998,0.005694275,0.010467109,0.01031491,0.011650736,0.009632451,0.011205782,0.010421069,-0.0037653362,-0.0037686096,-0.0037182267,-0.0037428755,-0.0037845843,-0.0038404814,-0.0039210916,-0.003994329,-0.0047226856,-0.0035961843,-0.0048556123,-0.0037487387,-0.0040818304,-0.0045529017,-0.004459643,-0.0054951785,-0.00517142,-0.0049367417,-0.0051214406,-0.0053152414,-0.0056597944,-0.005686076,-0.0058900146,-0.006086622,-0.006286757,-0.006489218,-0.0066991607,-0.006861816,-0.006965506,-0.007040729,-0.007075764,-0.0071172044,-0.007180919,-0.0072466526,-0.0073035564,-0.0073360717,-0.0073218234,-0.0072191944,-0.0070825424,-0.006945339,-0.0068005226,-0.006652394,-0.0065115876,-0.006385276,-0.006295838,-0.0062077576,-0.006135674,-0.0061091064,-0.0060958136,-0.0060721105,-0.0060587022,-0.006015283,-0.0059292214,-0.0058851745,-0.0058249235,-0.0057474715,-0.0056636226,-0.0055962997,-0.0055722175,-0.0054019224,-0.0052594207,-0.0052288463,-0.005200937,-0.0051246844,-0.0049631735,-0.0048327567,-0.0048028794,-0.0050010886,-0.0052521187,-0.005423198,-0.0055450597,-0.005651222,-0.0057313354,-0.0057732426,-0.0058153635,-0.005844196,-0.005863463,-0.0058627436,-0.0058502154,-0.0058366004,-0.005816227,-0.0057961475,-0.005770752,-0.0057385643,-0.0057042544,-0.0056691356,-0.005630861,-0.005590531,-0.0055492977,-0.005506711,-0.0054612174,-0.0054148715,-0.00536817,-0.005321235,-0.0052730246,-0.0052250936,-0.005177769,-0.005133212,-0.0050912257,-0.005048031,-0.0050033806,-0.004958947,-0.0049152668,-0.004870993,-0.004828727,-0.0047870786,-0.0047468967,-0.0047061746,-0.0046653757,-0.0046248827,-0.0045856815,-0.0045480123,-0.004509757,-0.0044727935,-0.0044376887,-0.0044048256,-0.004368881,-0.0043313038,-0.004294652,-0.0042590657,-0.0042244126,-0.004190561,-0.004156634,-0.0041227844,-0.0040891245,-0.0040561017,-0.0040234253,-0.003990206,-0.0039559845,-0.0039233966,-0.0038918126,-0.0038600506,-0.0038286464,-0.0037976403,-0.00376691,-0.0037368578,-0.0037066413,-0.00367643,-0.0036470208,-0.0036180639,-0.003588284,-0.003557935,-0.0035277356,-0.0034978976,-0.0034676963,-0.0034375233,-0.0034101158,-0.0033839997,-0.003357644,-0.0033305846,-0.0033047465,-0.003278173,-0.0032507638,-0.003223265,-0.003196645,-0.0031712763,-0.0031469956,-0.0031217667,-0.0030968608,-0.003072205,-0.0030478,-0.0030242463,-0.0030011728,-0.0029783961,-0.0029551778,-0.0029320195,-0.002908742,-0.0028865142,-0.002864385,-0.0028426717,-0.0028218178,-0.0028012693,-0.0027811308,-0.0027603223,-0.0027398826,-0.0027185567,-0.0026968312,-0.0026747892,-0.002653372,-0.002634292,-0.0026176202,-0.0026024578,-0.0025882677,-0.0025732538,-0.002555902,-0.0025359967,-0.002514431,-0.0024907733,-0.0024641114,-0.002434658,-0.002402437,-0.0023672245,-0.0023298208,-0.0022887099,-0.0022377945,-0.0021809523,-0.002113352,-0.0020408842,-0.0019610215,-0.0018708189,-0.0017727211,-0.0016539817,-0.0015167892,-0.0013582145,-0.001207863,-0.0010193569,-0.0007070192,-0.0001869027,0.00040267804,0.000910842,0.001004127,0.00096524257,0.0009393322,0.0009419293,0.00091708737,0.00096914184,0.0010305732,0.0010379765,0.001195624,0.0012893304,0.0013936964,0.0015193764,0.0016467099,0.011063411,0.011443794,0.011619472,0.011819024,0.011690981,0.011496282,0.0110417735,0.010380716,0.009262868,0.00843724,0.0074435095,0.006616055,0.0056610745,0.004256187,0.0025946377,0.0004319782,-0.00027092977,-0.00045685688,0.0005014568,0.00036101107,0.00026878045,0.00032435852,0.0003268367,0.00032071152,-0.00077046274,0.0003451539,0.00044214516,0.0005255516,0.0,0.0,0.0,0.0,0.0,0.0,0.0,0.0,0.0,0.0,0.0,0.0,0.0,0.0,0.0,0.0,0.0,0.0,0.0,0.0,0.0,0.0,0.0,0.0,0.0,0.0,0.0,0.0,0.0,0.0,0.0,0.0,0.0,0.0,0.0,0.0,0.0,0.0,0.0,0.0,0.0,0.0,0.0,0.0,0.0,0.0,0.0,0.0,0.0,0.0,0.0,0.0,0.0,0.0,0.0,0.0,0.0,0.0,0.0,0.0,0.0,0.0,0.0,0.0,0.0,0.0,0.0,0.0,0.0,0.0,0.0,0.0,0.0,0.0,0.0,0.0,0.0,0.0,0.0,0.0,0.0,0.0,0.0,0.0,0.0,0.0,0.0,0.0,0.0,0.0,0.0,0.0,0.0,0.0,0.0,0.0,0.0,0.0,0.0,0.0,0.0,0.0,0.0,0.0,0.0,0.0,0.0,0.0,0.0,0.0,0.0,0.0,0.0,0.0,0.0,0.0,0.0,0.0,0.0,0.0,0.0,0.0,0.0,0.0,0.0,0.0,0.0,0.0,0.0,0.0,0.0,0.0,0.0,0.0,0.0,0.0,0.0,0.0,0.0,0.0,0.0,0.0,0.0,0.0,0.0,0.0,0.0,0.0,0.0,0.0,0.0,0.0,0.0,0.0,0.0,0.0,0.0,0.0,0.0,0.0,0.0,0.0,0.0,0.0,0.0,0.0,0.0,0.0,0.0,0.0,0.0,0.0,0.0,0.0,0.0,0.0,0.0,0.0,0.0,0.0,0.0,0.0,0.0,0.0,0.0,0.0,0.0,0.0,0.0,0.0,0.0,0.0,0.0,0.0,0.0,0.0,0.0,0.0,0.0,0.0,0.0,0.0,0.0,0.0,0.0,0.0,0.0,0.0,0.0,0.0,0.0,0.0,0.0,0.0,0.0,0.0,0.0,0.0,0.0,0.0,0.0,0.0,0.0,0.0,0.0,0.0,0.0,0.0,0.0,0.0,0.0,0.0,0.0,0.0,0.0,0.0,0.0,0.0,0.0,0.0,0.0,0.0,0.0,0.0,0.0,0.0,0.0,0.0,0.0,0.0,0.0,0.0,0.0,0.0,0.0,0.0,0.0,0.0,0.0,0.0,0.0,0.0,0.0,0.0,0.0,0.0,0.0,0.0,0.0,0.0,0.0,0.0,0.0,0.0,0.0,0.0,0.0,0.0,0.0,0.0,0.0,0.0,0.0,0.0,0.0,0.0,0.0,0.0,0.0,0.0,0.0,0.0,0.0,0.0,0.0,0.0,0.0,0.0,0.0,0.0,0.0,0.0,0.0,0.0,0.0,0.0,0.0,0.0,0.0,0.0,0.0,0.0,0.0,0.0,0.0,0.0,0.0,0.0,0.0,0.0,0.0,0.0,0.0,0.0,0.0,0.0,0.0,0.0,0.0,0.0,0.0,0.0,0.0,0.0,0.0,0.0,0.0,0.0,0.0,0.0,0.0,0.0,0.0,0.0,0.0,0.0,0.0,0.0,0.0,0.0,0.0,0.0,0.0,0.0,0.0,0.0,0.0,0.0,0.0,0.0,0.0,0.0,0.0,0.0,0.0,0.0,0.0,0.0,0.0,0.0,0.0,0.0,0.0,0.0,0.0,0.0,0.0,0.0,0.0,0.0,0.0,0.0,0.0,0.0,0.0,0.0,0.0,0.0,0.0,0.0,0.0,0.0,0.0,0.0,0.0,0.0,0.0,0.0,0.0,0.0,0.0,0.0,0.0,0.0,0.0,0.0,0.0,0.0,0.0,0.0,0.0,0.0,0.0,0.0,0.0,0.0,0.0,0.0,0.0,0.0,0.0,0.0,0.0,0.0,0.0,0.0,0.0,0.0,0.0,0.0,0.0,0.0,0.0,0.0,0.0,0.0,0.0,0.0,0.0,0.0,0.0,0.0,0.0,0.0,0.0,0.0,0.0,0.0,0.0,0.0,0.0,0.0,0.0,0.0,0.0,0.0,0.0,0.0,0.0,0.0,0.0,0.0,0.0,0.0,0.0,0.0,0.0,0.0,0.0,0.0,0.0,0.0,0.0,0.0,0.0,0.0,0.0,0.0,0.0,0.0,0.0,0.0,0.0,0.0,0.0,0.0,0.0,0.0,0.0,0.0,0.0,0.0,0.0,0.0,0.0,0.0,0.0,0.0,0.0,0.0,0.0,0.0,0.0,0.0,0.0,0.0,0.0,0.0,0.0,0.0,0.0,0.0,0.0,0.0,0.0,0.0,0.0,0.0,0.0,0.0,0.0,0.0,0.0,0.0,0.0,0.0,0.0,0.0,0.0,0.0,0.0,0.0,0.0,0.0,0.0,0.0,0.0,0.0,0.0,0.0,0.0,0.0,0.0,0.0,0.0,0.0,0.0,0.0,0.0,0.0,0.0,0.0,0.0,0.0,0.0,0.0,0.0,0.0,0.0,0.0,0.0,0.0,0.0,0.0,0.0,0.0,0.0,0.0,0.0,0.0,0.0,0.0,0.0,0.0,0.0,0.0,0.0,0.0,0.0,0.0,0.0,0.0,0.0,0.0,0.0,0.0,0.0,0.0,0.0,0.0,0.0,0.0,0.0,0.0,0.0,0.0,0.0,0.0,0.0,0.0,0.0,0.0,0.0,0.0,0.0,0.0,0.0,0.0,0.0,0.0,0.0,0.0,0.0,0.0,0.0,0.0,0.0,0.0,0.0,0.0,0.0,0.0,0.0,0.0,0.0,0.0,0.0,0.0,0.0,0.0,0.0,0.0,0.0,0.0,0.0,0.0,0.0,0.0,0.0,0.0,0.0,0.0,0.0,0.0,0.0,0.0,0.0,0.0,0.0,0.0,0.0,0.0,0.0,0.0,0.0,0.0,0.0,0.0,0.0,0.0,0.0,0.0,0.0,0.0,0.0,0.0,0.0,0.0,0.0,0.0,0.0,0.0,0.0,0.0,0.0,0.0,0.0,0.0,0.0,0.0,0.0,0.0,0.0,0.0,0.0,0.0,0.0,0.0,0.0,0.0,0.0,0.0,0.0,0.0,0.0,0.0,0.0,0.0,0.0,0.0,0.0,0.0,0.0,0.0,0.0,0.0,0.0,0.0,0.0,0.0,0.0,0.0,0.0,0.0,0.0,0.0,0.0,0.0,0.0,0.0,0.0,0.0,0.0,0.0,0.0,0.0,0.0,0.0,0.0,0.0,0.0,0.0,0.0,0.0,0.0,0.0,0.0,0.0,0.0,0.0,0.0,0.0,0.0,0.0,0.0,0.0,0.0,0.0,0.0,0.0,0.0,0.0,0.0,0.0,0.0,0.0,0.0,0.0,0.0,0.0,0.0,0.0,0.0,0.0,0.0,0.0,0.0,0.0,0.0,0.0,0.0,0.0,0.0,0.0,0.0,0.0,0.0,0.0,0.0,0.0,0.0,0.0,0.0,0.0,0.0,0.0,0.0,0.0,0.0,0.0,0.0,0.0,0.0,0.0,0.0,0.0,0.0,0.0,0.0,0.0,0.0,0.0,0.0,0.0,0.0,0.0,0.0,0.0,0.0,0.0,0.0,0.0,0.0,0.0,0.0,0.0,0.0,0.0,0.0,0.0,0.0,0.0,0.0,0.0,0.0,0.0,0.0,0.0,0.0,0.0,0.0,0.0,0.0,0.0,0.0,0.0,0.0,0.0,0.0,0.0,0.0,0.0,0.0,0.0,0.0,0.0,0.0,0.0,0.0,0.0,0.0,0.0,0.0,0.0,0.0,0.0,0.0,0.0,0.0,0.0,0.0,0.0,0.0,0.0,0.0,0.0,0.0,0.0,0.0,0.0,0.0,0.0,0.0,0.0,0.0,0.0,0.0,0.0,0.0,0.0,0.0,0.0,0.0,0.0,0.0,0.0,0.0,0.0,0.0,0.0,0.0,0.0,0.0,0.0,0.0,0.0,0.0,0.0,0.0,0.0,0.0,0.0,0.0,0.0,0.0,0.0,0.0,0.0,0.0,0.0,0.0,0.0,0.0,0.0,0.0,0.0,0.0,0.0,0.0,0.0,0.0,0.0,0.0,0.0,0.0,0.0,0.0,0.0,0.0,0.0,0.0,0.0,0.0,0.0,0.0,0.0,0.0,0.0,0.0,0.0,0.0,0.0,0.0,0.0,0.0,0.0,0.0,0.0,0.0,0.0,0.0,0.0,0.0,0.0,0.0,0.0,0.0,0.0,0.0,0.0,0.0,0.0,0.0,0.0,0.0,0.0,0.0,0.0,0.0,0.0,0.0,0.0,0.0,0.0,0.0,0.0,0.0,0.0,0.0,0.0,0.0,0.0,0.0,0.0,0.0,0.0,0.0,0.0,0.0,0.0,0.0,0.0,0.0,0.0,0.0,0.0,0.0,0.0,0.0,0.0,0.0,0.0,0.0,0.0,0.0,0.0,0.0,0.0,0.0,0.0,0.0,0.0,0.0,0.0,0.0,0.0,0.0,0.0,0.0,0.0,0.0,0.0,0.0,0.0,0.0,0.0,0.0,0.0,0.0,0.0,0.0,0.0,0.0,0.0,0.0,0.0,0.0,0.0,0.0,0.0,0.0,0.0,0.0,0.0,0.0,0.0,0.0,0.0,0.0,0.0,0.0,0.0,0.0,0.0,0.0,0.0,0.0,0.0,0.0,0.0,0.0,0.0,0.0,0.0,0.0,0.0,0.0,0.0,0.0,0.0,0.0,0.0,0.0,0.0,0.0,0.0,0.0,0.0,0.0,0.0,0.0,0.0,0.0,0.0,0.0,0.0,0.0,0.0,0.0,0.0,0.0,0.0,0.0,0.0,0.0,0.0,0.0,0.0,0.0,0.0,0.0,0.0,0.0,0.0,0.0,0.0,0.0,0.0,0.0,0.0,0.0,0.0,0.0,0.0,0.0,0.0,0.0,0.0,0.0,0.0,0.0,0.0,0.0,0.0,0.0,0.0,0.0,0.0,0.0,0.0,0.0,0.0,0.0,0.0,0.0,0.0,0.0,0.0,0.0,0.0,0.0,0.0,0.0,0.0,0.0,0.0,0.0,0.0,0.0,0.0,0.0,0.0,0.0,0.0,0.0,0.0,0.0,0.0,0.0,0.0,0.0,0.0,0.0,0.0,0.0,0.0,0.0,0.0,0.0,0.0,0.0,0.0,0.0,0.0,0.0,0.0,0.0,0.0,0.0,0.0,0.0,0.0,0.0,0.0,0.0,0.0,0.0,0.0,0.0,0.0,0.0,0.0,0.0,0.0,0.0,0.0,0.0,0.0,0.0,0.0,0.0,0.0,0.0,0.0,0.0,0.0,0.0,0.0,0.0,0.0,0.0,0.0,0.0,0.0,0.0,0.0,0.0,0.0,0.0,0.0,0.0,0.0,0.0,0.0,0.0,0.0,0.0,0.0,0.0,0.0,0.0,0.0,0.0,0.0,0.0,0.0,0.0,0.0,0.0,0.0,0.0,0.0,0.0,0.0,0.0,0.0,0.0,0.0,0.0,0.0,0.0,0.0,0.0,0.0,0.0,0.0,0.0,0.0,0.0,0.0,0.0,0.0,0.0,0.0,0.0,0.0,0.0,0.0,0.0,0.0,0.0,0.0,0.0,0.0,0.0,0.0,0.0,0.0,0.0,0.0,0.0,0.0,0.0,0.0,0.0,0.0,0.0,0.0,0.0,0.0,0.0,0.0,0.0,0.0,0.0,0.0,0.0,0.0,0.0,0.0,0.0,0.0,0.0,0.0,0.0,0.0,0.0,0.0,0.0,0.0,0.0,0.0,0.0,0.0,0.0,0.0,0.0,0.0,0.0,0.0,0.0,0.0,0.0,0.0,0.0,0.0,0.0,0.0,0.0,0.0,0.0,0.0,0.0,0.0,0.0,0.0,0.0,0.0,0.0,0.0,0.0,0.0,0.0,0.0,0.0,0.0,0.0,0.0,0.0,0.0,0.0,0.0,0.0,0.0,0.0,0.0,0.0,0.0,0.0,0.0,0.0,0.0,0.0,0.0,0.0,0.0,0.0,0.0,0.0,0.0,0.0,0.0,0.0,0.0,0.0,0.0,0.0,0.0,0.0,0.0,0.0,0.0,0.0,0.0,0.0,0.0,0.0,0.0,0.0,0.0,0.0,0.0,0.0,0.0,0.0,0.0,0.0,0.0,0.0,0.0,0.0,0.0,0.0,0.0,0.0,0.0,0.0,0.0,0.0,0.0,0.0,0.0,0.0,0.0,0.0,0.0,0.0,0.0,0.0,0.0,0.0,0.0,0.0,0.0,0.0,0.0,0.0,0.0,0.0,0.0,0.0,0.0,0.0,0.0,0.0,0.0,0.0,0.0,0.0,0.0,0.0,0.0,0.0,0.0,0.0,0.0,0.0,0.0,0.0,0.0,0.0,0.0,0.0,0.0,0.0,0.0,0.0,0.0,0.0,0.0
Tax94,0.0,-1.1675243,-0.9246942,-0.624119,-0.28943756,0.07353156,0.45722187,0.8569968,1.2701509,1.695084,2.1311095,2.5777013,3.0333045,3.49468,3.9610753,4.424361,4.888926,5.3287034,5.7846227,6.103647,6.52828,6.823312,7.2119884,7.7177515,8.115444,8.503706,8.940612,9.433936,9.957015,10.288688,10.824954,11.240247,11.900568,12.506668,13.099428,13.6464815,14.473299,15.262747,15.912079,16.44823,17.1828,17.990364,19.074083,20.113316,20.433987,21.872873,22.799206,23.343641,24.04138,24.859173,25.938156,26.677353,27.845425,28.029917,29.194782,29.877144,30.18013,31.361801,31.388653,31.522755,31.125431,30.775354,31.12912,31.753202,33.30302,34.53615,18.84143,20.245523,40.24917,42.458168,44.29341,45.405853,46.68128,25.661137,50.539726,27.961502,28.925571,30.550207,32.1203,33.62144,34.96652,36.322205,37.37343,39.22967,41.4884,43.76077,83.420525,87.534996,91.982544,96.51557,101.72086,107.715485,113.352356,117.99686,120.27826,122.40145,124.92866,129.00385,132.7702,136.83804,140.22987,143.6829,147.77982,152.80038,158.28288,161.50381,165.90038,171.25627,176.11945,180.84558,185.21948,190.23834,195.13654,197.15263,197.79962,105.289856,107.69229,110.69013,111.885124,112.43898,112.94819,112.70924,111.973045,111.254845,110.7694,110.02105,108.572296,104.28951,100.017235,97.3422,94.06035,91.07382,88.29454,84.73231,80.29425,75.4835,70.379196,64.70964,59.023552,53.35869,46.797443,40.261116,34.27379,29.648834,25.671955,22.896448,19.75122,15.548386,11.354193,7.443817,4.643698,4.2709646,8.577128,13.896856,18.202147,22.615503,26.623964,29.615774,31.780046,32.26292,32.781483,32.8123,31.136585,29.314137,28.208422,26.842037,26.809256,28.505724,28.135267,28.580704,29.831745,31.216394,31.487068,30.174303,34.382847,36.61121,34.75197,33.204514,33.99008,37.007347,38.392406,36.490715,28.544641,19.463484,13.134314,8.329872,3.6635337,-0.36440536,-2.9114785,-5.94593,-8.530111,-10.86321,-12.255255,-13.067832,-14.029167,-14.717478,-15.685982,-16.38805,-16.6051,-16.428846,-16.662619,-16.647165,-16.273174,-16.082506,-16.14006,-16.247845,-16.00391,-15.603393,-15.132736,-14.702491,-14.1948185,-13.46281,-12.851931,-12.122079,-11.44675,-10.695162,-10.158971,-9.6345415,-9.129849,-8.702876,-8.127187,-7.715362,-7.2215652,-6.787855,-6.3622284,-5.7978745,-5.4331164,-5.082408,-4.6523547,-4.2088737,-3.9935172,-3.7106636,-3.474772,-3.231588,-2.9286542,-2.7161846,-2.515524,-2.3619864,-2.1595767,-1.9766295,-1.8639712,-1.7373338,-1.6134464,-1.4691886,-1.3566421,-1.2614563,-1.1716276,-1.0593522,-0.98746157,-0.9534185,-0.9098885,-0.8019136,-0.75495213,-0.6891986,-0.6568218,-0.62949145,-0.6135314,-0.57282794,-0.53783995,-0.5049866,-0.48214844,-0.46869132,-0.43643165,-0.42291203,-0.40770993,-0.36123654,-0.33435592,-0.2981067,-0.27052656,-0.26007876,-0.24783747,-0.23533377,-0.223097,-0.20385626,-0.19452862,-0.17591311,-0.16211501,-0.14108105,-0.13376184,-0.12659459,-0.11713042,-0.11557373,-0.113827616,-0.11210862,-0.09594816,-0.094260976,-0.092546955,-0.090767235,-0.08918742,-0.08754694,-0.07894921,-0.06753376,-0.05291881,-0.05223659,-0.05114181,-0.04951085,-0.03650764,-0.034198985,-0.02625279,-0.02352824,-0.021020414,-0.01882578,-0.015831383,-0.012456376,-0.008867236,-0.0050730202,-0.00080670416,0.0036240793,0.008572247,0.015172954,0.022451954,0.03136765,0.0409588,0.05176112,0.064381085,0.078709625,0.076729424,0.07552795,0.062222686,0.074425064,0.09058031,0.11718665,0.16228797,0.14855367,0.19421464,0.22833568,0.26056373,0.29840916,0.34456655,0.3953258,0.4628308,0.54411995,0.63312346,0.7669712,0.9196197,1.1116802,1.3562639,1.6635897,3.3166275,4.4437695,5.818282,7.4274673,9.785093,11.524725,14.049813,16.436522,19.69107,21.859774,23.732412,23.399496,21.535896,18.618591,12.680932,7.3206716,3.3028333,1.0718079,0.18338023,-0.09742679,-0.17288661,-0.13635485,-0.059303846,0.0096190795,0.07433898,0.1631761,0.26306248,0.36562142,-0.81726706,-0.70073724,-0.5632965,-0.4083622,-0.25687766,-0.103570536,0.049488805,0.20124145,0.35085547,0.49790806,0.642208,0.78354156,0.92208743,1.0574508,1.1899562,1.3196177,1.4519781,1.5719084,1.6882831,1.8121042,1.9211503,2.0257955,2.1259189,2.218083,2.3099854,2.3693807,2.4349396,2.5048304,2.6170406,2.6702104,2.7606783,2.8372498,2.9530158,3.0281794,3.163713,3.3354228,3.385734,3.4160728,3.590031,3.7692008,3.9218624,4.2458553,4.47748,4.658407,4.701923,4.8094845,4.8335533,4.9210153,5.005346,5.1596093,5.3309793,5.5551705,5.633794,5.782943,6.082842,6.0943265,6.316967,6.3362923,6.3285537,6.1886086,6.14367,6.01629,6.028461,6.322818,6.5247693,3.1106534,3.3200338,7.773315,8.272887,8.684518,8.948159,9.184068,4.510772,9.960988,4.9906573,5.235576,5.452032,5.674716,6.018451,6.2987566,6.5737457,6.7212567,7.0412445,7.584353,7.9291487,16.099766,16.668379,17.386904,17.897888,18.53233,19.179491,19.661009,20.68617,20.917435,21.350033,21.409225,22.473719,23.322798,23.992329,24.714903,25.460846,26.166924,27.201628,28.206045,29.04543,30.142061,31.361446,33.062294,34.049995,35.528927,37.372814,38.451786,39.764675,40.282925,20.788568,22.088257,23.265673,23.970837,24.467545,25.232912,25.651323,26.217802,26.543123,27.088537,27.482882,27.76712,26.884804,26.344511,26.275593,26.000523,25.604061,25.204014,24.465902,23.808073,22.575441,21.534565,20.117096,18.58535,16.70851,14.622162,12.477731,10.786273,9.547454,8.460642,7.797574,6.9919095,5.7595716,4.4051666,3.0871255,2.158806,2.0379362,3.4700968,5.356998,6.9801197,8.660694,10.250298,11.589077,12.56854,12.999394,13.397103,13.493299,12.929578,12.24217,11.922687,11.450214,11.446155,12.091406,11.968106,12.199773,12.628071,13.179868,13.407065,13.108427,14.810047,15.7387,15.068485,14.694341,15.072596,16.476768,17.270447,16.763165,13.876696,10.411273,7.921746,5.924179,4.038827,2.3805277,1.2746992,0.0058332225,-1.0981694,-2.1000812,-2.7572892,-3.1793776,-3.6682723,-4.000354,-4.3796816,-4.706904,-4.835664,-4.9107013,-5.1266947,-5.16922,-5.1803164,-5.16263,-5.246169,-5.3817997,-5.395529,-5.277602,-5.1535063,-4.9637794,-4.771195,-4.524853,-4.281607,-4.0103784,-3.7797751,-3.5586157,-3.4276938,-3.322375,-3.1275687,-2.9779859,-2.735936,-2.566666,-2.4186392,-2.3130364,-2.050944,-1.9226929,-1.814519,-1.7010139,-1.5793796,-1.4069605,-1.2505722,-1.1562207,-1.0487279,-0.9450891,-0.86162084,-0.8040829,-0.722577,-0.70264965,-0.6572416,-0.61164993,-0.55421364,-0.5140716,-0.5004902,-0.48148715,-0.4511678,-0.4330112,-0.4070026,-0.38448304,-0.35027102,-0.32320726,-0.30368483,-0.2774677,-0.25008255,-0.24687642,-0.24361847,-0.24079117,-0.23828773,-0.22042814,-0.20426038,-0.17664705,-0.1749897,-0.17271513,-0.14369278,-0.12821224,-0.12658696,-0.11905535,-0.100109786,-0.09900705,-0.097967684,-0.09082542,-0.08962024,-0.07479259,-0.07382712,-0.063607566,-0.062770575,-0.055397548,-0.054592423,-0.053767182,-0.039370522,-0.0388106,-0.038266364,-0.037755452,-0.037175212,-0.036603875,-0.036013864,-0.035360776,-0.0297633,-0.029168878,-0.024643611,-0.024173658,-0.023790535,-0.023459928,-0.0231865,-0.022887044,-0.02238482,-0.021618634,-0.020578936,-0.019141031,-0.017316723,-0.015275899,-0.013398145,-0.011756399,-0.0069980724,-0.00512105,-0.0031208233,-0.0010021213,0.0013825209,0.0038613789,0.006633868,0.010341043,0.014436667,0.019459441,0.024867194,0.030962266,0.038085666,0.04616992,0.05641056,0.06884785,0.08411111,0.1001485,0.12130773,0.15608634,0.21481553,0.29117256,0.376827,0.43682468,0.48962662,0.54889053,0.6181761,0.68909353,0.77920365,0.8813808,0.98156196,1.1343162,1.289161,1.4617152,1.6634755,1.8837874,3.4616292,4.090497,4.6772695,5.2624545,5.79307,6.045986,6.039185,5.9576197,5.567977,4.886753,4.2549725,3.5667198,2.776806,1.8318067,1.1893617,0.9138868,0.8101211,0.7934859,0.88050693,0.9232297,0.92830324,0.9571987,0.9815251,1.0557144,1.0616248,1.1281915,1.1780808,1.2406088,-0.44106475,-0.38972342,-0.32885674,-0.26290673,-0.19458617,-0.12550947,-0.056750417,0.011126125,0.07776944,0.14288726,0.20646158,0.26842338,0.32148775,0.37903935,0.435149,0.4896692,0.5425795,0.5937613,0.6432055,0.6912051,0.73751193,0.78233504,0.8250038,0.8120237,0.8481178,0.8824599,0.9160598,0.9482728,0.97856724,1.006808,1.0252143,1.0718873,1.1137971,1.129708,1.1312405,1.1570147,1.203202,1.1510406,1.2255116,1.3419456,1.3930298,1.453356,1.5947602,1.6374513,1.7391092,1.7702161,1.8320274,1.8791708,1.8652089,1.9186616,2.0353498,2.105579,2.0967216,2.2082374,2.3625438,2.4432971,2.5103483,2.490298,2.4730277,2.4131572,2.3935068,2.3756294,2.3520133,2.4089773,2.6012182,1.1663967,1.231508,2.9603555,3.1604273,3.4074264,3.5855289,3.6211631,1.7267175,3.849569,1.8352263,1.9100864,2.0187914,2.1457114,2.273317,2.333738,2.4370837,2.4935684,2.6084585,2.818411,2.9619725,6.132957,6.427674,6.694741,7.0714407,7.4259715,7.6671424,7.8531876,8.1619,8.107496,8.073403,8.078578,8.511511,8.693662,8.761676,8.905492,9.488506,9.485255,9.9597645,10.354255,10.690752,11.120189,11.645111,12.182363,12.516628,13.280495,13.776296,14.317518,14.62401,14.814945,7.4353237,7.9107876,8.348895,8.725615,9.099128,9.4327345,9.589623,9.763274,10.008784,10.165106,10.359362,10.462753,10.14383,9.944044,9.984728,9.911539,9.7603855,9.738965,9.505082,9.15362,8.76196,8.299877,7.7644196,7.1393027,6.4129157,5.5753355,4.677413,3.9816027,3.4986894,3.1011143,2.8585393,2.5636663,2.0555034,1.5434982,1.0561117,0.70315444,0.6620497,1.2309427,2.01962,2.719383,3.4673383,4.14444,4.670753,5.1020427,5.256764,5.404409,5.469865,5.3117905,5.14409,4.9979467,4.837104,4.88353,5.1671476,5.213713,5.3444705,5.5919957,5.776271,5.9996243,5.9065776,6.6732235,7.050446,6.9009376,6.6770763,6.91596,7.549364,7.9927974,7.8303204,6.5093474,4.9831257,3.8762524,2.9833646,2.063043,1.3317459,0.81492674,0.24352923,-0.25308603,-0.7046941,-1.0044404,-1.1949012,-1.3928703,-1.5043842,-1.6525174,-1.7720356,-1.7781373,-1.8082252,-1.8176616,-1.8701411,-1.8337466,-1.8377866,-1.8339378,-1.868604,-1.7970074,-1.7045976,-1.6850637,-1.6073908,-1.5464852,-1.4722842,-1.4266124,-1.3379619,-1.2713172,-1.2018218,-1.1630982,-1.0682067,-1.0343577,-0.994708,-0.95629203,-0.91498905,-0.84926367,-0.79562545,-0.7401971,-0.6756845,-0.61062586,-0.56107694,-0.5545966,-0.5236581,-0.4770046,-0.4597819,-0.40941945,-0.3951352,-0.37038216,-0.36591768,-0.33692956,-0.2999434,-0.283117,-0.23342982,-0.23052923,-0.20887505,-0.19863819,-0.17662051,-0.1745752,-0.17237715,-0.15938862,-0.13624597,-0.11367976,-0.09904334,-0.08938592,-0.07109187,-0.0602187,-0.05944664,-0.046010092,-0.045471087,-0.044988498,-0.04451365,-0.044035982,-0.043598533,-0.043176226,-0.042615306,-0.041999612,-0.035658784,-0.035205893,-0.034707803,-0.024843127,-0.02456529,-0.024302196,-0.013687385,-0.0058939126,-0.005807833,-0.00573283,-0.0056579723,-0.0055836206,-0.0055097006,-0.00543037,-0.005349301,-0.005267878,-0.0051935455,-0.0051212027,-0.00505301,0.0,0.0,0.0,0.0,0.0,0.0,0.0,0.0,0.0,0.0,0.0,0.0,0.0,0.0,0.0,0.0,0.0,0.0,0.0,0.0,0.0,0.0,0.0,0.0,0.0,0.0,0.0,0.0,0.0,0.0,0.0,0.0,0.0,0.0,0.0,0.0,0.0,0.0,0.0,0.0,0.0,0.0,0.0,0.0,0.0,0.0,0.0,0.0,0.0,0.0,0.0,0.0,0.0,0.0,0.0,0.0,0.0,0.0,0.0,0.0,0.0,0.0,0.0,0.0,0.0,0.0,0.0,0.0,0.0,0.0,0.0,0.0,0.0,0.0,0.0,0.0,0.0,0.0,0.0,0.0,0.0,0.0,0.0,0.0,0.0,0.0,0.0,0.0,0.0,0.0,0.0,0.0,0.0,0.0,0.0,0.0,0.0,0.0,0.0,0.0,0.0,0.0,0.0,0.0,0.0,0.0,0.0,0.0,0.0,0.0,0.0,0.0,0.0,0.0,0.0,0.0,0.0,0.0,0.0,0.0,0.0,0.0,0.0,0.0,0.0,0.0,0.0,0.0,0.0,0.0,0.0,0.0,0.0,0.0,0.0,0.0,0.0,0.0,0.0,0.0,0.0,0.0,0.0,0.0,0.0,0.0,0.0,0.0,0.0,0.0,0.0,0.0,0.0,0.0,0.0,0.0,0.0,0.0,0.0,0.0,0.0,0.0,0.0,0.0,0.0,0.0,0.0,0.0,0.0,0.0,0.0,0.0,0.0,0.0,0.0,0.0,0.0,0.0,0.0,0.0,0.0,0.0,0.0,0.0,0.0,0.0,0.0,0.0,0.0,0.0,0.0,0.0,0.0,0.0,0.0,0.0,0.0,0.0,0.0,0.0,0.0,0.0,0.0,0.0,0.0,0.0,0.0,0.0,0.0,0.0,0.0,0.0,0.0,0.0,0.0,0.0,0.0,0.0,0.0,0.0,0.0,0.0,0.0,0.0,0.0,0.0,0.0,0.0,0.0,0.0,0.0,0.0,0.0,0.0,0.0,0.0,0.0,0.0,0.0,0.0,0.0,0.0,0.0,0.0,0.0,0.0,0.0,0.0,0.0,0.0,0.0,0.0,0.0,0.0,0.0,0.0,0.0,0.0,0.0,0.0,0.0,0.0,0.0,0.0,0.0,0.0,0.0,0.0,0.0,0.0,0.0,0.0,0.0,0.0,0.0,0.0,0.0,0.0,0.0,0.0,0.0,0.0,0.0,0.0,0.0,0.0,0.0,0.0,0.0,0.0,0.0,0.0,0.0,0.0,0.0,0.0,0.0,0.0,0.0,0.0,0.0,0.0,0.0,0.0,0.0,0.0,0.0,0.0,0.0,0.0,0.0,0.0,0.0,0.0,0.0,0.0,0.0,0.0,0.0,0.0,0.0,0.0,0.0,0.0,0.0,0.0,0.0,0.0,0.0,0.0,0.0,0.0,0.0,0.0,0.0,0.0,0.0,0.0,0.0,0.0,0.0,0.0,0.0,0.0,0.0,0.0,0.0,0.0,0.0,0.0,0.0,0.0,0.0,0.0,0.0,0.0,0.0,0.0,0.0,0.0,0.0,0.0,0.0,0.0,0.0,0.0,0.0,0.0,0.0,0.0,0.0,0.0,0.0,0.0,0.0,0.0,0.0,0.0,0.0,0.0,0.0,0.0,0.0,0.0,0.0,0.0,0.0,0.0,0.0,0.0,0.0,0.0,0.0,0.0,0.0,0.0,0.0,0.0,0.0,0.0,0.0,0.0,0.0,0.0,0.0,0.0,0.0,0.0,0.0,0.0,0.0,0.0,0.0,0.0,0.0,0.0,0.0,0.0,0.0,0.0,0.0,0.0,0.0,0.0,0.0,0.0,0.0,0.0,0.0,0.0,0.0,0.0,0.0,0.0,0.0,0.0,0.0,0.0,0.0,0.0,0.0,0.0,0.0,0.0,0.0,0.0,0.0,0.0,0.0,0.0,0.0,0.0,0.0,0.0,0.0,0.0,0.0,0.0,0.0,0.0,0.0,0.0,0.0,0.0,0.0,0.0,0.0,0.0,0.0,0.0,0.0,0.0,0.0,0.0,0.0,0.0,0.0,0.0,0.0,0.0,0.0,0.0,0.0,0.0,0.0,0.0,0.0,0.0,0.0,0.0,0.0,0.0,0.0,0.0,0.0,0.0,0.0,0.0,0.0,0.0,0.0,0.0,0.0,0.0,0.0,0.0,0.0,0.0,0.0,0.0,0.0,0.0,0.0,0.0,0.0,0.0,0.0,0.0,0.0,0.0,0.0,0.0,0.0,0.0,0.0,0.0,0.0,0.0,0.0,0.0,0.0,0.0,0.0,0.0,0.0,0.0,0.0,0.0,0.0,0.0,0.0,0.0,0.0,0.0,0.0,0.0,0.0,0.0,0.0,0.0,0.0,0.0,0.0,0.0,0.0,0.0,0.0,0.0,0.0,0.0,0.0,0.0,0.0,0.0,0.0,0.0,0.0,0.0,0.0,0.0,0.0,0.0,0.0,0.0,0.0,0.0,0.0,0.0,0.0,0.0,0.0,0.0,0.0,0.0,0.0,0.0,0.0,0.0,0.0,0.0,0.0,0.0,0.0,0.0,0.0,0.0,0.0,0.0,0.0,0.0,0.0,0.0,0.0,0.0,0.0,0.0,0.0,0.0,0.0,0.0,0.0,0.0,0.0,0.0,0.0,0.0,0.0,0.0,0.0,0.0,0.0,0.0,0.0,0.0,0.0,0.0,0.0,0.0,0.0,0.0,0.0,0.0,0.0,0.0,0.0,0.0,0.0,0.0,0.0,0.0,0.0,0.0,0.0,0.0,0.0,0.0,0.0,0.0,0.0,0.0,0.0,0.0,0.0,0.0,0.0,0.0,0.0,0.0,0.0,0.0,0.0,0.0,0.0,0.0,0.0,0.0,0.0,0.0,0.0,0.0,0.0,0.0,0.0,0.0,0.0,0.0,0.0,0.0,0.0,0.0,0.0,0.0,0.0,0.0,0.0,0.0,0.0,0.0,0.0,0.0,0.0,0.0,0.0,0.0,0.0,0.0,0.0,0.0,0.0,0.0,0.0,0.0,0.0,0.0,0.0,0.0,0.0,0.0,0.0,0.0,0.0,0.0,0.0,0.0,0.0,0.0,0.0,0.0,0.0,0.0,0.0,0.0,0.0,0.0,0.0,0.0,0.0,0.0,0.0,0.0,0.0,0.0,0.0,0.0,0.0,0.0,0.0,0.0,0.0,0.0,0.0,0.0,0.0,0.0,0.0,0.0,0.0,0.0,0.0,0.0,0.0,0.0,0.0,0.0,0.0,0.0,0.0,0.0,0.0,0.0,0.0,0.0,0.0,0.0,0.0,0.0,0.0,0.0,0.0,0.0,0.0,0.0,0.0,0.0,0.0,0.0,0.0,0.0,0.0,0.0,0.0,0.0,0.0,0.0,0.0,0.0,0.0,0.0,0.0,0.0,0.0,0.0,0.0,0.0,0.0,0.0,0.0,0.0,0.0,0.0,0.0,0.0,0.0,0.0,0.0,0.0,0.0,0.0,0.0,0.0,0.0,0.0,0.0,0.0,0.0,0.0,0.0,0.0,0.0,0.0,0.0,0.0,0.0,0.0,0.0,0.0,0.0,0.0,0.0,0.0,0.0,0.0,0.0,0.0,0.0,0.0,0.0,0.0,0.0,0.0,0.0,0.0,0.0,0.0,0.0,0.0,0.0,0.0,0.0,0.0,0.0,0.0,0.0,0.0,0.0,0.0,0.0,0.0,0.0,0.0,0.0,0.0,0.0,0.0,0.0,0.0,0.0,0.0,0.0,0.0,0.0,0.0,0.0,0.0,0.0,0.0,0.0,0.0,0.0,0.0,0.0,0.0,0.0,0.0,0.0,0.0,0.0,0.0,0.0,0.0,0.0,0.0,0.0,0.0,0.0,0.0,0.0,0.0,0.0,0.0,0.0,0.0,0.0,0.0,0.0,0.0,0.0,0.0,0.0,0.0,0.0,0.0,0.0,0.0,0.0,0.0,0.0,0.0,0.0,0.0,0.0,0.0,0.0,0.0,0.0,0.0,0.0,0.0,0.0,0.0,0.0,0.0,0.0,0.0,0.0,0.0,0.0,0.0,0.0,0.0,0.0,0.0,0.0,0.0,0.0,0.0,0.0,0.0,0.0,0.0,0.0,0.0,0.0,0.0,0.0,0.0,0.0,0.0,0.0,0.0,0.0,0.0,0.0,0.0,0.0,0.0,0.0,0.0,0.0,0.0,0.0,0.0,0.0,0.0,0.0,0.0,0.0,0.0,0.0,0.0,0.0,0.0,0.0,0.0,0.0,0.0,0.0,0.0,0.0,0.0,0.0,0.0,0.0,0.0,0.0,0.0,0.0,0.0,0.0,0.0,0.0,0.0,0.0,0.0,0.0,0.0,0.0,0.0,0.0,0.0,0.0,0.0,0.0,0.0,0.0,0.0,0.0,0.0,0.0,0.0,0.0,0.0,0.0,0.0,0.0,0.0,0.0,0.0,0.0,0.0,0.0,0.0,0.0,0.0,0.0,0.0,0.0,0.0,0.0,0.0,0.0,0.0,0.0,0.0,0.0,0.0,0.0,0.0,0.0,0.0,0.0,0.0,0.0,0.0,0.0,0.0,0.0,0.0,0.0,0.0,0.0,0.0,0.0,0.0,0.0,0.0,0.0,0.0,0.0,0.0,0.0,0.0,0.0,0.0,0.0,0.0,0.0,0.0,0.0,0.0,0.0,0.0,0.0,0.0,0.0,0.0,0.0,0.0,0.0,0.0,0.0,0.0,0.0,0.0,0.0,0.0,0.0,0.0,0.0,0.0,0.0,0.0,0.0,0.0,0.0,0.0,0.0,0.0,0.0,0.0,0.0,0.0,0.0,0.0,0.0,0.0,0.0,0.0,0.0,0.0,0.0,0.0,0.0,0.0,0.0,0.0,0.0,0.0,0.0,0.0,0.0,0.0,0.0,0.0,0.0,0.0,0.0,0.0,0.0,0.0,0.0,0.0,0.0,0.0,0.0,0.0,0.0,0.0,0.0,0.0,0.0,0.0,0.0,0.0,0.0,0.0,0.0,0.0,0.0,0.0,0.0,0.0,0.0,0.0,0.0,0.0,0.0,0.0,0.0,0.0,0.0,0.0,0.0,0.0,0.0,0.0,0.0,0.0,0.0,0.0,0.0,0.0,0.0,0.0,0.0,0.0,0.0,0.0,0.0,0.0,0.0,0.0,0.0,0.0,0.0,0.0,0.0,0.0,0.0,0.0,0.0,0.0,0.0,0.0,0.0,0.0,0.0,0.0,0.0,0.0,0.0,0.0,0.0,0.0,0.0,0.0,0.0,0.0,0.0,0.0,0.0,0.0,0.0,0.0,0.0,0.0,0.0,0.0,0.0,0.0,0.0,0.0,0.0,0.0,0.0,0.0,0.0,0.0,0.0,0.0,0.0,0.0,0.0,0.0,0.0,0.0,0.0,0.0,0.0,0.0,0.0,0.0,0.0,0.0,0.0,0.0,0.0,0.0,0.0,0.0,0.0,0.0,0.0,0.0,0.0,0.0,0.0,0.0,0.0,0.0,0.0,0.0,0.0,0.0,0.0,0.0,0.0,0.0,0.0,0.0,0.0,0.0,0.0,0.0,0.0,0.0,0.0,0.0,0.0,0.0,0.0,0.0,0.0,0.0,0.0,0.0,0.0,0.0,0.0,0.0,0.0,0.0,0.0,0.0,0.0,0.0,0.0,0.0,0.0,0.0,0.0,0.0,0.0,0.0,0.0,0.0,0.0,0.0,0.0,0.0,0.0,0.0,0.0,0.0,0.0,0.0,0.0,0.0,0.0,0.0,0.0,0.0,0.0,0.0,0.0,0.0,0.0,0.0,0.0,0.0,0.0,0.0,0.0,0.0,0.0,0.0,0.0,0.0,0.0,0.0,0.0,0.0,0.0,0.0,0.0,0.0,0.0,0.0,0.0,0.0,0.0,0.0,0.0,0.0,0.0,0.0,0.0,0.0,0.0,0.0,0.0,0.0,0.0,0.0,0.0,0.0,0.0,0.0,0.0,0.0,0.0,0.0,0.0,0.0,0.0,0.0,0.0,0.0,0.0,0.0,0.0,0.0,0.0,0.0,0.0,0.0,0.0,0.0,0.0,0.0,0.0,0.0,0.0,0.0,0.0,0.0,0.0,0.0,0.0,0.0,0.0,0.0,0.0,0.0,0.0,0.0,0.0,0.0,0.0,0.0,0.0,0.0,0.0,0.0,0.0,0.0,0.0,0.0,0.0,0.0,0.0,0.0,0.0,0.0,0.0,0.0,0.0,0.0,0.0,0.0,0.0,0.0,0.0,0.0,0.0,0.0,0.0,0.0,0.0,0.0,0.0,0.0,0.0,0.0,0.0,0.0,0.0,0.0,0.0,0.0,0.0,0.0,0.0,0.0,0.0,0.0,0.0,0.0,0.0,0.0,0.0,0.0,0.0,0.0,0.0,0.0,0.0,0.0,0.0,0.0,0.0,0.0,0.0,0.0,0.0,0.0,0.0,0.0,0.0,0.0,0.0,0.0,0.0,0.0,0.0,0.0,0.0,0.0,0.0,0.0,0.0,0.0,0.0,0.0,0.0,0.0,0.0,0.0,0.0,0.0,0.0,0.0,0.0,0.0,0.0,0.0,0.0,0.0,0.0,0.0,0.0,0.0,0.0,0.0,0.0,0.0,0.0,0.0,0.0,0.0,0.0,0.0,0.0,0.0,0.0,0.0,0.0,0.0,0.0,0.0,0.0,0.0,0.0,0.0,0.0,0.0,0.0,0.0,0.0,0.0,0.0,0.0,0.0,0.0,0.0,0.0,0.0,0.0,0.0,0.0,0.0,0.0,0.0,0.0,0.0,0.0,0.0,0.0,0.0,0.0,0.0,0.0,0.0,0.0,0.0,0.0,0.0,0.0,0.0,0.0,0.0,0.0,0.0,0.0,0.0,0.0,0.0,0.0,0.0,0.0,0.0,0.0,0.0,0.0,0.0,0.0,0.0,0.0,0.0,0.0,0.0,0.0,0.0,0.0,0.0,0.0,0.0,0.0,0.0,0.0,0.0,0.0,0.0,0.0,0.0,0.0,0.0,0.0,0.0,0.0,0.0,0.0,0.0,0.0,0.0,0.0,0.0,0.0,0.0,0.0,0.0,0.0,0.0,0.0,0.0,0.0,0.0,0.0,0.0,0.0,0.0,0.0,0.0,0.0,0.0,0.0,0.0,0.0,0.0,0.0,0.0,0.0,0.0,0.0,0.0,0.0,0.0,0.0,0.0,0.0,0.0,0.0,0.0,0.0,0.0,0.0,0.0,0.0,0.0,0.0,0.0,0.0,0.0,0.0,0.0,0.0,0.0,0.0,0.0,0.0,0.0,0.0,0.0,0.0,0.0,0.0,0.0,0.0,0.0,0.0,0.0,0.0,0.0,0.0,0.0,0.0,0.0,0.0,0.0,0.0,0.0,0.0,0.0,0.0,0.0,0.0,0.0,0.0,0.0,0.0,0.0,0.0,0.0,0.0,0.0,0.0,0.0,0.0,0.0,0.0,0.0,0.0,0.0,0.0,0.0,0.0,0.0,0.0,0.0,0.0,0.0,0.0,0.0,0.0,0.0,0.0,0.0,0.0,0.0,0.0,0.0,0.0,0.0,0.0,0.0,0.0,0.0,0.0,0.0,0.0,0.0,0.0,0.0,0.0,0.0,0.0,0.0,0.0,0.0,0.0,0.0,0.0,0.0,0.0,0.0,0.0,0.0,0.0,0.0,0.0,0.0,0.0,0.0,0.0,0.0,0.0,0.0,0.0,0.0,0.0,0.0,0.0,0.0,0.0,0.0,0.0,0.0,0.0,0.0,0.0,0.0,0.0,0.0,0.0,0.0,0.0,0.0,0.0,0.0,0.0,0.0,0.0,0.0,0.0,0.0,0.0,0.0,0.0,0.0,0.0,0.0,0.0,0.0,0.0,0.0,0.0,0.0,0.0,0.0,0.0,0.0,0.0,0.0,0.0,0.0,0.0,0.0,0.0,0.0,0.0,0.0,0.0,0.0,0.0,0.0,0.0,0.0,0.0,0.0,0.0,0.0,0.0,0.0,0.0,0.0,0.0,0.0,0.0,0.0,0.0,0.0,0.0,0.0,0.0,0.0,0.0,0.0,0.0,0.0,0.0,0.0,0.0,0.0,0.0,0.0,0.0,0.0,0.0,0.0,0.0,0.0,0.0,0.0,0.0,0.0,0.0,0.0,0.0,0.0,0.0,0.0,0.0,0.0,0.0,0.0,0.0,0.0,0.0,0.0,0.0,0.0,0.0,0.0,0.0,0.0,0.0,0.0,0.0,0.0,0.0,0.0,0.0,0.0,0.0,0.0,0.0,0.0,0.0,0.0
Tax95,0.0,-0.36270806,-0.30403754,-0.22733091,-0.1366916,-0.03949026,0.063388266,0.16966319,0.2775405,0.38472474,0.49110398,0.5954371,0.69639635,0.7936983,0.88684726,0.97455305,1.051628,1.1253915,1.2011697,1.2784853,1.3538697,1.4147929,1.4661824,1.5420592,1.6125478,1.6695905,1.7261918,1.7897106,1.848606,1.8824253,1.9542489,2.000194,2.112894,2.1612167,2.2027504,2.2648623,2.322321,2.3623428,2.340513,2.3620043,2.4327943,2.4281526,2.5078924,2.5714984,2.5656493,2.593257,2.6692817,2.680601,2.7131646,2.7062912,2.709176,2.6588728,2.6704564,2.6270258,2.6333103,2.591351,2.5805118,2.586751,2.5110064,2.4047434,2.2491996,2.1735523,2.0883145,2.0267932,2.0165246,2.0499992,1.1395777,1.1737056,2.1533647,2.1518328,2.2042131,2.1806605,2.2114873,1.2626284,2.2287219,1.2782137,1.3048896,1.3039627,1.3498658,1.3706926,1.4010844,1.4079871,1.400563,1.4162788,1.4733231,1.5071387,2.6522853,2.641286,2.6980171,2.7374303,2.7787504,2.800836,2.8646467,2.8253994,2.6842463,2.6056614,2.5347102,2.469625,2.4685624,2.377871,2.3729863,2.3652854,2.376004,2.3107214,2.329266,2.2891552,2.213854,2.2229214,2.2814865,2.2334034,2.211301,2.2210872,2.1463473,2.0633,2.0544214,1.1296482,1.140489,1.1401292,1.1429201,1.1276815,1.0994093,1.0724066,1.03629,1.0108411,0.99541837,0.9566054,0.9095112,0.83177316,0.8114005,0.74679494,0.71942884,0.6758859,0.6715147,0.62687063,0.5754348,0.529878,0.50756276,0.46263453,0.4044232,0.3536473,0.30900654,0.25635576,0.2086772,0.17068428,0.13558452,0.112946905,0.084178664,0.052005418,0.02103874,-0.005878524,-0.026318176,-0.029312767,-0.00035158882,0.03500201,0.06579746,0.0904763,0.119909704,0.13472143,0.14547397,0.14777735,0.14995523,0.14932185,0.13486643,0.12129615,0.11225943,0.101320215,0.101040184,0.111277506,0.106730305,0.10713127,0.11456306,0.12337542,0.124799244,0.11794396,0.13846007,0.15414658,0.14153908,0.1338125,0.13123964,0.14891428,0.15051414,0.14049101,0.09507472,0.04861881,0.017146457,-0.007229738,-0.030980438,-0.05140373,-0.06513093,-0.08085141,-0.09283215,-0.10008498,-0.10398931,-0.10516324,-0.098849766,-0.10004671,-0.106012695,-0.11134566,-0.11091299,-0.106363,-0.105414644,-0.10596654,-0.1079652,-0.11012767,-0.10990497,-0.10363376,-0.09761125,-0.099241495,-0.09169321,-0.093077585,-0.09417295,-0.09501219,-0.09233201,-0.08849504,-0.088579915,-0.08596375,-0.07824344,-0.0784449,-0.071729265,-0.068361506,-0.06303824,-0.060026366,-0.06001254,-0.056939337,-0.046019904,-0.04596969,-0.045855038,-0.045786366,-0.040247787,-0.034876835,-0.034644935,-0.03454762,-0.034527462,-0.034479447,-0.03440193,-0.031372637,-0.025434375,-0.025353596,-0.020761754,-0.020702215,-0.020634614,-0.020566283,-0.020518279,-0.020499988,-0.017485637,-0.017426938,-0.017376943,-0.017324738,-0.01726963,-0.017214177,-0.01715036,-0.0170953,-0.01704565,-0.01226569,-0.012218341,-0.012186743,-0.012167135,-0.012148467,-0.012128086,-0.01211631,-0.012107322,-0.012063496,-0.012004446,-0.011951134,-0.0075669056,-0.007531857,-0.007505738,-0.0074901935,-0.0074777915,-0.0074591814,-0.0074305683,-0.007393232,-0.007366893,-0.007339635,-0.00731191,-0.007283639,-0.007248184,-0.007209434,-0.0043141367,-0.0042939787,-0.004274558,-0.004257418,-0.0042336043,-0.004209898,-0.0041838153,-0.00415128,-0.004116714,-0.00407861,-0.0040471116,-0.0040123477,-0.0039876965,-0.0039690584,-0.0039570653,-0.003941162,-0.0038984306,-0.0038202778,-0.0037047835,-0.0035351512,-0.0033123174,-0.0030578037,-0.0028209256,-0.0026120294,-0.002320396,-0.0019880703,-0.0016320662,0.0,0.0,0.0,0.0,0.0,0.0,0.0,0.0,0.0,0.0,0.0,0.0,0.0,0.0,0.0,0.0,0.0,0.0,0.0,0.0,0.0,0.0,0.0,0.0,0.0,0.0,0.0,0.0,0.0,0.0,0.0,0.0,0.0,0.0,0.0,0.0,0.0,0.0,0.0,0.0,0.0,0.0,0.0,0.0,0.0,0.0,0.0,0.0,0.0,0.0,0.0,0.0,0.0,0.0,0.0,0.0,0.0,0.0,0.0,0.0,0.0,0.0,0.0,0.0,0.0,0.0,0.0,0.0,0.0,0.0,0.0,0.0,0.0,0.0,0.0,0.0,0.0,0.0,0.0,0.0,0.0,0.0,0.0,0.0,0.0,0.0,0.0,0.0,0.0,0.0,0.0,0.0,0.0,0.0,0.0,0.0,0.0,0.0,0.0,0.0,0.0,0.0,0.0,0.0,0.0,0.0,0.0,0.0,0.0,0.0,0.0,0.0,0.0,0.0,0.0,0.0,0.0,0.0,0.0,0.0,0.0,0.0,0.0,0.0,0.0,0.0,0.0,0.0,0.0,0.0,0.0,0.0,0.0,0.0,0.0,0.0,0.0,0.0,0.0,0.0,0.0,0.0,0.0,0.0,0.0,0.0,0.0,0.0,0.0,0.0,0.0,0.0,0.0,0.0,0.0,0.0,0.0,0.0,0.0,0.0,0.0,0.0,0.0,0.0,0.0,0.0,0.0,0.0,0.0,0.0,0.0,0.0,0.0,0.0,0.0,0.0,0.0,0.0,0.0,0.0,0.0,0.0,0.0,0.0,0.0,0.0,0.0,0.0,0.0,0.0,0.0,0.0,0.0,0.0,0.0,0.0,0.0,0.0,0.0,0.0,0.0,0.0,0.0,0.0,0.0,0.0,0.0,0.0,0.0,0.0,0.0,0.0,0.0,0.0,0.0,0.0,0.0,0.0,0.0,0.0,0.0,0.0,0.0,0.0,0.0,0.0,0.0,0.0,0.0,0.0,0.0,0.0,0.0,0.0,0.0,0.0,0.0,0.0,0.0,0.0,0.0,0.0,0.0,0.0,0.0,0.0,0.0,0.0,0.0,0.0,0.0,0.0,0.0,0.0,0.0,0.0,0.0,0.0,0.0,0.0,0.0,0.0,0.0,0.0,0.0,0.0,0.0,0.0,0.0,0.0,0.0,0.0,0.0,0.0,0.0,0.0,0.0,0.0,0.0,0.0,0.0,0.0,0.0,0.0,0.0,0.0,0.0,0.0,0.0,0.0,0.0,0.0,0.0,0.0,0.0,0.0,0.0,0.0,0.0,0.0,0.0,0.0,0.0,0.0,0.0,0.0,0.0,0.0,0.0,0.0,0.0,0.0,0.0,0.0,0.0,0.0,0.0,0.0,0.0,0.0,0.0,0.0,0.0,0.0,0.0,0.0,0.0,0.0,0.0,0.0,0.0,0.0,0.0,0.0,0.0,0.0,0.0,0.0,0.0,0.0,0.0,0.0,0.0,0.0,0.0,0.0,0.0,0.0,0.0,0.0,0.0,0.0,0.0,0.0,0.0,0.0,0.0,0.0,0.0,0.0,0.0,0.0,0.0,0.0,0.0,0.0,0.0,0.0,0.0,0.0,0.0,0.0,0.0,0.0,0.0,0.0,0.0,0.0,0.0,0.0,0.0,0.0,0.0,0.0,0.0,0.0,0.0,0.0,0.0,0.0,0.0,0.0,0.0,0.0,0.0,0.0,0.0,0.0,0.0,0.0,0.0,0.0,0.0,0.0,0.0,0.0,0.0,0.0,0.0,0.0,0.0,0.0,0.0,0.0,0.0,0.0,0.0,0.0,0.0,0.0,0.0,0.0,0.0,0.0,0.0,0.0,0.0,0.0,0.0,0.0,0.0,0.0,0.0,0.0,0.0,0.0,0.0,0.0,0.0,0.0,0.0,0.0,0.0,0.0,0.0,0.0,0.0,0.0,0.0,0.0,0.0,0.0,0.0,0.0,0.0,0.0,0.0,0.0,0.0,0.0,0.0,0.0,0.0,0.0,0.0,0.0,0.0,0.0,0.0,0.0,0.0,0.0,0.0,0.0,0.0,0.0,0.0,0.0,0.0,0.0,0.0,0.0,0.0,0.0,0.0,0.0,0.0,0.0,0.0,0.0,0.0,0.0,0.0,0.0,0.0,0.0,0.0,0.0,0.0,0.0,0.0,0.0,0.0,0.0,0.0,0.0,0.0,0.0,0.0,0.0,0.0,0.0,0.0,0.0,0.0,0.0,0.0,0.0,0.0,0.0,0.0,0.0,0.0,0.0,0.0,0.0,0.0,0.0,0.0,0.0,0.0,0.0,0.0,0.0,0.0,0.0,0.0,0.0,0.0,0.0,0.0,0.0,0.0,0.0,0.0,0.0,0.0,0.0,0.0,0.0,0.0,0.0,0.0,0.0,0.0,0.0,0.0,0.0,0.0,0.0,0.0,0.0,0.0,0.0,0.0,0.0,0.0,0.0,0.0,0.0,0.0,0.0,0.0,0.0,0.0,0.0,0.0,0.0,0.0,0.0,0.0,0.0,0.0,0.0,0.0,0.0,0.0,0.0,0.0,0.0,0.0,0.0,0.0,0.0,0.0,0.0,0.0,0.0,0.0,0.0,0.0,0.0,0.0,0.0,0.0,0.0,0.0,0.0,0.0,0.0,0.0,0.0,0.0,0.0,0.0,0.0,0.0,0.0,0.0,0.0,0.0,0.0,0.0,0.0,0.0,0.0,0.0,0.0,0.0,0.0,0.0,0.0,0.0,0.0,0.0,0.0,0.0,0.0,0.0,0.0,0.0,0.0,0.0,0.0,0.0,0.0,0.0,0.0,0.0,0.0,0.0,0.0,0.0,0.0,0.0,0.0,0.0,0.0,0.0,0.0,0.0,0.0,0.0,0.0,0.0,0.0,0.0,0.0,0.0,0.0,0.0,0.0,0.0,0.0,0.0,0.0,0.0,0.0,0.0,0.0,0.0,0.0,0.0,0.0,0.0,0.0,0.0,0.0,0.0,0.0,0.0,0.0,0.0,0.0,0.0,0.0,0.0,0.0,0.0,0.0,0.0,0.0,0.0,0.0,0.0,0.0,0.0,0.0,0.0,0.0,0.0,0.0,0.0,0.0,0.0,0.0,0.0,0.0,0.0,0.0,0.0,0.0,0.0,0.0,0.0,0.0,0.0,0.0,0.0,0.0,0.0,0.0,0.0,0.0,0.0,0.0,0.0,0.0,0.0,0.0,0.0,0.0,0.0,0.0,0.0,0.0,0.0,0.0,0.0,0.0,0.0,0.0,0.0,0.0,0.0,0.0,0.0,0.0,0.0,0.0,0.0,0.0,0.0,0.0,0.0,0.0,0.0,0.0,0.0,0.0,0.0,0.0,0.0,0.0,0.0,0.0,0.0,0.0,0.0,0.0,0.0,0.0,0.0,0.0,0.0,0.0,0.0,0.0,0.0,0.0,0.0,0.0,0.0,0.0,0.0,0.0,0.0,0.0,0.0,0.0,0.0,0.0,0.0,0.0,0.0,0.0,0.0,0.0,0.0,0.0,0.0,0.0,0.0,0.0,0.0,0.0,0.0,0.0,0.0,0.0,0.0,0.0,0.0,0.0,0.0,0.0,0.0,0.0,0.0,0.0,0.0,0.0,0.0,0.0,0.0,0.0,0.0,0.0,0.0,0.0,0.0,0.0,0.0,0.0,0.0,0.0,0.0,0.0,0.0,0.0,0.0,0.0,0.0,0.0,0.0,0.0,0.0,0.0,0.0,0.0,0.0,0.0,0.0,0.0,0.0,0.0,0.0,0.0,0.0,0.0,0.0,0.0,0.0,0.0,0.0,0.0,0.0,0.0,0.0,0.0,0.0,0.0,0.0,0.0,0.0,0.0,0.0,0.0,0.0,0.0,0.0,0.0,0.0,0.0,0.0,0.0,0.0,0.0,0.0,0.0,0.0,0.0,0.0,0.0,0.0,0.0,0.0,0.0,0.0,0.0,0.0,0.0,0.0,0.0,0.0,0.0,0.0,0.0,0.0,0.0,0.0,0.0,0.0,0.0,0.0,0.0,0.0,0.0,0.0,0.0,0.0,0.0,0.0,0.0,0.0,0.0,0.0,0.0,0.0,0.0,0.0,0.0,0.0,0.0,0.0,0.0,0.0,0.0,0.0,0.0,0.0,0.0,0.0,0.0,0.0,0.0,0.0,0.0,0.0,0.0,0.0,0.0,0.0,0.0,0.0,0.0,0.0,0.0,0.0,0.0,0.0,0.0,0.0,0.0,0.0,0.0,0.0,0.0,0.0,0.0,0.0,0.0,0.0,0.0,0.0,0.0,0.0,0.0,0.0,0.0,0.0,0.0,0.0,0.0,0.0,0.0,0.0,0.0,0.0,0.0,0.0,0.0,0.0,0.0,0.0,0.0,0.0,0.0,0.0,0.0,0.0,0.0,0.0,0.0,0.0,0.0,0.0,0.0,0.0,0.0,0.0,0.0,0.0,0.0,0.0,0.0,0.0,0.0,0.0,0.0,0.0,0.0,0.0,0.0,0.0,0.0,0.0,0.0,0.0,0.0,0.0,0.0,0.0,0.0,0.0,0.0,0.0,0.0,0.0,0.0,0.0,0.0,0.0,0.0,0.0,0.0,0.0,0.0,0.0,0.0,0.0,0.0,0.0,0.0,0.0,0.0,0.0,0.0,0.0,0.0,0.0,0.0,0.0,0.0,0.0,0.0,0.0,0.0,0.0,0.0,0.0,0.0,0.0,0.0,0.0,0.0,0.0,0.0,0.0,0.0,0.0,0.0,0.0,0.0,0.0,0.0,0.0,0.0,0.0,0.0,0.0,0.0,0.0,0.0,0.0,0.0,0.0,0.0,0.0,0.0,0.0,0.0,0.0,0.0,0.0,0.0,0.0,0.0,0.0,0.0,0.0,0.0,0.0,0.0,0.0,0.0,0.0,0.0,0.0,0.0,0.0,0.0,0.0,0.0,0.0,0.0,0.0,0.0,0.0,0.0,0.0,0.0,0.0,0.0,0.0,0.0,0.0,0.0,0.0,0.0,0.0,0.0,0.0,0.0,0.0,0.0,0.0,0.0,0.0,0.0,0.0,0.0,0.0,0.0,0.0,0.0,0.0,0.0,0.0,0.0,0.0,0.0,0.0,0.0,0.0,0.0,0.0,0.0,0.0,0.0,0.0,0.0,0.0,0.0,0.0,0.0,0.0,0.0,0.0,0.0,0.0,0.0,0.0,0.0,0.0,0.0,0.0,0.0,0.0,0.0,0.0,0.0,0.0,0.0,0.0,0.0,0.0,0.0,0.0,0.0,0.0,0.0,0.0,0.0,0.0,0.0,0.0,0.0,0.0,0.0,0.0,0.0,0.0,0.0,0.0,0.0,0.0,0.0,0.0,0.0,0.0,0.0,0.0,0.0,0.0,0.0,0.0,0.0,0.0,0.0,0.0,0.0,0.0,0.0,0.0,0.0,0.0,0.0,0.0,0.0,0.0,0.0,0.0,0.0,0.0,0.0,0.0,0.0,0.0,0.0,0.0,0.0,0.0,0.0,0.0,0.0,0.0,0.0,0.0,0.0,0.0,0.0,0.0,0.0,0.0,0.0,0.0,0.0,0.0,0.0,0.0,0.0,0.0,0.0,0.0,0.0,0.0,0.0,0.0,0.0,0.0,0.0,0.0,0.0,0.0,0.0,0.0,0.0,0.0,0.0,0.0,0.0,0.0,0.0,0.0,0.0,0.0,0.0,0.0,0.0,0.0,0.0,0.0,0.0,0.0,0.0,0.0,0.0,0.0,0.0,0.0,0.0,0.0,0.0,0.0,0.0,0.0,0.0,0.0,0.0,0.0,0.0,0.0,0.0,0.0,0.0,0.0,0.0,0.0,0.0,0.0,0.0,0.0,0.0,0.0,0.0,0.0,0.0,0.0,0.0,0.0,0.0,0.0,0.0,0.0,0.0,0.0,0.0,0.0,0.0,0.0,0.0,0.0,0.0,0.0,0.0,0.0,0.0,0.0,0.0,0.0,0.0,0.0,0.0,0.0,0.0,0.0,0.0,0.0,0.0,0.0,0.0,0.0,0.0,0.0,0.0,0.0,0.0,0.0,0.0,0.0,0.0,0.0,0.0,0.0,0.0,0.0,0.0,0.0,0.0,0.0,0.0,0.0,0.0,0.0,0.0,0.0,0.0,0.0,0.0,0.0,0.0,0.0,0.0,0.0,0.0,0.0,0.0,0.0,0.0,0.0,0.0,0.0,0.0,0.0,0.0,0.0,0.0,0.0,0.0,0.0,0.0,0.0,0.0,0.0,0.0,0.0,0.0,0.0,0.0,0.0,0.0,0.0,0.0,0.0,0.0,0.0,0.0,0.0,0.0,0.0,0.0,0.0,0.0,0.0,0.0,0.0,0.0,0.0,0.0,0.0,0.0,0.0,0.0,0.0,0.0,0.0,0.0,0.0,0.0,0.0,0.0,0.0,0.0,0.0,0.0,0.0,0.0,0.0,0.0,0.0,0.0,0.0,0.0,0.0,0.0,0.0,0.0,0.0,0.0,0.0,0.0,0.0,0.0,0.0,0.0,0.0,0.0,0.0,0.0,0.0,0.0,0.0,0.0,0.0,0.0,0.0,0.0,0.0,0.0,0.0,0.0,0.0,0.0,0.0,0.0,0.0,0.0,0.0,0.0,0.0,0.0,0.0,0.0,0.0,0.0,0.0,0.0,0.0,0.0,0.0,0.0,0.0,0.0,0.0,0.0,0.0,0.0,0.0,0.0,0.0,0.0,0.0,0.0,0.0,0.0,0.0,0.0,0.0,0.0,0.0,0.0,0.0,0.0,0.0,0.0,0.0,0.0,0.0,0.0,0.0,0.0,0.0,0.0,0.0,0.0,0.0,0.0,0.0,0.0,0.0,0.0,0.0,0.0,0.0,0.0,0.0,0.0,0.0,0.0,0.0,0.0,0.0,0.0,0.0,0.0,0.0,0.0,0.0,0.0,0.0,0.0,0.0,0.0,0.0,0.0,0.0,0.0,0.0,0.0,0.0,0.0,0.0,0.0,0.0,0.0,0.0,0.0,0.0,0.0,0.0,0.0,0.0,0.0,0.0,0.0,0.0,0.0,0.0,0.0,0.0,0.0,0.0,0.0,0.0,0.0,0.0,0.0,0.0,0.0,0.0,0.0,0.0,0.0,0.0,0.0,0.0,0.0,0.0,0.0,0.0,0.0,0.0,0.0,0.0,0.0,0.0,0.0,0.0,0.0,0.0,0.0,0.0,0.0,0.0,0.0,0.0,0.0,0.0,0.0,0.0,0.0,0.0,0.0,0.0,0.0,0.0,0.0,0.0,0.0,0.0,0.0,0.0,0.0,0.0,0.0,0.0,0.0,0.0,0.0,0.0,0.0,0.0,0.0,0.0,0.0,0.0,0.0,0.0,0.0,0.0,0.0,0.0,0.0,0.0,0.0,0.0,0.0,0.0,0.0,0.0,0.0,0.0,0.0,0.0,0.0,0.0,0.0,0.0,0.0,0.0,0.0,0.0,0.0,0.0,0.0,0.0,0.0,0.0,0.0,0.0,0.0,0.0,0.0,0.0,0.0,0.0,0.0,0.0,0.0,0.0,0.0,0.0,0.0,0.0,0.0,0.0,0.0,0.0,0.0,0.0,0.0,0.0,0.0,0.0,0.0,0.0,0.0,0.0,0.0,0.0,0.0,0.0,0.0,0.0,0.0,0.0,0.0,0.0,0.0,0.0,0.0,0.0,0.0,0.0,0.0,0.0,0.0,0.0,0.0,0.0,0.0,0.0,0.0,0.0,0.0,0.0,0.0,0.0,0.0,0.0,0.0,0.0,0.0,0.0,0.0,0.0,0.0,0.0,0.0,0.0,0.0,0.0,0.0,0.0,0.0,0.0,0.0,0.0,0.0,0.0,0.0,0.0,0.0,0.0,0.0,0.0,0.0,0.0,0.0,0.0,0.0,0.0,0.0,0.0,0.0,0.0,0.0,0.0,0.0,0.0,0.0,0.0,0.0,0.0,0.0,0.0,0.0,0.0,0.0,0.0,0.0,0.0,0.0,0.0,0.0,0.0,0.0,0.0,0.0,0.0,0.0,0.0,0.0,0.0,0.0,0.0,0.0,0.0,0.0,0.0,0.0,0.0,0.0,0.0,0.0,0.0,0.0,0.0,0.0,0.0,0.0,0.0,0.0,0.0,0.0,0.0,0.0,0.0,0.0,0.0,0.0,0.0,0.0,0.0,0.0,0.0,0.0,0.0,0.0,0.0,0.0,0.0,0.0,0.0,0.0,0.0,0.0,0.0,0.0,0.0,0.0,0.0,0.0,0.0,0.0,0.0,0.0,0.0,0.0,0.0,0.0,0.0,0.0,0.0,0.0,0.0,0.0,0.0,0.0,0.0,0.0,0.0,0.0,0.0,0.0,0.0,0.0,0.0,0.0,0.0,0.0,0.0,0.0,0.0,0.0,0.0,0.0,0.0,0.0,0.0,0.0,0.0,0.0,0.0,0.0,0.0,0.0,0.0,0.0,0.0,0.0,0.0,0.0,0.0,0.0,0.0,0.0,0.0,0.0,0.0,0.0,0.0,0.0,0.0,0.0,0.0,0.0,0.0,0.0,0.0,0.0,0.0,0.0,0.0,0.0,0.0,0.0,0.0,0.0,0.0,0.0,0.0,0.0,0.0,0.0,0.0,0.0,0.0,0.0,0.0,0.0,0.0,0.0,0.0,0.0,0.0,0.0,0.0,0.0,0.0,0.0,0.0,0.0,0.0,0.0,0.0,0.0,0.0,0.0,0.0,0.0,0.0,0.0,0.0,0.0,0.0,0.0,0.0,0.0,0.0,0.0,0.0,0.0,0.0,0.0,0.0,0.0,0.0,0.0,0.0,0.0,0.0,0.0,0.0,0.0,0.0,0.0,0.0,0.0,0.0,0.0,0.0,0.0,0.0,0.0,0.0,0.0,0.0,0.0,0.0,0.0,0.0,0.0,0.0,0.0,0.0,0.0,0.0,0.0,0.0,0.0,0.0,0.0,0.0,0.0,0.0,0.0,0.0,0.0,0.0,0.0,0.0,0.0,0.0,0.0,0.0,0.0,0.0,0.0,0.0,0.0,0.0,0.0,0.0,0.0,0.0,0.0,0.0,0.0,0.0,0.0,0.0,0.0,0.0,0.0,0.0,0.0,0.0,0.0,0.0,0.0,0.0,0.0,0.0,0.0,0.0,0.0,0.0,0.0,0.0,0.0,0.0,0.0,0.0,0.0,0.0,0.0,0.0,0.0,0.0,0.0,0.0,0.0,0.0,0.0,0.0,0.0,0.0,0.0,0.0,0.0,0.0,0.0,0.0,0.0,0.0,0.0,0.0,0.0,0.0,0.0,0.0,0.0,0.0,0.0,0.0,0.0,0.0,0.0,0.0,0.0,0.0,0.0,0.0,0.0,0.0,0.0,0.0,0.0,0.0,0.0,0.0,0.0,0.0,0.0,0.0,0.0,0.0,0.0,0.0,0.0,0.0,0.0,0.0,0.0,0.0,0.0,0.0,0.0,0.0,0.0,0.0,0.0,0.0,0.0,0.0,0.0,0.0,0.0,0.0,0.0,0.0,0.0,0.0,0.0,0.0,0.0,0.0,0.0,0.0,0.0,0.0,0.0,0.0,0.0,0.0,0.0,0.0,0.0,0.0,0.0,0.0,0.0,0.0,0.0,0.0,0.0,0.0,0.0,0.0,0.0,0.0,0.0,0.0,0.0,0.0,0.0,0.0,0.0,0.0,0.0,0.0,0.0,0.0,0.0,0.0,0.0,0.0,0.0,0.0,0.0,0.0,0.0,0.0,0.0,0.0,0.0,0.0,0.0,0.0,0.0,0.0,0.0,0.0,0.0,0.0,0.0,0.0,0.0,0.0,0.0,0.0,0.0,0.0,0.0,0.0,0.0,0.0,0.0,0.0,0.0,0.0,0.0,0.0,0.0,0.0,0.0,0.0,0.0,0.0,0.0,0.0,0.0,0.0,0.0,0.0,0.0,0.0,0.0,0.0,0.0,0.0,0.0,0.0,0.0,0.0,0.0,0.0,0.0,0.0,0.0,0.0,0.0,0.0,0.0,0.0,0.0,0.0,0.0,0.0,0.0,0.0,0.0,0.0,0.0,0.0,0.0,0.0,0.0,0.0,0.0,0.0,0.0,0.0,0.0,0.0,0.0,0.0,0.0,0.0,0.0,0.0,0.0,0.0,0.0,0.0,0.0,0.0,0.0,0.0,0.0,0.0,0.0,0.0,0.0,0.0,0.0,0.0,0.0,0.0,0.0,0.0,0.0,0.0,0.0,0.0,0.0,0.0,0.0,0.0,0.0,0.0,0.0,0.0,0.0,0.0,0.0,0.0,0.0,0.0,0.0,0.0,0.0,0.0,0.0,0.0,0.0,0.0,0.0,0.0,0.0,0.0,0.0,0.0,0.0,0.0,0.0,0.0,0.0,0.0,0.0,0.0,0.0,0.0,0.0,0.0,0.0,0.0,0.0,0.0,0.0,0.0,0.0,0.0,0.0,0.0,0.0,0.0,0.0,0.0,0.0,0.0,0.0,0.0,0.0,0.0,0.0,0.0,0.0,0.0,0.0,0.0,0.0,0.0,0.0,0.0,0.0,0.0,0.0,0.0,0.0,0.0,0.0,0.0,0.0,0.0,0.0,0.0,0.0,0.0,0.0,0.0,0.0,0.0,0.0,0.0,0.0,0.0,0.0,0.0,0.0,0.0,0.0,0.0,0.0,0.0,0.0,0.0,0.0,0.0,0.0,0.0,0.0,0.0,0.0,0.0,0.0,0.0,0.0,0.0,0.0,0.0,0.0,0.0,0.0,0.0,0.0,0.0,0.0,0.0,0.0,0.0,0.0,0.0,0.0,0.0,0.0,0.0,0.0,0.0,0.0,0.0,0.0,0.0,0.0,0.0,0.0,0.0,0.0,0.0,0.0,0.0,0.0,0.0,0.0,0.0,0.0,0.0,0.0,0.0,0.0,0.0,0.0,0.0,0.0,0.0,0.0,0.0,0.0,0.0,0.0,0.0,0.0,0.0,0.0,0.0,0.0,0.0,0.0,0.0,0.0,0.0,0.0,0.0,0.0,0.0,0.0,0.0,0.0,0.0,0.0,0.0,0.0,0.0,0.0,0.0,0.0,0.0,0.0,0.0,0.0,0.0,0.0,0.0,0.0,0.0,0.0,0.0,0.0,0.0,0.0,0.0,0.0,0.0,0.0,0.0,0.0,0.0,0.0,0.0,0.0,0.0,0.0,0.0,0.0,0.0,0.0,0.0,0.0,0.0,0.0,0.0,0.0,0.0,0.0,0.0,0.0,0.0,0.0,0.0,0.0,0.0,0.0,0.0,0.0,0.0,0.0,0.0,0.0,0.0,0.0,0.0,0.0,0.0,0.0,0.0,0.0,0.0,0.0,0.0,0.0,0.0,0.0,0.0,0.0,0.0,0.0,0.0,0.0,0.0,0.0,0.0,0.0,0.0,0.0
Tax96,0.0,-1.9392489,-1.6861211,-1.4193937,-1.1774145,-0.94414574,-0.7108834,-0.49946606,-0.29804972,-0.10630928,0.07535927,0.2471918,0.40884888,0.56225044,0.7058881,0.8526065,1.0177588,1.1746571,1.3289968,1.4770757,1.5861461,1.6961086,1.8536463,1.9868959,2.1006744,2.260159,2.3960478,2.5442848,2.6746557,2.826997,2.9420357,2.975802,3.1824198,3.3329847,3.471967,3.6749156,3.7847748,4.033011,3.8561018,4.0197663,3.9705951,3.9721017,4.013158,4.186799,4.3072095,4.2445335,4.3946733,4.460156,4.234326,4.2414145,4.2260466,3.9544008,3.9767904,3.8768582,3.9236548,3.766725,3.4697366,3.3835566,3.0753784,2.782446,2.297983,2.0268426,1.7985321,1.6898019,1.6382042,1.6389948,-1.876032,-1.808221,1.7937354,1.8608934,1.9398191,2.0086439,2.0102541,-1.8098078,2.0630078,-1.7957524,-1.7395312,-1.7182312,-1.6824471,-1.652189,-1.6074346,-1.5731713,-1.5443357,-1.5280123,-1.4802835,-1.3920084,2.345517,2.4009984,2.4326649,2.4922106,2.4691536,2.4587,2.429877,2.5007968,2.2876573,2.1566231,2.1309576,2.0250914,2.027871,1.8240675,1.6960912,1.5769377,1.6029118,1.4964412,1.4765248,1.306148,1.1756408,1.2134814,1.0717918,1.0430142,0.97263646,0.914352,0.8218128,0.6712937,0.47292024,-2.610547,-2.5540295,-2.5415895,-2.5200794,-2.502901,-2.5028076,-2.515089,-2.5238712,-2.520707,-2.505443,-2.4838128,-2.4888952,-2.5003102,-2.520642,-2.5050766,-2.5091414,-2.4990842,-2.480781,-2.480473,-2.477109,-2.4563484,-2.4525523,-2.4360821,-2.4344149,-2.4311347,-2.3930657,-2.370664,-2.360199,-2.3247554,-2.284259,-2.2557566,-2.2141218,-2.1763065,-2.1521318,-2.1264157,-2.0737293,-2.0374165,-1.974834,-1.9092251,-1.8602306,-1.8119534,-1.7427332,-1.7003269,-1.6610819,-1.6276169,-1.5946043,-1.5448363,-1.5204395,-1.4966465,-1.4601662,-1.4264767,-1.3995115,-1.3689802,-1.3444709,-1.3176737,-1.2824355,-1.2472932,-1.2152956,-1.1954342,-1.1623344,-1.134478,-1.1175212,-1.0991533,-1.0674912,-1.039268,-1.0155102,-0.99965495,-0.99261975,-0.9934306,-0.97423476,-0.96523875,-0.9397326,-0.92263335,-0.8942796,-0.88227904,-0.8697069,-0.8569479,-0.8429461,-0.82328707,-0.80925936,-0.7950046,-0.7774145,-0.76362693,-0.74943393,-0.73063755,-0.7024307,-0.6854357,-0.6720682,-0.64854205,-0.63215715,-0.6198234,-0.5985413,-0.58168817,-0.56619245,-0.55456775,-0.5374636,-0.5141891,-0.47812817,-0.45974138,-0.44628605,-0.43307397,-0.42402998,-0.4151726,-0.40253314,-0.39412394,-0.37362388,-0.3623438,-0.3510187,-0.3436739,-0.3336832,-0.3159427,-0.30431607,-0.29136714,-0.28260836,-0.27348363,-0.26786873,-0.2592049,-0.24427898,-0.2391754,-0.21993117,-0.21360974,-0.20619436,-0.20191197,-0.19544654,-0.1895956,-0.18359555,-0.17622204,-0.17078498,-0.16365127,-0.15847129,-0.14055969,-0.12843643,-0.121143974,-0.115082845,-0.108805664,-0.104713246,-0.084555015,-0.07695605,-0.06988382,-0.0684361,-0.056391507,-0.053431697,-0.046332274,-0.041829787,-0.03741765,-0.03289575,-0.028680539,-0.026315635,-0.022227123,-0.01646268,-0.012599795,-0.012338313,-0.0120808305,-0.010043758,-0.008049331,-0.004012805,-0.0039301165,-0.002087554,-0.0020442852,-0.0020019244,-0.0019604529,-0.0019199871,-0.001880421,-0.0018416889,-0.0018036156,0.0,0.0,0.0,0.0,0.0,0.0,0.0,0.0,0.0,0.0,0.0,0.0,0.0,0.0,0.0,0.0,0.0,0.0,0.0,0.0,0.0,0.0,0.0,0.0,0.0,0.0,0.0,0.0,0.0,0.0,0.0,0.0,0.0,0.0,0.0,0.0,0.0,0.0,0.0,0.0,0.0,0.0,0.0,0.0,0.0,0.0,0.0,0.0,0.0,0.0,0.0,0.0,0.0,0.0,0.0,0.0,0.0,0.0,0.0,0.0,0.0,0.0,0.0,0.0,0.0,0.0,0.0,0.0,0.0,0.0,0.0,0.0,0.0,0.0,0.0,0.0,0.0,0.0,0.0,0.0,0.0,0.0,0.0,0.0,0.0,0.0,0.0,0.0,0.0,0.0,0.0,0.0,0.0,0.0,0.0,0.0,0.0,0.0,0.0,0.0,0.0,0.0,0.0,0.0,0.0,0.0,0.0,0.0,0.0,0.0,0.0,0.0,0.0,0.0,0.0,0.0,0.0,0.0,0.0,0.0,0.0,0.0,0.0,0.0,0.0,0.0,0.0,0.0,0.0,0.0,0.0,0.0,0.0,0.0,0.0,0.0,0.0,0.0,0.0,0.0,0.0,0.0,0.0,0.0,0.0,0.0,0.0,0.0,0.0,0.0,0.0,0.0,0.0,0.0,0.0,0.0,0.0,0.0,0.0,0.0,0.0,0.0,0.0,0.0,0.0,0.0,0.0,0.0,0.0,0.0,0.0,0.0,0.0,0.0,0.0,0.0,0.0,0.0,0.0,0.0,0.0,0.0,0.0,0.0,0.0,0.0,0.0,0.0,0.0,0.0,0.0,0.0,0.0,0.0,0.0,0.0,0.0,0.0,0.0,0.0,0.0,0.0,0.0,0.0,0.0,0.0,0.0,0.0,0.0,0.0,0.0,0.0,0.0,0.0,0.0,0.0,0.0,0.0,0.0,0.0,0.0,0.0,0.0,0.0,0.0,0.0,0.0,0.0,0.0,0.0,0.0,0.0,0.0,0.0,0.0,0.0,0.0,0.0,0.0,0.0,0.0,0.0,0.0,0.0,0.0,0.0,0.0,0.0,0.0,0.0,0.0,0.0,0.0,0.0,0.0,0.0,0.0,0.0,0.0,0.0,0.0,0.0,0.0,0.0,0.0,0.0,0.0,0.0,0.0,0.0,0.0,0.0,0.0,0.0,0.0,0.0,0.0,0.0,0.0,0.0,0.0,0.0,0.0,0.0,0.0,0.0,0.0,0.0,0.0,0.0,0.0,0.0,0.0,0.0,0.0,0.0,0.0,0.0,0.0,0.0,0.0,0.0,0.0,0.0,0.0,0.0,0.0,0.0,0.0,0.0,0.0,0.0,0.0,0.0,0.0,0.0,0.0,0.0,0.0,0.0,0.0,0.0,0.0,0.0,0.0,0.0,0.0,0.0,0.0,0.0,0.0,0.0,0.0,0.0,0.0,0.0,0.0,0.0,0.0,0.0,0.0,0.0,0.0,0.0,0.0,0.0,0.0,0.0,0.0,0.0,0.0,0.0,0.0,0.0,0.0,0.0,0.0,0.0,0.0,0.0,0.0,0.0,0.0,0.0,0.0,0.0,0.0,0.0,0.0,0.0,0.0,0.0,0.0,0.0,0.0,0.0,0.0,0.0,0.0,0.0,0.0,0.0,0.0,0.0,0.0,0.0,0.0,0.0,0.0,0.0,0.0,0.0,0.0,0.0,0.0,0.0,0.0,0.0,0.0,0.0,0.0,0.0,0.0,0.0,0.0,0.0,0.0,0.0,0.0,0.0,0.0,0.0,0.0,0.0,0.0,0.0,0.0,0.0,0.0,0.0,0.0,0.0,0.0,0.0,0.0,0.0,0.0,0.0,0.0,0.0,0.0,0.0,0.0,0.0,0.0,0.0,0.0,0.0,0.0,0.0,0.0,0.0,0.0,0.0,0.0,0.0,0.0,0.0,0.0,0.0,0.0,0.0,0.0,0.0,0.0,0.0,0.0,0.0,0.0,0.0,0.0,0.0,0.0,0.0,0.0,0.0,0.0,0.0,0.0,0.0,0.0,0.0,0.0,0.0,0.0,0.0,0.0,0.0,0.0,0.0,0.0,0.0,0.0,0.0,0.0,0.0,0.0,0.0,0.0,0.0,0.0,0.0,0.0,0.0,0.0,0.0,0.0,0.0,0.0,0.0,0.0,0.0,0.0,0.0,0.0,0.0,0.0,0.0,0.0,0.0,0.0,0.0,0.0,0.0,0.0,0.0,0.0,0.0,0.0,0.0,0.0,0.0,0.0,0.0,0.0,0.0,0.0,0.0,0.0,0.0,0.0,0.0,0.0,0.0,0.0,0.0,0.0,0.0,0.0,0.0,0.0,0.0,0.0,0.0,0.0,0.0,0.0,0.0,0.0,0.0,0.0,0.0,0.0,0.0,0.0,0.0,0.0,0.0,0.0,0.0,0.0,0.0,0.0,0.0,0.0,0.0,0.0,0.0,0.0,0.0,0.0,0.0,0.0,0.0,0.0,0.0,0.0,0.0,0.0,0.0,0.0,0.0,0.0,0.0,0.0,0.0,0.0,0.0,0.0,0.0,0.0,0.0,0.0,0.0,0.0,0.0,0.0,0.0,0.0,0.0,0.0,0.0,0.0,0.0,0.0,0.0,0.0,0.0,0.0,0.0,0.0,0.0,0.0,0.0,0.0,0.0,0.0,0.0,0.0,0.0,0.0,0.0,0.0,0.0,0.0,0.0,0.0,0.0,0.0,0.0,0.0,0.0,0.0,0.0,0.0,0.0,0.0,0.0,0.0,0.0,0.0,0.0,0.0,0.0,0.0,0.0,0.0,0.0,0.0,0.0,0.0,0.0,0.0,0.0,0.0,0.0,0.0,0.0,0.0,0.0,0.0,0.0,0.0,0.0,0.0,0.0,0.0,0.0,0.0,0.0,0.0,0.0,0.0,0.0,0.0,0.0,0.0,0.0,0.0,0.0,0.0,0.0,0.0,0.0,0.0,0.0,0.0,0.0,0.0,0.0,0.0,0.0,0.0,0.0,0.0,0.0,0.0,0.0,0.0,0.0,0.0,0.0,0.0,0.0,0.0,0.0,0.0,0.0,0.0,0.0,0.0,0.0,0.0,0.0,0.0,0.0,0.0,0.0,0.0,0.0,0.0,0.0,0.0,0.0,0.0,0.0,0.0,0.0,0.0,0.0,0.0,0.0,0.0,0.0,0.0,0.0,0.0,0.0,0.0,0.0,0.0,0.0,0.0,0.0,0.0,0.0,0.0,0.0,0.0,0.0,0.0,0.0,0.0,0.0,0.0,0.0,0.0,0.0,0.0,0.0,0.0,0.0,0.0,0.0,0.0,0.0,0.0,0.0,0.0,0.0,0.0,0.0,0.0,0.0,0.0,0.0,0.0,0.0,0.0,0.0,0.0,0.0,0.0,0.0,0.0,0.0,0.0,0.0,0.0,0.0,0.0,0.0,0.0,0.0,0.0,0.0,0.0,0.0,0.0,0.0,0.0,0.0,0.0,0.0,0.0,0.0,0.0,0.0,0.0,0.0,0.0,0.0,0.0,0.0,0.0,0.0,0.0,0.0,0.0,0.0,0.0,0.0,0.0,0.0,0.0,0.0,0.0,0.0,0.0,0.0,0.0,0.0,0.0,0.0,0.0,0.0,0.0,0.0,0.0,0.0,0.0,0.0,0.0,0.0,0.0,0.0,0.0,0.0,0.0,0.0,0.0,0.0,0.0,0.0,0.0,0.0,0.0,0.0,0.0,0.0,0.0,0.0,0.0,0.0,0.0,0.0,0.0,0.0,0.0,0.0,0.0,0.0,0.0,0.0,0.0,0.0,0.0,0.0,0.0,0.0,0.0,0.0,0.0,0.0,0.0,0.0,0.0,0.0,0.0,0.0,0.0,0.0,0.0,0.0,0.0,0.0,0.0,0.0,0.0,0.0,0.0,0.0,0.0,0.0,0.0,0.0,0.0,0.0,0.0,0.0,0.0,0.0,0.0,0.0,0.0,0.0,0.0,0.0,0.0,0.0,0.0,0.0,0.0,0.0,0.0,0.0,0.0,0.0,0.0,0.0,0.0,0.0,0.0,0.0,0.0,0.0,0.0,0.0,0.0,0.0,0.0,0.0,0.0,0.0,0.0,0.0,0.0,0.0,0.0,0.0,0.0,0.0,0.0,0.0,0.0,0.0,0.0,0.0,0.0,0.0,0.0,0.0,0.0,0.0,0.0,0.0,0.0,0.0,0.0,0.0,0.0,0.0,0.0,0.0,0.0,0.0,0.0,0.0,0.0,0.0,0.0,0.0,0.0,0.0,0.0,0.0,0.0,0.0,0.0,0.0,0.0,0.0,0.0,0.0,0.0,0.0,0.0,0.0,0.0,0.0,0.0,0.0,0.0,0.0,0.0,0.0,0.0,0.0,0.0,0.0,0.0,0.0,0.0,0.0,0.0,0.0,0.0,0.0,0.0,0.0,0.0,0.0,0.0,0.0,0.0,0.0,0.0,0.0,0.0,0.0,0.0,0.0,0.0,0.0,0.0,0.0,0.0,0.0,0.0,0.0,0.0,0.0,0.0,0.0,0.0,0.0,0.0,0.0,0.0,0.0,0.0,0.0,0.0,0.0,0.0,0.0,0.0,0.0,0.0,0.0,0.0,0.0,0.0,0.0,0.0,0.0,0.0,0.0,0.0,0.0,0.0,0.0,0.0,0.0,0.0,0.0,0.0,0.0,0.0,0.0,0.0,0.0,0.0,0.0,0.0,0.0,0.0,0.0,0.0,0.0,0.0,0.0,0.0,0.0,0.0,0.0,0.0,0.0,0.0,0.0,0.0,0.0,0.0,0.0,0.0,0.0,0.0,0.0,0.0,0.0,0.0,0.0,0.0,0.0,0.0,0.0,0.0,0.0,0.0,0.0,0.0,0.0,0.0,0.0,0.0,0.0,0.0,0.0,0.0,0.0,0.0,0.0,0.0,0.0,0.0,0.0,0.0,0.0,0.0,0.0,0.0,0.0,0.0,0.0,0.0,0.0,0.0,0.0,0.0,0.0,0.0,0.0,0.0,0.0,0.0,0.0,0.0,0.0,0.0,0.0,0.0,0.0,0.0,0.0,0.0,0.0,0.0,0.0,0.0,0.0,0.0,0.0,0.0,0.0,0.0,0.0,0.0,0.0,0.0,0.0,0.0,0.0,0.0,0.0,0.0,0.0,0.0,0.0,0.0,0.0,0.0,0.0,0.0,0.0,0.0,0.0,0.0,0.0,0.0,0.0,0.0,0.0,0.0,0.0,0.0,0.0,0.0,0.0,0.0,0.0,0.0,0.0,0.0,0.0,0.0,0.0,0.0,0.0,0.0,0.0,0.0,0.0,0.0,0.0,0.0,0.0,0.0,0.0,0.0,0.0,0.0,0.0,0.0,0.0,0.0,0.0,0.0,0.0,0.0,0.0,0.0,0.0,0.0,0.0,0.0,0.0,0.0,0.0,0.0,0.0,0.0,0.0,0.0,0.0,0.0,0.0,0.0,0.0,0.0,0.0,0.0,0.0,0.0,0.0,0.0,0.0,0.0,0.0,0.0,0.0,0.0,0.0,0.0,0.0,0.0,0.0,0.0,0.0,0.0,0.0,0.0,0.0,0.0,0.0,0.0,0.0,0.0,0.0,0.0,0.0,0.0,0.0,0.0,0.0,0.0,0.0,0.0,0.0,0.0,0.0,0.0,0.0,0.0,0.0,0.0,0.0,0.0,0.0,0.0,0.0,0.0,0.0,0.0,0.0,0.0,0.0,0.0,0.0,0.0,0.0,0.0,0.0,0.0,0.0,0.0,0.0,0.0,0.0,0.0,0.0,0.0,0.0,0.0,0.0,0.0,0.0,0.0,0.0,0.0,0.0,0.0,0.0,0.0,0.0,0.0,0.0,0.0,0.0,0.0,0.0,0.0,0.0,0.0,0.0,0.0,0.0,0.0,0.0,0.0,0.0,0.0,0.0,0.0,0.0,0.0,0.0,0.0,0.0,0.0,0.0,0.0,0.0,0.0,0.0,0.0,0.0,0.0,0.0,0.0,0.0,0.0,0.0,0.0,0.0,0.0,0.0,0.0,0.0,0.0,0.0,0.0,0.0,0.0,0.0,0.0,0.0,0.0,0.0,0.0,0.0,0.0,0.0,0.0,0.0,0.0,0.0,0.0,0.0,0.0,0.0,0.0,0.0,0.0,0.0,0.0,0.0,0.0,0.0,0.0,0.0,0.0,0.0,0.0,0.0,0.0,0.0,0.0,0.0,0.0,0.0,0.0,0.0,0.0,0.0,0.0,0.0,0.0,0.0,0.0,0.0,0.0,0.0,0.0,0.0,0.0,0.0,0.0,0.0,0.0,0.0,0.0,0.0,0.0,0.0,0.0,0.0,0.0,0.0,0.0,0.0,0.0,0.0,0.0,0.0,0.0,0.0,0.0,0.0,0.0,0.0,0.0,0.0,0.0,0.0,0.0,0.0,0.0,0.0,0.0,0.0,0.0,0.0,0.0,0.0,0.0,0.0,0.0,0.0,0.0,0.0,0.0,0.0,0.0,0.0,0.0,0.0,0.0,0.0,0.0,0.0,0.0,0.0,0.0,0.0,0.0,0.0,0.0,0.0,0.0,0.0,0.0,0.0,0.0,0.0,0.0,0.0,0.0,0.0,0.0,0.0,0.0,0.0,0.0,0.0,0.0,0.0,0.0,0.0,0.0,0.0,0.0,0.0,0.0,0.0,0.0,0.0,0.0,0.0,0.0,0.0,0.0,0.0,0.0,0.0,0.0,0.0,0.0,0.0,0.0,0.0,0.0,0.0,0.0,0.0,0.0,0.0,0.0,0.0,0.0,0.0,0.0,0.0,0.0,0.0,0.0,0.0,0.0,0.0,0.0,0.0,0.0,0.0,0.0,0.0,0.0,0.0,0.0,0.0,0.0,0.0,0.0,0.0,0.0,0.0,0.0,0.0,0.0,0.0,0.0,0.0,0.0,0.0,0.0,0.0,0.0,0.0,0.0,0.0,0.0,0.0,0.0,0.0,0.0,0.0,0.0,0.0,0.0,0.0,0.0,0.0,0.0,0.0,0.0,0.0,0.0,0.0,0.0,0.0,0.0,0.0,0.0,0.0,0.0,0.0,0.0,0.0,0.0,0.0,0.0,0.0,0.0,0.0,0.0,0.0,0.0,0.0,0.0,0.0,0.0,0.0,0.0,0.0,0.0,0.0,0.0,0.0,0.0,0.0,0.0,0.0,0.0,0.0,0.0,0.0,0.0,0.0,0.0,0.0,0.0,0.0,0.0,0.0,0.0,0.0,0.0,0.0,0.0,0.0,0.0,0.0,0.0,0.0,0.0,0.0,0.0,0.0,0.0,0.0,0.0,0.0,0.0,0.0,0.0,0.0,0.0,0.0,0.0,0.0,0.0,0.0,0.0,0.0,0.0,0.0,0.0,0.0,0.0,0.0,0.0,0.0,0.0,0.0,0.0,0.0,0.0,0.0,0.0,0.0,0.0,0.0,0.0,0.0,0.0,0.0,0.0,0.0,0.0,0.0,0.0,0.0,0.0,0.0,0.0,0.0,0.0,0.0,0.0,0.0,0.0,0.0,0.0,0.0,0.0,0.0,0.0,0.0,0.0,0.0,0.0,0.0,0.0,0.0,0.0,0.0,0.0,0.0,0.0,0.0,0.0,0.0,0.0,0.0,0.0,0.0,0.0,0.0,0.0,0.0,0.0,0.0,0.0,0.0,0.0,0.0,0.0,0.0,0.0,0.0,0.0,0.0,0.0,0.0,0.0,0.0,0.0,0.0,0.0,0.0,0.0,0.0,0.0,0.0,0.0,0.0,0.0,0.0,0.0,0.0,0.0,0.0,0.0,0.0,0.0,0.0,0.0,0.0,0.0,0.0,0.0,0.0,0.0,0.0,0.0,0.0,0.0,0.0,0.0,0.0,0.0,0.0,0.0,0.0,0.0,0.0,0.0,0.0,0.0,0.0,0.0,0.0,0.0,0.0,0.0,0.0,0.0,0.0,0.0,0.0,0.0,0.0,0.0,0.0,0.0,0.0,0.0,0.0,0.0,0.0,0.0,0.0,0.0,0.0,0.0,0.0,0.0,0.0,0.0,0.0,0.0,0.0,0.0,0.0,0.0,0.0,0.0,0.0,0.0,0.0,0.0,0.0,0.0,0.0,0.0,0.0,0.0,0.0,0.0,0.0,0.0,0.0,0.0,0.0,0.0,0.0,0.0,0.0,0.0,0.0,0.0,0.0,0.0,0.0,0.0,0.0,0.0,0.0,0.0,0.0,0.0,0.0,0.0,0.0,0.0,0.0,0.0,0.0,0.0,0.0,0.0,0.0,0.0,0.0,0.0,0.0,0.0,0.0,0.0,0.0,0.0,0.0,0.0,0.0,0.0,0.0,0.0,0.0,0.0,0.0,0.0,0.0,0.0,0.0,0.0,0.0,0.0,0.0,0.0,0.0,0.0,0.0,0.0,0.0,0.0,0.0,0.0,0.0,0.0,0.0,0.0,0.0,0.0,0.0,0.0,0.0,0.0,0.0,0.0,0.0,0.0,0.0,0.0,0.0,0.0,0.0,0.0,0.0,0.0,0.0,0.0,0.0,0.0,0.0,0.0,0.0,0.0,0.0,0.0,0.0,0.0,0.0,0.0,0.0,0.0,0.0,0.0,0.0,0.0,0.0,0.0,0.0,0.0,0.0,0.0,0.0,0.0,0.0,0.0,0.0,0.0,0.0,0.0,0.0,0.0,0.0,0.0,0.0,0.0,0.0,0.0,0.0,0.0,0.0,0.0,0.0,0.0,0.0,0.0,0.0,0.0,0.0,0.0,0.0,0.0,0.0,0.0,0.0,0.0,0.0,0.0,0.0,0.0,0.0,0.0,0.0,0.0,0.0,0.0,0.0,0.0,0.0,0.0,0.0,0.0,0.0,0.0,0.0,0.0,0.0,0.0,0.0,0.0,0.0,0.0,0.0,0.0,0.0,0.0,0.0,0.0,0.0,0.0,0.0,0.0,0.0,0.0,0.0,0.0,0.0,0.0,0.0,0.0,0.0,0.0,0.0,0.0,0.0,0.0,0.0,0.0,0.0,0.0,0.0,0.0,0.0,0.0,0.0,0.0,0.0,0.0,0.0,0.0,0.0,0.0,0.0,0.0,0.0,0.0,0.0,0.0,0.0,0.0,0.0,0.0,0.0,0.0,0.0,0.0,0.0,0.0,0.0,0.0,0.0,0.0,0.0,0.0,0.0,0.0,0.0,0.0,0.0,0.0,0.0,0.0,0.0,0.0,0.0,0.0,0.0,0.0,0.0,0.0,0.0,0.0,0.0,0.0,0.0,0.0,0.0,0.0,0.0,0.0,0.0,0.0,0.0,0.0,0.0,0.0,0.0,0.0,0.0,0.0,0.0,0.0,0.0,0.0,0.0,0.0,0.0,0.0,0.0,0.0,0.0,0.0,0.0,0.0,0.0,0.0,0.0,0.0,0.0,0.0,0.0,0.0,0.0,0.0,0.0,0.0,0.0,0.0,0.0,0.0,0.0,0.0,0.0,0.0,0.0,0.0,0.0,0.0,0.0,0.0,0.0,0.0,0.0,0.0,0.0,0.0,0.0,0.0,0.0,0.0,0.0,0.0,0.0,0.0,0.0,0.0,0.0,0.0,0.0,0.0,0.0,0.0,0.0,0.0,0.0,0.0,0.0,0.0,0.0,0.0,0.0,0.0,0.0,0.0,0.0,0.0,0.0,0.0,0.0,0.0,0.0,0.0,0.0,0.0,0.0,0.0,0.0,0.0,0.0,0.0,0.0,0.0,0.0,0.0,0.0,0.0,0.0,0.0,0.0,0.0,0.0,0.0,0.0,0.0,0.0,0.0,0.0,0.0,0.0,0.0,0.0,0.0,0.0,0.0,0.0,0.0,0.0,0.0,0.0,0.0,0.0,0.0,0.0,0.0,0.0,0.0,0.0,0.0,0.0,0.0,0.0,0.0,0.0,0.0,0.0,0.0,0.0,0.0,0.0,0.0,0.0,0.0,0.0,0.0,0.0,0.0,0.0,0.0,0.0,0.0,0.0,0.0,0.0,0.0,0.0,0.0,0.0,0.0,0.0,0.0,0.0,0.0,0.0,0.0,0.0,0.0,0.0,0.0,0.0,0.0,0.0,0.0,0.0,0.0,0.0,0.0,0.0,0.0,0.0,0.0,0.0,0.0,0.0,0.0,0.0,0.0,0.0,0.0,0.0,0.0,0.0,0.0,0.0,0.0,0.0,0.0,0.0,0.0,0.0,0.0,0.0,0.0,0.0,0.0,0.0,0.0,0.0,0.0,0.0,0.0,0.0,0.0,0.0,0.0,0.0,0.0,0.0,0.0,0.0,0.0,0.0,0.0,0.0,0.0,0.0,0.0,0.0,0.0,0.0,0.0,0.0,0.0,0.0,0.0,0.0,0.0,0.0,0.0,0.0,0.0,0.0,0.0,0.0,0.0,0.0,0.0,0.0,0.0,0.0,0.0,0.0,0.0,0.0,0.0,0.0,0.0,0.0,0.0,0.0,0.0,0.0,0.0,0.0,0.0,0.0,0.0,0.0,0.0,0.0,0.0,0.0,0.0,0.0,0.0,0.0,0.0,0.0,0.0,0.0,0.0,0.0,0.0,0.0,0.0,0.0,0.0,0.0,0.0,0.0,0.0,0.0,0.0,0.0,0.0,0.0,0.0,0.0,0.0,0.0,0.0,0.0,0.0,0.0,0.0,0.0,0.0,0.0,0.0,0.0,0.0,0.0,0.0,0.0,0.0,0.0,0.0,0.0,0.0,0.0,0.0,0.0,0.0,0.0,0.0,0.0,0.0,0.0,0.0,0.0,0.0,0.0,0.0,0.0,0.0,0.0,0.0,0.0,0.0,0.0,0.0,0.0,0.0,0.0,0.0,0.0,0.0,0.0,0.0,0.0,0.0,0.0,0.0,0.0,0.0,0.0,0.0,0.0,0.0,0.0,0.0,0.0,0.0,0.0,0.0,0.0,0.0,0.0,0.0,0.0,0.0,0.0,0.0,0.0,0.0,0.0,0.0,0.0,0.0,0.0,0.0,0.0,0.0,0.0,0.0,0.0,0.0,0.0,0.0,0.0,0.0,0.0,0.0,0.0,0.0,0.0,0.0,0.0,0.0,0.0,0.0,0.0,0.0,0.0,0.0,0.0,0.0,0.0,0.0,0.0,0.0,0.0,0.0,0.0,0.0,0.0,0.0,0.0,0.0,0.0,0.0,0.0,0.0,0.0,0.0,0.0,0.0,0.0,0.0,0.0,0.0,0.0,0.0,0.0,0.0,0.0,0.0,0.0,0.0,0.0,0.0,0.0,0.0,0.0,0.0,0.0,0.0,0.0,0.0,0.0,0.0,0.0,0.0,0.0,0.0,0.0,0.0,0.0,0.0,0.0,0.0,0.0,0.0,0.0,0.0,0.0,0.0,0.0,0.0,0.0,0.0,0.0,0.0,0.0,0.0,0.0,0.0,0.0,0.0,0.0,0.0,0.0,0.0,0.0,0.0,0.0,0.0,0.0,0.0,0.0,0.0,0.0,0.0,0.0,0.0,0.0,0.0,0.0,0.0,0.0,0.0
Tax97,0.0,-2.7611668,-2.1568835,-1.566964,-0.98123676,-0.42321593,0.106504664,0.6267056,1.1422905,1.648844,2.1656518,2.6933808,3.2380657,3.8057213,4.39642,5.0154777,5.740817,6.459113,7.2140164,8.026986,8.82516,9.468773,10.036422,10.843223,11.614772,12.483544,13.203101,14.271761,13.797822,14.697063,15.808286,17.285229,18.71224,19.942392,21.147772,22.650312,23.855404,24.881258,25.91054,27.10546,28.596441,30.126959,32.56931,35.060432,36.245193,38.22667,41.223576,42.33785,44.02869,45.941475,47.69927,49.094635,50.8598,52.542847,54.518253,53.633274,53.820263,55.496548,55.348335,54.534966,52.206455,51.103725,50.029343,49.242653,51.365944,52.782,21.420752,23.31016,60.50184,63.219334,66.16773,68.09816,69.95809,29.749117,75.4321,32.601223,34.108456,36.14103,37.897152,40.019135,41.156193,42.54809,43.492302,45.277725,48.239155,50.75557,112.99123,115.40553,120.56681,122.736275,127.01214,132.44373,135.54994,138.57957,137.21498,135.42485,134.10551,135.92679,137.47963,137.34247,137.54558,138.3712,139.60132,140.3706,138.72884,139.33871,139.33461,140.23276,141.1661,141.80167,143.19142,143.19875,142.18266,139.07437,134.63924,35.4913,36.67104,37.886086,37.435646,36.247776,34.189453,31.79496,28.612236,26.597744,23.796436,21.068554,17.641167,11.7006645,6.8029323,2.755652,-1.3372686,-5.426118,-8.420756,-12.055318,-16.11449,-20.431444,-24.288124,-28.391953,-32.78559,-37.014923,-41.278812,-45.178116,-48.297157,-50.51832,-52.076675,-52.493736,-52.98546,-54.043858,-55.18135,-55.901787,-55.742355,-53.96824,-48.95217,-43.513016,-39.14554,-35.08583,-31.514982,-28.762861,-26.699522,-25.463945,-24.325323,-23.596756,-23.896404,-24.159082,-23.931858,-23.916826,-23.209965,-21.707018,-21.253685,-20.444801,-19.293781,-18.039635,-17.354296,-17.384346,-15.160262,-13.859676,-14.202661,-14.434444,-13.725883,-12.300331,-11.558051,-11.992027,-14.482223,-16.94688,-18.398354,-19.123846,-19.856136,-20.349468,-20.328737,-20.482962,-20.28385,-20.051353,-19.459589,-18.703037,-18.17733,-17.454277,-16.855982,-16.13862,-15.426761,-14.6030445,-13.973816,-13.245214,-12.296292,-11.625119,-11.082741,-10.425409,-9.826113,-9.222451,-8.420354,-7.9070477,-7.4365225,-6.815028,-6.347442,-5.863007,-5.3821745,-4.9749637,-4.626339,-4.311343,-3.9101787,-3.5633254,-3.2698312,-2.9271574,-2.6879895,-2.3944843,-2.237288,-2.0319827,-1.8684545,-1.6951592,-1.5110261,-1.4269102,-1.2615064,-1.1469857,-1.0472829,-0.9613236,-0.8310178,-0.7708112,-0.684083,-0.60481906,-0.5471153,-0.49809188,-0.4582971,-0.40928286,-0.35873252,-0.32449946,-0.29966193,-0.2829435,-0.2332447,-0.21495977,-0.20532712,-0.19646756,-0.18307708,-0.16065487,-0.13819787,-0.11182309,-0.10170314,-0.08805059,-0.076081224,-0.06505131,-0.058226258,-0.05373937,-0.04161728,-0.040392593,-0.036673345,-0.030646479,-0.029749377,-0.025670644,-0.022479808,-0.021835795,-0.021214154,-0.020601604,-0.011812037,-0.008427006,-0.008179644,-0.007939067,-0.007705331,-0.0025128955,0.0,0.0,0.0,0.0,0.0,0.0,0.0,0.0,0.0,0.0,0.0,0.0,0.0,0.0,0.0,0.0,0.0,0.0,0.0,0.0,0.0,0.0,0.0,0.0,0.0,0.0,0.0,0.0,0.0,0.0,0.0,0.0,0.0,0.0,0.0,0.0,0.0,0.0,0.0,0.0,0.0,0.0,0.0,0.0,0.0,0.0,0.0,0.0,0.0,0.0,0.0,0.0,0.0,0.0,0.0,0.0,0.0,0.0,0.0,0.0,0.0,0.0,0.0,0.0,0.0,0.0,0.0,0.0,0.0,0.0,0.0,0.0,0.0,0.0,0.0,0.0,0.0,0.0,0.0,0.0,0.0,0.0,0.0,0.0,0.0,0.0,0.0,0.0,0.0,0.0,0.0,0.0,0.0,0.0,0.0,0.0,0.0,0.0,0.0,0.0,0.0,0.0,0.0,0.0,0.0,0.0,0.0,0.0,0.0,0.0,0.0,0.0,0.0,0.0,0.0,0.0,0.0,0.0,0.0,0.0,0.0,0.0,0.0,0.0,0.0,0.0,0.0,0.0,0.0,0.0,0.0,0.0,0.0,0.0,0.0,0.0,0.0,0.0,0.0,0.0,0.0,0.0,0.0,0.0,0.0,0.0,0.0,0.0,0.0,0.0,0.0,0.0,0.0,0.0,0.0,0.0,0.0,0.0,0.0,0.0,0.0,0.0,0.0,0.0,0.0,0.0,0.0,0.0,0.0,0.0,0.0,0.0,0.0,0.0,0.0,0.0,0.0,0.0,0.0,0.0,0.0,0.0,0.0,0.0,0.0,0.0,0.0,0.0,0.0,0.0,0.0,0.0,0.0,0.0,0.0,0.0,0.0,0.0,0.0,0.0,0.0,0.0,0.0,0.0,0.0,0.0,0.0,0.0,0.0,0.0,0.0,0.0,0.0,0.0,0.0,0.0,0.0,0.0,0.0,0.0,0.0,0.0,0.0,0.0,0.0,0.0,0.0,0.0,0.0,0.0,0.0,0.0,0.0,0.0,0.0,0.0,0.0,0.0,0.0,0.0,0.0,0.0,0.0,0.0,0.0,0.0,0.0,0.0,0.0,0.0,0.0,0.0,0.0,0.0,0.0,0.0,0.0,0.0,0.0,0.0,0.0,0.0,0.0,0.0,0.0,0.0,0.0,0.0,0.0,0.0,0.0,0.0,0.0,0.0,0.0,0.0,0.0,0.0,0.0,0.0,0.0,0.0,0.0,0.0,0.0,0.0,0.0,0.0,0.0,0.0,0.0,0.0,0.0,0.0,0.0,0.0,0.0,0.0,0.0,0.0,0.0,0.0,0.0,0.0,0.0,0.0,0.0,0.0,0.0,0.0,0.0,0.0,0.0,0.0,0.0,0.0,0.0,0.0,0.0,0.0,0.0,0.0,0.0,0.0,0.0,0.0,0.0,0.0,0.0,0.0,0.0,0.0,0.0,0.0,0.0,0.0,0.0,0.0,0.0,0.0,0.0,0.0,0.0,0.0,0.0,0.0,0.0,0.0,0.0,0.0,0.0,0.0,0.0,0.0,0.0,0.0,0.0,0.0,0.0,0.0,0.0,0.0,0.0,0.0,0.0,0.0,0.0,0.0,0.0,0.0,0.0,0.0,0.0,0.0,0.0,0.0,0.0,0.0,0.0,0.0,0.0,0.0,0.0,0.0,0.0,0.0,0.0,0.0,0.0,0.0,0.0,0.0,0.0,0.0,0.0,0.0,0.0,0.0,0.0,0.0,0.0,0.0,0.0,0.0,0.0,0.0,0.0,0.0,0.0,0.0,0.0,0.0,0.0,0.0,0.0,0.0,0.0,0.0,0.0,0.0,0.0,0.0,0.0,0.0,0.0,0.0,0.0,0.0,0.0,0.0,0.0,0.0,0.0,0.0,0.0,0.0,0.0,0.0,0.0,0.0,0.0,0.0,0.0,0.0,0.0,0.0,0.0,0.0,0.0,0.0,0.0,0.0,0.0,0.0,0.0,0.0,0.0,0.0,0.0,0.0,0.0,0.0,0.0,0.0,0.0,0.0,0.0,0.0,0.0,0.0,0.0,0.0,0.0,0.0,0.0,0.0,0.0,0.0,0.0,0.0,0.0,0.0,0.0,0.0,0.0,0.0,0.0,0.0,0.0,0.0,0.0,0.0,0.0,0.0,0.0,0.0,0.0,0.0,0.0,0.0,0.0,0.0,0.0,0.0,0.0,0.0,0.0,0.0,0.0,0.0,0.0,0.0,0.0,0.0,0.0,0.0,0.0,0.0,0.0,0.0,0.0,0.0,0.0,0.0,0.0,0.0,0.0,0.0,0.0,0.0,0.0,0.0,0.0,0.0,0.0,0.0,0.0,0.0,0.0,0.0,0.0,0.0,0.0,0.0,0.0,0.0,0.0,0.0,0.0,0.0,0.0,0.0,0.0,0.0,0.0,0.0,0.0,0.0,0.0,0.0,0.0,0.0,0.0,0.0,0.0,0.0,0.0,0.0,0.0,0.0,0.0,0.0,0.0,0.0,0.0,0.0,0.0,0.0,0.0,0.0,0.0,0.0,0.0,0.0,0.0,0.0,0.0,0.0,0.0,0.0,0.0,0.0,0.0,0.0,0.0,0.0,0.0,0.0,0.0,0.0,0.0,0.0,0.0,0.0,0.0,0.0,0.0,0.0,0.0,0.0,0.0,0.0,0.0,0.0,0.0,0.0,0.0,0.0,0.0,0.0,0.0,0.0,0.0,0.0,0.0,0.0,0.0,0.0,0.0,0.0,0.0,0.0,0.0,0.0,0.0,0.0,0.0,0.0,0.0,0.0,0.0,0.0,0.0,0.0,0.0,0.0,0.0,0.0,0.0,0.0,0.0,0.0,0.0,0.0,0.0,0.0,0.0,0.0,0.0,0.0,0.0,0.0,0.0,0.0,0.0,0.0,0.0,0.0,0.0,0.0,0.0,0.0,0.0,0.0,0.0,0.0,0.0,0.0,0.0,0.0,0.0,0.0,0.0,0.0,0.0,0.0,0.0,0.0,0.0,0.0,0.0,0.0,0.0,0.0,0.0,0.0,0.0,0.0,0.0,0.0,0.0,0.0,0.0,0.0,0.0,0.0,0.0,0.0,0.0,0.0,0.0,0.0,0.0,0.0,0.0,0.0,0.0,0.0,0.0,0.0,0.0,0.0,0.0,0.0,0.0,0.0,0.0,0.0,0.0,0.0,0.0,0.0,0.0,0.0,0.0,0.0,0.0,0.0,0.0,0.0,0.0,0.0,0.0,0.0,0.0,0.0,0.0,0.0,0.0,0.0,0.0,0.0,0.0,0.0,0.0,0.0,0.0,0.0,0.0,0.0,0.0,0.0,0.0,0.0,0.0,0.0,0.0,0.0,0.0,0.0,0.0,0.0,0.0,0.0,0.0,0.0,0.0,0.0,0.0,0.0,0.0,0.0,0.0,0.0,0.0,0.0,0.0,0.0,0.0,0.0,0.0,0.0,0.0,0.0,0.0,0.0,0.0,0.0,0.0,0.0,0.0,0.0,0.0,0.0,0.0,0.0,0.0,0.0,0.0,0.0,0.0,0.0,0.0,0.0,0.0,0.0,0.0,0.0,0.0,0.0,0.0,0.0,0.0,0.0,0.0,0.0,0.0,0.0,0.0,0.0,0.0,0.0,0.0,0.0,0.0,0.0,0.0,0.0,0.0,0.0,0.0,0.0,0.0,0.0,0.0,0.0,0.0,0.0,0.0,0.0,0.0,0.0,0.0,0.0,0.0,0.0,0.0,0.0,0.0,0.0,0.0,0.0,0.0,0.0,0.0,0.0,0.0,0.0,0.0,0.0,0.0,0.0,0.0,0.0,0.0,0.0,0.0,0.0,0.0,0.0,0.0,0.0,0.0,0.0,0.0,0.0,0.0,0.0,0.0,0.0,0.0,0.0,0.0,0.0,0.0,0.0,0.0,0.0,0.0,0.0,0.0,0.0,0.0,0.0,0.0,0.0,0.0,0.0,0.0,0.0,0.0,0.0,0.0,0.0,0.0,0.0,0.0,0.0,0.0,0.0,0.0,0.0,0.0,0.0,0.0,0.0,0.0,0.0,0.0,0.0,0.0,0.0,0.0,0.0,0.0,0.0,0.0,0.0,0.0,0.0,0.0,0.0,0.0,0.0,0.0,0.0,0.0,0.0,0.0,0.0,0.0,0.0,0.0,0.0,0.0,0.0,0.0,0.0,0.0,0.0,0.0,0.0,0.0,0.0,0.0,0.0,0.0,0.0,0.0,0.0,0.0,0.0,0.0,0.0,0.0,0.0,0.0,0.0,0.0,0.0,0.0,0.0,0.0,0.0,0.0,0.0,0.0,0.0,0.0,0.0,0.0,0.0,0.0,0.0,0.0,0.0,0.0,0.0,0.0,0.0,0.0,0.0,0.0,0.0,0.0,0.0,0.0,0.0,0.0,0.0,0.0,0.0,0.0,0.0,0.0,0.0,0.0,0.0,0.0,0.0,0.0,0.0,0.0,0.0,0.0,0.0,0.0,0.0,0.0,0.0,0.0,0.0,0.0,0.0,0.0,0.0,0.0,0.0,0.0,0.0,0.0,0.0,0.0,0.0,0.0,0.0,0.0,0.0,0.0,0.0,0.0,0.0,0.0,0.0,0.0,0.0,0.0,0.0,0.0,0.0,0.0,0.0,0.0,0.0,0.0,0.0,0.0,0.0,0.0,0.0,0.0,0.0,0.0,0.0,0.0,0.0,0.0,0.0,0.0,0.0,0.0,0.0,0.0,0.0,0.0,0.0,0.0,0.0,0.0,0.0,0.0,0.0,0.0,0.0,0.0,0.0,0.0,0.0,0.0,0.0,0.0,0.0,0.0,0.0,0.0,0.0,0.0,0.0,0.0,0.0,0.0,0.0,0.0,0.0,0.0,0.0,0.0,0.0,0.0,0.0,0.0,0.0,0.0,0.0,0.0,0.0,0.0,0.0,0.0,0.0,0.0,0.0,0.0,0.0,0.0,0.0,0.0,0.0,0.0,0.0,0.0,0.0,0.0,0.0,0.0,0.0,0.0,0.0,0.0,0.0,0.0,0.0,0.0,0.0,0.0,0.0,0.0,0.0,0.0,0.0,0.0,0.0,0.0,0.0,0.0,0.0,0.0,0.0,0.0,0.0,0.0,0.0,0.0,0.0,0.0,0.0,0.0,0.0,0.0,0.0,0.0,0.0,0.0,0.0,0.0,0.0,0.0,0.0,0.0,0.0,0.0,0.0,0.0,0.0,0.0,0.0,0.0,0.0,0.0,0.0,0.0,0.0,0.0,0.0,0.0,0.0,0.0,0.0,0.0,0.0,0.0,0.0,0.0,0.0,0.0,0.0,0.0,0.0,0.0,0.0,0.0,0.0,0.0,0.0,0.0,0.0,0.0,0.0,0.0,0.0,0.0,0.0,0.0,0.0,0.0,0.0,0.0,0.0,0.0,0.0,0.0,0.0,0.0,0.0,0.0,0.0,0.0,0.0,0.0,0.0,0.0,0.0,0.0,0.0,0.0,0.0,0.0,0.0,0.0,0.0,0.0,0.0,0.0,0.0,0.0,0.0,0.0,0.0,0.0,0.0,0.0,0.0,0.0,0.0,0.0,0.0,0.0,0.0,0.0,0.0,0.0,0.0,0.0,0.0,0.0,0.0,0.0,0.0,0.0,0.0,0.0,0.0,0.0,0.0,0.0,0.0,0.0,0.0,0.0,0.0,0.0,0.0,0.0,0.0,0.0,0.0,0.0,0.0,0.0,0.0,0.0,0.0,0.0,0.0,0.0,0.0,0.0,0.0,0.0,0.0,0.0,0.0,0.0,0.0,0.0,0.0,0.0,0.0,0.0,0.0,0.0,0.0,0.0,0.0,0.0,0.0,0.0,0.0,0.0,0.0,0.0,0.0,0.0,0.0,0.0,0.0,0.0,0.0,0.0,0.0,0.0,0.0,0.0,0.0,0.0,0.0,0.0,0.0,0.0,0.0,0.0,0.0,0.0,0.0,0.0,0.0,0.0,0.0,0.0,0.0,0.0,0.0,0.0,0.0,0.0,0.0,0.0,0.0,0.0,0.0,0.0,0.0,0.0,0.0,0.0,0.0,0.0,0.0,0.0,0.0,0.0,0.0,0.0,0.0,0.0,0.0,0.0,0.0,0.0,0.0,0.0,0.0,0.0,0.0,0.0,0.0,0.0,0.0,0.0,0.0,0.0,0.0,0.0,0.0,0.0,0.0,0.0,0.0,0.0,0.0,0.0,0.0,0.0,0.0,0.0,0.0,0.0,0.0,0.0,0.0,0.0,0.0,0.0,0.0,0.0,0.0,0.0,0.0,0.0,0.0,0.0,0.0,0.0,0.0,0.0,0.0,0.0,0.0,0.0,0.0,0.0,0.0,0.0,0.0,0.0,0.0,0.0,0.0,0.0,0.0,0.0,0.0,0.0,0.0,0.0,0.0,0.0,0.0,0.0,0.0,0.0,0.0,0.0,0.0,0.0,0.0,0.0,0.0,0.0,0.0,0.0,0.0,0.0,0.0,0.0,0.0,0.0,0.0,0.0,0.0,0.0,0.0,0.0,0.0,0.0,0.0,0.0,0.0,0.0,0.0,0.0,0.0,0.0,0.0,0.0,0.0,0.0,0.0,0.0,0.0,0.0,0.0,0.0,0.0,0.0,0.0,0.0,0.0,0.0,0.0,0.0,0.0,0.0,0.0,0.0,0.0,0.0,0.0,0.0,0.0,0.0,0.0,0.0,0.0,0.0,0.0,0.0,0.0,0.0,0.0,0.0,0.0,0.0,0.0,0.0,0.0,0.0,0.0,0.0,0.0,0.0,0.0,0.0,0.0,0.0,0.0,0.0,0.0,0.0,0.0,0.0,0.0,0.0,0.0,0.0,0.0,0.0,0.0,0.0,0.0,0.0,0.0,0.0,0.0,0.0,0.0,0.0,0.0,0.0,0.0,0.0,0.0,0.0,0.0,0.0,0.0,0.0,0.0,0.0,0.0,0.0,0.0,0.0,0.0,0.0,0.0,0.0,0.0,0.0,0.0,0.0,0.0,0.0,0.0,0.0,0.0,0.0,0.0,0.0,0.0,0.0,0.0,0.0,0.0,0.0,0.0,0.0,0.0,0.0,0.0,0.0,0.0,0.0,0.0,0.0,0.0,0.0,0.0,0.0,0.0,0.0,0.0,0.0,0.0,0.0,0.0,0.0,0.0,0.0,0.0,0.0,0.0,0.0,0.0,0.0,0.0,0.0,0.0,0.0,0.0,0.0,0.0,0.0,0.0,0.0,0.0,0.0,0.0,0.0,0.0,0.0,0.0,0.0,0.0,0.0,0.0,0.0,0.0,0.0,0.0,0.0,0.0,0.0,0.0,0.0,0.0,0.0,0.0,0.0,0.0,0.0,0.0,0.0,0.0,0.0,0.0,0.0,0.0,0.0,0.0,0.0,0.0,0.0,0.0,0.0,0.0,0.0,0.0,0.0,0.0,0.0,0.0,0.0,0.0,0.0,0.0,0.0,0.0,0.0,0.0,0.0,0.0,0.0,0.0,0.0,0.0,0.0,0.0,0.0,0.0,0.0,0.0,0.0,0.0,0.0,0.0,0.0,0.0,0.0,0.0,0.0,0.0,0.0,0.0,0.0,0.0,0.0,0.0,0.0,0.0,0.0,0.0,0.0,0.0,0.0,0.0,0.0,0.0,0.0,0.0,0.0,0.0,0.0,0.0,0.0,0.0,0.0,0.0,0.0,0.0,0.0,0.0,0.0,0.0,0.0,0.0,0.0,0.0,0.0,0.0,0.0,0.0,0.0,0.0,0.0,0.0,0.0,0.0,0.0,0.0,0.0,0.0,0.0,0.0,0.0,0.0,0.0,0.0,0.0,0.0,0.0,0.0,0.0,0.0,0.0,0.0,0.0,0.0,0.0,0.0,0.0,0.0,0.0,0.0,0.0,0.0,0.0,0.0,0.0,0.0,0.0,0.0,0.0,0.0,0.0,0.0,0.0,0.0,0.0,0.0,0.0,0.0,0.0,0.0,0.0,0.0,0.0,0.0,0.0,0.0,0.0,0.0,0.0,0.0,0.0,0.0,0.0,0.0,0.0,0.0,0.0,0.0,0.0,0.0,0.0,0.0,0.0,0.0,0.0,0.0,0.0,0.0,0.0,0.0,0.0,0.0,0.0,0.0,0.0,0.0,0.0,0.0,0.0,0.0,0.0,0.0,0.0,0.0,0.0,0.0,0.0,0.0,0.0,0.0,0.0,0.0,0.0,0.0,0.0,0.0,0.0,0.0,0.0,0.0,0.0,0.0,0.0,0.0,0.0,0.0,0.0,0.0,0.0,0.0,0.0,0.0,0.0,0.0,0.0,0.0,0.0,0.0,0.0,0.0,0.0,0.0,0.0,0.0,0.0,0.0,0.0,0.0,0.0,0.0,0.0,0.0,0.0,0.0,0.0,0.0,0.0,0.0,0.0,0.0,0.0,0.0,0.0,0.0,0.0,0.0,0.0,0.0,0.0,0.0,0.0,0.0,0.0,0.0,0.0,0.0,0.0,0.0,0.0,0.0,0.0,0.0,0.0,0.0,0.0,0.0,0.0,0.0,0.0,0.0,0.0,0.0,0.0,0.0,0.0,0.0,0.0,0.0,0.0,0.0,0.0,0.0,0.0,0.0,0.0,0.0,0.0,0.0,0.0,0.0,0.0,0.0,0.0,0.0,0.0,0.0,0.0,0.0,0.0,0.0,0.0,0.0,0.0,0.0,0.0,0.0,0.0,0.0,0.0,0.0,0.0,0.0,0.0,0.0,0.0,0.0,0.0,0.0,0.0,0.0,0.0,0.0,0.0,0.0,0.0,0.0,0.0,0.0,0.0,0.0,0.0,0.0,0.0,0.0,0.0,0.0,0.0,0.0,0.0,0.0,0.0,0.0,0.0,0.0,0.0,0.0,0.0,0.0,0.0,0.0,0.0,0.0,0.0,0.0,0.0,0.0,0.0,0.0,0.0,0.0,0.0,0.0,0.0,0.0,0.0,0.0,0.0,0.0,0.0,0.0,0.0,0.0,0.0,0.0,0.0,0.0,0.0,0.0,0.0,0.0,0.0,0.0,0.0,0.0,0.0,0.0,0.0,0.0,0.0,0.0,0.0,0.0,0.0,0.0,0.0,0.0,0.0,0.0,0.0,0.0,0.0,0.0,0.0,0.0,0.0,0.0,0.0,0.0,0.0,0.0,0.0,0.0,0.0,0.0,0.0,0.0,0.0,0.0,0.0,0.0,0.0,0.0,0.0,0.0,0.0,0.0,0.0,0.0,0.0,0.0,0.0,0.0,0.0,0.0,0.0,0.0,0.0,0.0,0.0,0.0,0.0,0.0,0.0,0.0,0.0,0.0,0.0,0.0,0.0,0.0,0.0,0.0,0.0,0.0,0.0,0.0,0.0,0.0,0.0,0.0,0.0,0.0,0.0,0.0,0.0,0.0,0.0,0.0,0.0,0.0,0.0,0.0,0.0,0.0,0.0,0.0,0.0,0.0,0.0,0.0,0.0,0.0,0.0,0.0,0.0,0.0,0.0,0.0,0.0,0.0,0.0,0.0,0.0,0.0,0.0,0.0,0.0,0.0,0.0,0.0,0.0,0.0,0.0,0.0,0.0,0.0,0.0,0.0,0.0,0.0,0.0,0.0,0.0,0.0,0.0,0.0,0.0,0.0,0.0,0.0,0.0,0.0,0.0,0.0,0.0,0.0,0.0,0.0,0.0,0.0,0.0,0.0,0.0,0.0,0.0,0.0,0.0,0.0,0.0,0.0,0.0,0.0,0.0,0.0,0.0,0.0,0.0,0.0,0.0,0.0,0.0,0.0,0.0,0.0,0.0,0.0,0.0,0.0,0.0,0.0,0.0,0.0,0.0,0.0,0.0,0.0,0.0,0.0,0.0,0.0,0.0,0.0,0.0,0.0,0.0,0.0,0.0,0.0,0.0,0.0,0.0,0.0,0.0,0.0,0.0,0.0,0.0,0.0,0.0,0.0,0.0,0.0,0.0,0.0,0.0,0.0,0.0,0.0,0.0,0.0,0.0,0.0,0.0,0.0,0.0,0.0,0.0,0.0,0.0,0.0,0.0,0.0,0.0,0.0,0.0,0.0,0.0,0.0,0.0,0.0,0.0,0.0,0.0,0.0,0.0,0.0,0.0,0.0,0.0,0.0,0.0,0.0,0.0,0.0,0.0,0.0,0.0,0.0,0.0,0.0,0.0,0.0,0.0,0.0,0.0,0.0,0.0,0.0,0.0,0.0,0.0,0.0,0.0,0.0,0.0,0.0,0.0,0.0,0.0,0.0,0.0,0.0,0.0,0.0,0.0,0.0,0.0,0.0,0.0,0.0,0.0,0.0,0.0,0.0,0.0,0.0,0.0,0.0,0.0,0.0,0.0,0.0,0.0,0.0,0.0,0.0,0.0,0.0,0.0,0.0,0.0,0.0,0.0,0.0,0.0,0.0,0.0,0.0,0.0,0.0,0.0,0.0,0.0,0.0,0.0,0.0,0.0,0.0,0.0,0.0,0.0,0.0,0.0,0.0,0.0,0.0,0.0,0.0,0.0,0.0,0.0,0.0,0.0,0.0,0.0,0.0,0.0,0.0,0.0,0.0,0.0,0.0,0.0,0.0,0.0,0.0,0.0,0.0,0.0,0.0,0.0,0.0,0.0,0.0,0.0,0.0,0.0,0.0,0.0,0.0,0.0,0.0,0.0,0.0,0.0,0.0,0.0,0.0,0.0,0.0,0.0,0.0,0.0,0.0,0.0,0.0,0.0,0.0,0.0,0.0,0.0,0.0,0.0,0.0,0.0,0.0,0.0,0.0,0.0,0.0,0.0,0.0,0.0,0.0,0.0,0.0,0.0,0.0,0.0,0.0,0.0,0.0,0.0,0.0,0.0,0.0,0.0,0.0,0.0,0.0,0.0,0.0,0.0,0.0,0.0,0.0,0.0,0.0,0.0,0.0,0.0,0.0,0.0,0.0,0.0,0.0,0.0,0.0,0.0,0.0,0.0,0.0,0.0,0.0,0.0,0.0,0.0,0.0,0.0,0.0,0.0,0.0,0.0,0.0,0.0,0.0,0.0,0.0,0.0,0.0,0.0,0.0,0.0,0.0,0.0,0.0,0.0,0.0,0.0,0.0,0.0,0.0,0.0,0.0,0.0,0.0,0.0,0.0,0.0,0.0,0.0,0.0,0.0,0.0,0.0,0.0,0.0,0.0,0.0,0.0,0.0,0.0,0.0,0.0,0.0,0.0,0.0,0.0,0.0,0.0,0.0,0.0,0.0,0.0,0.0,0.0,0.0,0.0,0.0,0.0,0.0,0.0,0.0,0.0,0.0,0.0,0.0,0.0,0.0,0.0,0.0,0.0,0.0,0.0,0.0,0.0,0.0,0.0,0.0,0.0,0.0,0.0,0.0,0.0,0.0,0.0,0.0,0.0,0.0,0.0,0.0,0.0,0.0,0.0,0.0,0.0,0.0,0.0,0.0,0.0,0.0,0.0,0.0,0.0,0.0,0.0,0.0,0.0,0.0,0.0,0.0,0.0,0.0,0.0,0.0,0.0,0.0,0.0,0.0,0.0,0.0,0.0,0.0,0.0,0.0,0.0,0.0,0.0,0.0,0.0,0.0
Tax98,0.0,-1.7642877,-1.3774008,-0.9503321,-0.49868459,-0.025474334,0.44857076,0.9307344,1.4239645,1.9220922,2.4371676,2.9537146,3.4800189,4.0168424,4.5647593,5.121427,5.6227036,6.1992126,6.8690157,7.402068,8.054161,8.695022,9.400284,9.95921,10.549776,11.134964,11.783428,12.18738,13.066027,13.828143,14.737321,15.229799,16.44591,17.511848,18.187449,19.446962,20.652737,21.765467,22.583485,23.625988,24.932316,25.859571,27.721783,29.54062,31.249598,33.12026,34.96649,36.527523,37.67953,39.395683,41.36561,42.599285,45.014793,46.094917,48.419346,49.660515,50.049603,51.723038,52.16026,53.111103,52.819794,53.089874,53.19752,54.149094,57.129543,59.165436,11.498968,12.438179,67.10091,70.66302,74.12008,77.38492,80.607086,16.948927,86.99787,18.471607,18.979351,20.08295,20.937502,22.063509,22.96025,23.779345,24.118143,25.29694,26.771978,28.480192,122.656044,127.51559,133.2337,139.83076,147.74254,154.28503,160.82487,166.26862,169.87584,172.87352,176.38904,182.00363,186.49663,190.96103,194.70203,198.8633,204.61044,210.66818,215.45831,219.25705,224.75165,228.75899,234.85812,239.69698,244.01894,249.94022,253.20976,254.13509,254.21402,40.71315,41.623516,43.3278,42.619827,41.917877,40.17131,38.09129,36.110058,34.049004,31.716043,29.541262,27.115307,22.107061,17.056192,13.2776575,9.497731,5.915215,2.7425666,-1.1328884,-5.3113055,-9.839124,-13.931511,-18.648815,-23.343113,-28.235212,-33.151108,-37.92816,-41.80708,-44.66561,-46.9853,-48.479618,-49.95223,-52.153107,-54.235104,-56.164608,-57.212334,-56.809513,-53.38642,-49.25817,-45.623146,-41.98178,-38.376583,-35.416805,-33.18157,-32.065147,-30.84229,-30.097792,-30.55487,-31.030825,-31.126688,-31.32695,-30.782234,-29.385277,-29.209911,-28.536198,-27.484324,-26.262825,-25.657156,-25.95439,-23.07044,-21.262867,-21.901937,-22.24393,-21.47033,-19.204401,-18.02125,-18.597382,-22.667248,-27.18652,-30.082338,-32.005455,-33.892258,-35.31121,-36.00156,-36.81352,-37.34645,-37.755917,-37.645367,-37.299034,-37.079403,-36.83776,-36.468258,-36.028008,-35.332577,-34.64643,-34.23558,-33.49529,-32.735085,-31.934881,-31.110828,-30.434877,-29.631754,-28.749197,-28.032124,-27.066595,-26.113716,-25.222527,-24.446058,-23.528715,-22.710108,-21.81238,-21.06127,-20.157213,-19.4323,-18.81151,-18.166231,-17.37643,-16.618858,-15.880798,-15.264225,-14.658548,-14.06563,-13.565436,-13.043821,-12.536432,-12.035195,-11.64466,-11.146835,-10.682886,-10.297446,-9.856655,-9.458961,-9.009682,-8.606449,-8.236891,-7.9662657,-7.670869,-7.395439,-7.1111484,-6.7986574,-6.509948,-6.1959276,-5.920788,-5.7009096,-5.517371,-5.286846,-5.064231,-4.830821,-4.6493354,-4.454341,-4.2578125,-4.0864816,-3.930529,-3.7265532,-3.593853,-3.4383004,-3.297342,-3.1633751,-2.986325,-2.8559582,-2.7250934,-2.6351354,-2.542885,-2.424981,-2.2900367,-2.212639,-2.1396058,-2.0602536,-1.9614451,-1.8701072,-1.7811103,-1.7202984,-1.6563001,-1.5910578,-1.5227574,-1.4756359,-1.4227235,-1.36951,-1.3104906,-1.2699975,-1.2118967,-1.1728971,-1.1178159,-1.0696384,-1.0345007,-0.9994156,-0.9701275,-0.9500724,-0.9254126,-0.8804687,-0.8555022,-0.82748014,-0.79004943,-0.7565488,-0.7274396,-0.69132954,-0.6555576,-0.6258894,-0.5857484,-0.5495842,-0.5119863,-0.47473294,-0.4395628,-0.40024883,-0.35351494,-0.30336797,-0.24648759,-0.19091612,-0.13088568,-0.067500606,0.0009929644,0.08461417,0.18185891,0.29729044,0.4083299,0.5519906,0.7919669,1.2081537,1.7193747,2.2381203,2.4862008,2.6575248,2.8545344,3.0714998,3.3060305,3.654871,4.0245237,4.3773756,5.0355678,5.7004724,6.46418,7.4327374,8.581612,26.03096,34.02867,44.13758,57.762413,74.14672,94.15142,115.91994,140.3372,164.49838,185.0107,200.70773,214.17622,210.51659,180.69945,126.979546,72.73564,29.796051,4.6343427,-5.9121456,-9.6095085,-10.263748,-9.550116,-8.472033,-7.5056186,-6.8261414,-5.814131,-4.398309,-3.2484229,-14.096481,-11.722213,-9.251118,-6.7769203,-4.3351545,-1.9461887,0.3851001,2.6525207,4.838383,6.9803357,9.073722,11.126278,13.1394825,15.108771,17.05857,18.944435,20.81075,22.659727,24.453962,26.277554,28.050495,29.866129,31.804081,34.009827,36.223602,37.964268,40.16692,42.486847,44.031864,46.32032,47.19338,49.296627,51.338375,54.378117,56.98874,59.76761,62.22112,62.978916,64.12993,65.90193,67.9853,68.79579,72.354294,75.2445,79.45161,83.663795,85.73107,88.52794,91.16717,93.911644,96.432686,99.347694,100.093414,103.18786,103.48471,103.57018,105.56727,103.8464,101.62059,97.0758,94.839096,93.02928,91.70633,94.9919,98.04326,-0.6927271,1.5518118,112.75316,119.04006,124.93244,129.41263,131.5981,6.5636826,139.30916,8.866086,10.131544,12.587745,14.175635,16.418695,18.309849,20.246138,21.283152,24.29404,27.908699,31.499414,206.82605,214.33057,224.83264,231.07103,240.07797,248.5164,256.52435,263.17706,264.28806,264.0352,266.08865,272.6797,279.54395,284.0578,288.81604,295.01257,301.88977,309.2767,315.642,322.4573,330.05746,339.692,349.13702,358.76453,369.9946,380.59842,391.26547,395.48087,397.15652,41.74048,47.13153,52.929436,55.09233,56.684017,56.780205,56.208603,55.226368,54.489567,52.965122,51.762253,49.371395,41.341377,34.71162,29.963663,23.98407,19.023756,14.971328,8.183017,0.9413214,-7.748083,-15.930005,-26.090988,-36.25345,-47.534355,-59.169918,-70.28026,-78.704155,-84.083626,-88.400024,-90.713646,-93.44492,-98.05034,-102.72831,-106.758865,-109.26612,-108.36531,-101.22879,-92.354324,-84.4872,-76.766,-69.13373,-62.99384,-58.07864,-55.50369,-52.757328,-50.849785,-51.560375,-52.760944,-53.082195,-53.76619,-52.78769,-49.455315,-48.74329,-47.196114,-44.541637,-41.706085,-39.959927,-40.500305,-33.31591,-28.548092,-29.566751,-30.039833,-27.941458,-22.07645,-18.358328,-19.126701,-29.49348,-41.74398,-50.14459,-56.10577,-61.517044,-65.87837,-68.10681,-70.69614,-72.59874,-74.26477,-74.84089,-74.324326,-74.287346,-73.9175,-73.4566,-72.82507,-71.626976,-70.44633,-69.16755,-67.82043,-66.43695,-64.883766,-63.479836,-62.29125,-60.75126,-58.99949,-57.065815,-55.317924,-53.575687,-51.856213,-50.10814,-48.489857,-46.95052,-45.349167,-43.80342,-42.16385,-40.463436,-38.899185,-37.489075,-35.997105,-34.81138,-33.427742,-32.163082,-30.90386,-29.660189,-28.406153,-27.219032,-26.136395,-25.02871,-23.987938,-23.165747,-22.179169,-21.272987,-20.44249,-19.553389,-18.711887,-18.013508,-17.303225,-16.690565,-15.98852,-15.382037,-14.777362,-14.253059,-13.6813545,-13.094033,-12.575827,-12.062178,-11.605363,-11.159307,-10.679414,-10.209415,-9.767889,-9.350571,-8.992759,-8.657799,-8.325514,-7.955044,-7.6132627,-7.271338,-6.9674573,-6.6931233,-6.3857546,-6.13733,-5.8830895,-5.640286,-5.3964725,-5.1588984,-4.9076853,-4.7277637,-4.540009,-4.341879,-4.1810226,-4.003053,-3.865542,-3.7264123,-3.5775487,-3.437193,-3.276205,-3.16515,-3.0372555,-2.9293478,-2.8172252,-2.7203991,-2.6040993,-2.5031474,-2.4001226,-2.3188906,-2.239398,-2.1509306,-2.0611162,-2.0061452,-1.9404328,-1.8647195,-1.789149,-1.7068142,-1.6488816,-1.5753025,-1.4906136,-1.415644,-1.3442754,-1.2788249,-1.2036977,-1.120732,-1.0367883,-0.9479933,-0.85931695,-0.77514267,-0.6684618,-0.56403786,-0.450454,-0.32642645,-0.2011371,-0.06289368,0.08451807,0.26268536,0.46684462,0.7045463,0.92991984,1.2208247,1.7097971,2.5495863,3.5605865,4.5649743,4.9828887,5.2055063,5.465685,5.7601986,6.0122714,6.448056,6.927913,7.265603,8.021265,8.679316,9.40642,10.234236,11.110493,32.72064,38.43557,44.054104,49.91215,54.455173,58.04959,59.662796,58.961735,55.53471,50.297688,43.904526,37.303543,28.94059,19.599464,13.002549,10.34549,10.047151,9.975296,10.935728,11.232803,11.805676,12.615136,13.314138,13.759114,14.183253,14.892442,15.618694,16.65501,-5.3819685,-4.5263143,-3.6433616,-2.7611566,-1.8944882,-1.0499858,-0.22994861,0.55521965,1.3205291,2.0657244,2.791806,3.4958494,4.1928988,4.888514,5.565692,6.234412,6.901312,7.5448546,8.165157,8.802904,9.391954,9.998512,10.653595,11.310346,12.010894,12.69643,13.329345,14.159415,15.422821,16.289265,16.909693,17.53243,18.197653,19.022123,20.3343,21.30862,22.508657,22.455494,22.805677,22.154764,22.855753,23.127731,24.742044,24.97309,26.953745,28.349077,29.008312,29.996101,31.066525,32.465565,33.327827,34.609264,35.218693,35.752903,35.086662,34.954136,35.34544,34.590492,33.948246,32.190086,31.026888,30.341413,29.858341,30.883518,32.297745,-1.1541512,-0.29202482,37.618824,40.017124,42.595528,44.4538,45.657475,1.9384259,48.01487,2.7188685,3.068516,4.015105,4.6349564,5.4402814,6.1336374,6.7860055,7.2275205,8.33618,9.6916,11.192761,72.566574,76.325485,80.583176,83.318054,86.59092,90.181656,92.19567,94.95056,94.810036,94.59785,95.55236,98.63382,100.36232,102.603615,104.52172,106.51696,109.207275,113.62569,117.08152,118.998375,122.59106,126.728935,131.71019,135.2496,139.84604,143.8855,148.95456,151.36505,152.98375,14.986219,17.11494,19.833006,21.4153,22.526693,23.283426,23.211628,22.788227,22.686592,22.159681,22.232336,21.458971,18.003185,15.195931,13.352667,11.195887,9.072452,7.4737744,4.7523627,1.5486975,-2.1693752,-5.7061057,-9.901215,-14.312011,-19.004725,-23.857254,-28.527412,-32.18847,-34.652687,-36.641674,-37.641003,-38.971138,-40.96242,-42.84181,-44.60858,-45.644676,-45.259296,-42.532486,-39.012306,-35.72897,-32.276134,-28.778214,-25.83108,-23.408766,-21.99308,-20.649046,-19.686228,-19.82778,-20.327963,-20.452877,-20.821875,-20.338297,-18.842676,-18.541124,-17.789726,-16.627335,-15.256327,-14.384078,-14.4991,-11.257875,-8.89337,-9.131161,-9.316419,-8.27551,-5.4679713,-3.4989405,-3.6892257,-8.59198,-14.498825,-18.637033,-21.605534,-24.31135,-26.405716,-27.60349,-28.93584,-29.877588,-30.614439,-30.88391,-30.851414,-30.848822,-30.728792,-30.689434,-30.450148,-29.923117,-29.413206,-28.974709,-28.338375,-27.706394,-27.138937,-26.466454,-25.933987,-25.414257,-24.775627,-24.057129,-23.290705,-22.486614,-21.626987,-20.940235,-20.113604,-19.40149,-18.77918,-17.975822,-17.179054,-16.520693,-15.8697815,-15.28245,-14.686243,-14.0568075,-13.5229225,-12.983004,-12.430029,-11.866663,-11.329189,-10.884235,-10.413277,-10.008031,-9.668163,-9.236284,-8.950403,-8.547141,-8.153567,-7.80772,-7.518719,-7.1717467,-6.84794,-6.61782,-6.356998,-6.0999975,-5.8287177,-5.5494275,-5.313779,-5.0967226,-4.8633246,-4.6620073,-4.4624753,-4.2890263,-4.1758084,-3.965655,-3.7999635,-3.6342323,-3.4959862,-3.3524199,-3.2029643,-3.0726488,-2.950846,-2.8278382,-2.7063282,-2.5459757,-2.4314554,-2.3434093,-2.251929,-2.1617773,-2.035508,-1.9597652,-1.8847498,-1.7831002,-1.6926093,-1.6253746,-1.5588648,-1.5011019,-1.4512633,-1.3752986,-1.3127444,-1.260155,-1.2200537,-1.1576413,-1.1255195,-1.0802544,-1.0457789,-1.0185564,-0.98298144,-0.95143175,-0.9039407,-0.85968894,-0.8321268,-0.79761046,-0.768242,-0.74453807,-0.706924,-0.6778204,-0.6418978,-0.6117749,-0.5877724,-0.564573,-0.5443433,-0.51501787,-0.4821028,-0.45735466,-0.4280527,-0.40237084,-0.37238213,-0.3450689,-0.31542695,-0.28411505,-0.24898463,-0.21427812,-0.17185698,-0.13343035,-0.09295679,-0.049481727,-0.002474069,0.053971678,0.118238315,0.19289733,0.26387736,0.35495135,0.51160336,0.7775106,1.096516,1.3973259,1.5239384,1.5880772,1.6598474,1.7502861,1.815987,1.9432651,2.0846114,2.168055,2.398906,2.597468,2.8197632,3.076216,3.3528059,9.982589,11.762802,13.561809,15.437879,17.13931,18.716696,19.722248,20.119278,19.753672,18.994967,17.957333,16.809912,15.05411,12.019009,8.591581,6.2884154,5.194803,4.8593616,4.8558702,4.931527,5.1200624,5.4677367,5.7295556,6.035211,6.190895,6.413868,6.6474934,7.114393,-2.1741729,-1.8325906,-1.4810299,-1.1206874,-0.7792456,-0.44684765,-0.12440015,0.18841107,0.49252266,0.78823626,1.0772055,1.3603287,1.638236,1.9126939,2.1844761,2.4548757,2.7018788,2.968933,3.2368646,3.4795098,3.7184832,3.9772484,4.2047963,4.462889,4.7223983,5.025647,5.294073,5.640465,6.2052255,6.535662,6.653461,6.8831067,7.075147,7.4881134,8.107759,8.341957,8.815727,8.813972,8.950458,8.8190565,9.081807,8.900187,9.52443,9.909983,10.562386,11.023094,11.331739,11.605734,12.129384,12.674564,13.075772,13.629487,13.861599,13.795055,13.308238,12.976787,13.136385,12.939088,12.660861,11.919846,11.56638,11.2825775,11.135785,11.535491,12.043044,-0.48204765,-0.18386312,14.079785,15.0298,16.026928,16.788332,17.152773,0.8650994,18.424156,1.1430429,1.2959437,1.6390421,1.8421516,2.167248,2.3952625,2.6843243,2.817372,3.264963,3.761665,4.374856,28.187904,29.319868,31.149982,32.243076,33.80008,34.957977,36.234882,37.119633,36.92912,37.11852,37.65722,38.943974,40.11338,40.91346,41.32328,42.43716,43.591507,45.40823,46.51707,47.731667,48.91699,51.180153,52.652096,54.858784,56.41727,59.06308,60.389988,62.20776,63.20585,7.052588,7.9137177,9.091158,9.656663,9.982651,10.4247465,10.349703,10.434283,10.3484955,9.991152,10.01171,9.88339,8.316688,7.139389,6.561721,5.5415015,4.684602,4.067557,2.9076095,1.5390022,0.015068091,-1.405733,-3.172018,-5.0200257,-6.9176,-8.905652,-10.905495,-12.455796,-13.437552,-14.287187,-14.69766,-15.237322,-16.018318,-16.860758,-17.56509,-18.106588,-18.048485,-16.991838,-15.561751,-14.172591,-12.8547125,-11.539377,-10.327448,-9.348732,-8.752692,-8.168455,-7.744501,-7.79748,-7.9953675,-8.051717,-8.175773,-8.028917,-7.461843,-7.2710037,-6.9775786,-6.5064697,-5.936395,-5.5755863,-5.621938,-4.276817,-3.2469823,-3.3094156,-3.360247,-2.93117,-1.750103,-0.88589835,-0.92241096,-2.9303198,-5.4353366,-7.22814,-8.537126,-9.654693,-10.607952,-11.171772,-11.740045,-12.195723,-12.425285,-12.577096,-12.521708,-12.498742,-12.417454,-12.376846,-12.257051,-12.03511,-11.858449,-11.616227,-11.42708,-11.130768,-10.845454,-10.6928835,-10.404875,-10.102271,-9.843927,-9.447763,-9.127805,-8.851426,-8.532686,-8.276459,-7.9826283,-7.7365894,-7.464043,-7.2275844,-6.9788985,-6.752899,-6.50565,-6.2571864,-6.015687,-5.7843385,-5.5957236,-5.376273,-5.1691017,-4.9984603,-4.8192754,-4.5500617,-4.3748145,-4.236719,-4.1072245,-3.8956904,-3.7546277,-3.6143572,-3.4250305,-3.2684412,-3.1408184,-3.0247343,-2.9065504,-2.7936375,-2.657636,-2.546112,-2.4357903,-2.3618271,-2.277848,-2.1638143,-2.081589,-2.0071619,-1.9044148,-1.8201445,-1.7346345,-1.6723399,-1.6225061,-1.5587145,-1.489697,-1.4089736,-1.3351762,-1.2627833,-1.2258822,-1.1737212,-1.1355822,-1.0652812,-1.0340486,-0.9967231,-0.94960004,-0.91865146,-0.88665766,-0.8469498,-0.8181251,-0.7876447,-0.7448092,-0.7212132,-0.68924814,-0.6624361,-0.63595784,-0.6101253,-0.5778282,-0.5520815,-0.53605425,-0.5116594,-0.4881534,-0.47666395,-0.45363897,-0.42922693,-0.4149015,-0.3990579,-0.3890767,-0.37507918,-0.35776165,-0.3512264,-0.33591023,-0.32985654,-0.31813663,-0.31222552,-0.2994157,-0.28945285,-0.28246018,-0.26754627,-0.25152794,-0.24064958,-0.23111016,-0.22228035,-0.20994066,-0.1973438,-0.18545955,-0.1698447,-0.15905815,-0.14582868,-0.12907007,-0.113848686,-0.09441346,-0.07534001,-0.053546205,-0.032052018,-0.009497932,0.016719796,0.046005487,0.08069291,0.11384411,0.15652196,0.22875834,0.35116693,0.492537,0.6321019,0.68760717,0.7142883,0.7444197,0.78301597,0.81457573,0.8701904,0.9321638,0.96381134,1.0659482,1.1536801,1.2523851,1.3670795,1.4916754,4.467292,5.2587776,6.070769,6.9843225,7.791024,8.577406,9.137241,9.449961,9.386586,9.1407175,8.76965,8.425038,7.736419,6.4882536,4.910646,3.6506462,2.9185798,2.3820589,2.4390316,2.4142942,2.5096462,2.7345788,2.8024733,2.9300866,2.9869971,3.0893826,3.3364718,3.5157,-1.0692654,-0.9138012,-0.75399536,-0.59450126,-0.43781114,-0.28520906,-0.13717812,0.006144823,0.14504004,0.27979347,0.41074672,0.5384133,0.6631671,0.78751975,0.90785867,1.0270127,1.1453445,1.262977,1.379833,1.4965941,1.613827,1.7316164,1.809581,1.9271173,2.04106,2.128594,2.241014,2.3665373,2.4806466,2.7125428,2.896646,3.0096636,3.1091256,3.124556,3.182018,3.3273544,3.5358377,3.771487,3.9166822,3.9481263,4.0938582,4.2212,4.0203853,4.212839,4.456478,4.4278646,4.3476753,4.503234,4.6405725,4.8440576,5.0164647,5.2943025,5.5677433,5.7623005,6.046435,6.328199,6.4441357,6.4603133,6.5003257,6.4312367,6.289107,6.445502,6.639885,6.9360404,7.303093,7.648494,7.9345136,8.251482,8.426896,8.822515,9.190401,9.386316,9.975947,10.376748,10.754679,10.983602,11.669779,11.82674,12.077643,12.328701,12.804447,13.341906,13.961353,14.677643,15.455321,15.975898,16.897234,17.611973,18.417162,19.148903,19.945366,20.807716,21.59184,22.188988,23.218983,24.533342,24.972637,25.775732,26.58551,27.630651,28.85364,30.110695,31.415257,32.383575,33.929092,36.04104,37.332127,39.27808,41.075695,42.920227,45.332397,46.841454,49.28009,51.729797,53.500523,55.987907,58.11029,60.775345,63.74785,66.510796,69.64711,71.90787,74.75441,77.36958,79.37116,82.174,84.04778,86.7203,88.702324,90.69536,94.56848,97.11215,100.31882,101.355545,104.34251,105.548775,106.81802,109.38066,110.07942,111.39618,111.0278,111.054436,111.605415,112.934204,113.09263,11.552638,11.745391,11.834274,11.632825,10.946838,11.128002,13.241401,15.736035,17.466045,19.438395,21.066376,22.492569,23.452593,24.737131,25.69312,26.542452,25.776995,25.196545,25.030136,24.8204,25.146275,25.747478,25.790249,25.849531,26.880497,27.959444,28.271732,28.256922,30.349365,31.99552,31.788967,31.591623,174.78801,175.8911,178.68086,182.38458,180.83527,26.275482,24.861813,22.743748,20.451681,17.927662,15.97705,13.020488,10.020003,7.2667,5.342464,3.628501,1.8975083,0.08117552,-2.2563736,-4.549795,-6.1813583,-8.197322,-10.575079,-12.432529,-13.471662,-14.448611,-17.34824,-20.377571,-22.061855,-23.11422,-24.190395,-25.567587,-26.612135,-27.351065,-27.229063,-26.617544,-26.82426,-27.27933,-27.861267,-28.349648,-29.215452,-29.363047,-29.408382,-29.361137,-29.27566,-29.405039,-29.63504,-29.431345,-29.015024,-28.62377,-28.258066,-27.12565,-25.758482,-25.591833,-25.921278,-25.893023,-25.799746,-25.386684,-24.914598,-24.538387,-24.145481,-23.803556,-23.38138,-23.063278,-22.814196,-22.72731,-22.478695,-22.112234,-21.769318,-21.38403,-20.90872,-20.563438,-20.21524,-19.83154,-19.55665,-19.33213,-18.84914,-18.71673,-18.655909,-18.59856,-18.511068,-18.546959,-18.588737,-18.116987,-17.454603,-16.941881,-16.47302,-16.030033,-15.6827965,-15.620505,-15.539883,-15.4367895,-15.050312,-14.40756,-14.0769005,-13.798653,-13.453192,-13.126546,-12.748562,-12.284965,-11.897656,-11.600422,-11.294273,-11.018137,-10.663595,-10.289106,-9.896362,-9.396893,-8.873201,-8.439179,-8.039666,-7.709745,-7.474236,-7.3190546,-7.25539,-7.1560903,-6.8269477,-6.085654,-5.0498505,-3.8312283,-2.5098698,-1.2840431,-0.5395921,-0.14540696,0.52819127,1.1456075,1.6155818,2.0215955,2.3652627,2.5713587,2.7575622,3.064578,3.2283967,3.4075358,3.5903447,3.731996,3.8453794,3.8777442,3.9252844,4.0109262,30.607697,30.726566,30.38056,30.05669,29.678308,28.768461,27.226952,25.275269,23.93638,23.061909,22.574203,21.948141,21.312115,20.849365,20.628685,20.375008,20.247671,20.138302,20.03437,19.704922,19.74395,19.368608,19.260906,19.48882,19.156092,19.041325,19.347319,19.361092,19.469336,19.6131,19.68578,20.137493,20.400826,20.534397,20.687845,21.21001,21.877659,21.924213,21.779392,21.64988,21.345804,21.028543,21.109959,20.72066,20.815454,20.774235,21.324474,21.67804,-6.023528,-5.140491,-4.2096767,-3.292471,-2.384205,-1.5107687,-0.6650137,0.14907444,0.933033,1.6926719,2.4280255,3.1414979,3.8348014,4.511351,5.1605816,5.759223,6.385017,6.9961586,7.5910234,8.131045,8.713902,9.280225,9.835312,10.394256,11.101803,11.836798,12.459766,13.162391,13.849772,14.888043,15.789088,15.992751,16.480938,16.27612,16.612251,17.257378,18.019094,18.724363,19.52874,19.453444,20.33229,21.119652,22.061619,22.33725,22.774256,23.375313,23.920006,24.484295,24.908995,25.442213,26.261194,27.395123,28.771038,29.962414,30.934772,31.105959,31.828924,31.936337,32.74473,33.02655,33.75618,34.52872,35.294838,36.334866,37.624065,38.53684,40.327457,41.749268,43.345707,45.050613,46.219616,48.210144,49.8385,51.849075,54.326984,56.458748,59.05368,61.005295,63.86333,65.59237,67.99864,69.76709,73.47702,77.068245,80.7075,84.95383,88.330894,91.92335,97.34676,102.888466,107.34112,112.28682,118.15481,124.04531,130.82806,135.03035,141.60928,146.44496,153.09315,159.36093,167.93394,176.67015,183.95099,192.99678,201.1686,211.61159,222.84854,233.85118,247.62161,259.66486,272.58008,286.66827,297.10526,308.3879,321.19376,335.44962,351.52863,366.83203,380.1498,395.7188,412.73544,427.741,445.5387,456.3583,466.96408,480.0291,489.22375,499.97327,507.769,519.155,529.04254,540.1529,548.9826,558.2638,562.8598,564.47144,567.3961,570.00183,567.6279,563.7917,558.66064,552.2242,546.1573,543.1728,539.6861,64.10798,64.983635,62.09498,57.62001,53.774853,50.666664,55.701176,63.033985,69.26312,75.68875,81.86767,86.81037,91.15991,94.39212,97.346436,98.78284,96.08179,92.237595,88.87262,86.46178,85.908714,86.07308,85.6403,85.44483,87.50034,89.521225,90.50854,89.403915,95.17453,99.61502,98.73853,96.77682,616.54517,615.78375,617.73553,615.58923,597.89417,61.107857,54.274445,45.8166,36.932575,27.133562,18.75799,8.846227,-1.2321506,-10.6476345,-17.775724,-23.88048,-29.717987,-35.82482,-42.718937,-49.543762,-55.058,-61.07113,-67.72185,-73.12528,-76.30603,-79.37053,-87.23061,-94.849434,-98.951775,-101.39066,-103.89351,-107.2862,-109.69506,-110.80747,-109.85373,-107.79751,-107.53399,-107.66509,-108.107285,-108.60166,-109.77131,-109.37251,-108.414604,-107.49217,-106.753456,-106.17165,-106.07162,-104.49709,-102.63695,-101.127945,-99.37393,-95.891594,-92.13546,-91.287056,-91.66515,-90.893196,-90.14298,-88.29453,-86.473724,-84.957245,-83.43145,-81.939514,-80.53914,-79.38438,-78.37734,-77.895744,-76.72089,-75.30764,-73.853905,-72.53888,-70.82244,-69.42107,-68.073814,-66.72457,-65.56756,-64.28772,-62.85835,-62.15548,-61.68946,-61.071022,-60.37396,-60.096664,-59.72226,-58.2376,-56.253906,-54.664257,-53.240425,-51.80532,-50.601654,-50.051704,-49.674194,-49.05462,-47.664127,-45.938526,-44.988644,-43.935146,-42.909035,-41.88238,-40.674187,-39.33242,-38.29188,-37.3964,-36.471508,-35.75121,-34.776436,-33.69852,-32.657856,-31.388803,-30.042757,-28.902328,-27.868288,-26.973942,-26.33367,-25.870407,-25.614958,-25.236687,-24.40445,-22.615557,-20.215147,-17.577953,-14.725276,-12.155166,-10.677859,-9.948977,-8.640984,-7.4918876,-6.6296225,-5.902923,-5.307638,-4.9799075,-4.6314197,-3.988747,-3.5926266,-3.1592202,-2.7251577,-2.3343465,-1.9395143,-1.68008,-1.2851504,-0.786431,51.085186,51.47047,51.474865,51.311172,51.342735,50.2165,47.449837,43.768898,41.007687,39.120335,37.852085,36.397205,34.99384,33.77086,32.538612,32.078445,31.625895,31.279036,30.869244,30.085411,29.472296,28.917368,28.700314,28.334425,27.947983,27.568073,27.687162,27.777056,27.728891,27.728754,27.717764,28.039791,28.41121,28.343218,28.509937,29.170452,29.815548,29.60644,29.090033,28.64936,27.509203,26.46057,25.940985,25.357533,24.861086,24.588085,24.776764,24.846087,-12.973752,-11.052569,-9.041355,-7.0438104,-5.0880184,-3.1815238,-1.3396956,0.4429953,2.1627738,3.8289413,5.44005,6.9930468,8.50594,9.9792795,11.414986,12.842278,14.221846,15.544489,16.869383,18.138819,19.42319,20.663906,21.908005,23.126846,24.56347,26.014244,27.531237,29.144846,31.08983,33.133175,34.892647,35.143414,36.857418,37.075275,37.565395,38.729195,40.59597,42.284992,43.532043,44.108433,45.50504,47.545017,49.210514,48.78091,50.29816,50.9905,52.54538,55.438763,55.20094,56.690144,58.592697,61.32821,63.81527,65.57001,67.19561,68.32033,70.26208,71.070526,71.54473,72.34439,73.75294,75.51201,76.465096,78.8918,81.05212,83.95287,86.874825,90.24714,92.33821,95.42398,99.19192,102.38533,105.718605,111.27714,116.079124,120.10893,124.76409,128.17351,133.03459,136.10962,141.73492,144.99709,150.35178,156.77504,165.01218,172.0228,179.34605,187.02791,197.17578,206.26538,214.45062,222.56201,233.45493,242.83217,253.9568,262.65567,273.10315,282.23773,292.0144,303.78165,315.28287,328.29245,341.58218,354.6298,368.75757,384.64755,401.9078,418.76373,436.33865,453.33475,470.12387,486.72876,503.67737,517.49054,533.8749,552.6793,569.62317,589.225,606.362,623.40594,638.3194,654.0439,670.20544,680.92755,685.88763,694.5158,697.82855,702.47125,707.9453,711.01355,717.96936,722.83105,726.4292,729.9648,728.2087,718.6553,714.7835,707.36005,698.27625,686.7783,672.941,657.88635,647.2384,636.15796,626.00366,55.848396,56.9036,53.543644,48.51276,43.895023,41.020824,46.06217,54.50266,61.898003,69.083725,76.316925,82.52705,87.65916,91.12853,94.03897,94.7104,91.181854,86.996376,82.919716,80.25279,79.47375,79.84803,78.76181,78.10602,79.912834,82.21109,82.59221,81.20123,86.9737,91.881325,90.29791,87.73324,656.2699,654.72076,653.615,644.2902,617.5117,40.88067,33.029957,23.462109,13.404261,3.162945,-5.8722568,-15.641287,-25.5169,-34.802834,-42.05942,-48.123425,-53.859142,-59.407246,-65.91959,-72.10411,-77.07205,-82.618645,-88.36062,-93.380356,-96.15964,-99.05104,-106.37983,-113.83002,-117.815125,-120.429726,-122.50428,-125.42232,-127.40517,-128.1223,-126.83557,-124.591354,-123.63889,-123.65143,-123.5642,-123.9267,-124.73993,-123.89299,-122.72856,-121.53742,-120.498985,-119.395325,-118.92603,-117.06416,-114.961784,-113.035965,-111.13495,-107.46145,-103.40227,-102.1287,-102.23945,-101.1439,-100.00569,-98.07683,-96.05551,-94.500404,-92.85525,-91.13633,-89.482605,-87.85049,-86.487076,-85.69909,-84.380585,-82.731926,-81.05699,-79.48171,-77.65822,-76.08727,-74.65972,-73.03871,-71.71328,-70.4978,-68.95295,-68.03769,-67.423676,-66.70907,-65.89373,-65.305916,-64.65048,-63.09612,-61.015812,-59.29048,-57.87435,-56.2416,-54.96362,-54.151096,-53.639153,-52.890015,-51.559357,-49.741478,-48.78946,-47.727943,-46.596302,-45.52798,-44.18514,-42.860565,-41.706028,-40.76433,-39.778675,-38.868282,-37.722324,-36.594868,-35.548645,-34.248062,-32.930756,-31.78992,-30.76467,-29.860659,-29.220152,-28.720135,-28.361496,-27.937443,-27.088232,-25.3975,-23.221378,-20.7876,-18.12309,-15.811516,-14.483183,-13.82204,-12.648106,-11.588309,-10.8055,-10.12133,-9.518645,-9.158856,-8.776647,-8.133802,-7.685789,-7.197016,-6.6840672,-6.2236624,-5.756194,-5.414712,-4.9566927,-4.431209,41.00635,41.205185,41.112843,40.955494,40.981533,39.925995,37.420673,34.134132,31.735851,30.079882,28.952312,27.633762,26.368979,25.253908,24.21516,23.774046,23.359152,23.048853,22.702234,21.990229,21.464193,20.957924,20.70483,20.374195,19.833366,19.388487,19.347694,19.340345,19.216618,19.104317,19.033634,19.229431,19.455875,19.260155,19.293222,19.670158,20.181908,19.90114,19.339054,18.877932,17.852528,16.987137,16.495546,15.935109,15.422483,15.188784,15.285807,15.329809,-11.744098,-10.02904,-8.2417555,-6.443867,-4.658445,-2.925312,-1.2450341,0.37006444,1.9436642,3.4643004,4.9482636,6.375769,7.774976,9.129068,10.432102,11.730681,13.011764,14.279669,15.520825,16.716742,17.947268,19.098581,20.26675,21.58954,22.818037,24.156176,25.542267,26.991568,28.475477,29.835314,31.395502,32.134285,32.608055,33.58727,34.2808,35.19639,36.97933,38.313026,38.90178,40.427856,41.73303,43.71123,44.13227,45.442104,46.51243,47.479176,49.47016,49.356663,51.57517,53.539436,55.634724,57.81211,59.858902,61.504677,62.987083,64.30708,66.15816,67.363235,67.90037,68.91332,70.12662,71.16832,72.618866,75.09388,77.408264,80.12612,82.53242,85.91752,89.227646,92.07622,94.13396,97.34772,101.36409,105.474335,109.5058,115.25221,119.198586,122.5363,125.948875,130.06345,135.06505,138.60866,142.35298,147.9493,154.80452,160.8758,167.23848,174.81384,182.90149,191.04538,199.64355,207.41971,216.19211,223.01942,232.66911,241.04488,248.74826,258.3344,268.08542,276.81628,286.95334,297.50504,312.0347,323.6353,334.54117,348.1296,363.2579,377.52737,393.78955,408.6212,424.89932,441.91705,458.00775,467.9907,483.72482,500.25696,517.1294,534.98303,551.19525,566.70355,582.7556,597.76935,612.6859,621.32837,627.0387,636.7545,641.29364,646.3345,653.46594,659.35876,666.4586,673.6203,681.041,683.57855,683.22174,677.1904,673.384,668.7583,662.5631,653.3161,642.63434,631.4781,618.4392,611.6699,603.6584,50.1969,51.619495,48.946,44.167484,39.674118,36.752735,41.83579,49.959507,57.35666,65.17862,71.833115,77.68628,82.91823,86.24712,88.952034,90.0284,86.30544,81.86651,78.38231,75.12733,74.62854,74.86874,73.92161,73.067856,74.889565,76.96437,77.070114,75.64837,81.28332,85.66756,84.13263,81.8699,633.17566,632.27936,631.83405,624.9099,601.027,36.814014,28.80871,19.441813,9.577211,-1.0239868,-9.603061,-19.265682,-29.111063,-38.225967,-44.97405,-50.99815,-56.66611,-62.062443,-68.280235,-74.61146,-79.30599,-84.499794,-90.2369,-94.982124,-97.89386,-100.529625,-107.381645,-114.61215,-118.62681,-121.12696,-123.43312,-126.31089,-128.14659,-128.82176,-127.39533,-124.89159,-124.12495,-124.10173,-124.48883,-124.66108,-125.46305,-124.66767,-123.54449,-122.17576,-121.17488,-120.15432,-119.824745,-117.78533,-115.69162,-113.74419,-111.947136,-108.327286,-104.336914,-103.13972,-103.03125,-101.97077,-100.71837,-98.86661,-96.90022,-95.08578,-93.47755,-91.694954,-89.8097,-88.0679,-86.66641,-85.7497,-84.42248,-82.72454,-81.15023,-79.53563,-77.6615,-76.03974,-74.59058,-72.893105,-71.71641,-70.40936,-68.80501,-67.9473,-67.3233,-66.61486,-65.75999,-65.257965,-64.76398,-63.15426,-61.141438,-59.48798,-57.87329,-56.296963,-55.20581,-54.42606,-53.756725,-52.984303,-51.6251,-49.904392,-48.801903,-47.761677,-46.740623,-45.714027,-44.466213,-42.97391,-41.774967,-40.73983,-39.715393,-38.78742,-37.673187,-36.61503,-35.537487,-34.351933,-33.06004,-32.000546,-31.02111,-30.113438,-29.51019,-28.930803,-28.62756,-28.162636,-27.352617,-25.69881,-23.575005,-21.210453,-18.708792,-16.495,-15.230325,-14.611022,-13.500949,-12.491316,-11.739168,-11.105309,-10.550622,-10.197704,-9.834548,-9.203139,-8.759048,-8.2887125,-7.7992344,-7.354043,-6.888179,-6.5444436,-6.103651,-5.5905905,36.190178,36.35973,36.274,36.147392,36.18713,35.291714,33.0571,29.979208,27.799486,26.256227,25.197805,23.984543,22.792727,21.767143,20.826658,20.396095,20.00273,19.65186,19.29342,18.64439,18.141258,17.687723,17.459337,17.06906,16.580061,16.189829,16.0756,16.096289,15.988195,15.880112,15.7296505,15.916941,16.100592,15.925433,15.984657,16.326948,16.776674,16.521605,15.980801,15.47846,14.463439,13.6434355,13.098774,12.559407,12.1659155,11.912961,11.879291,11.844393
Tax99,0.0,-0.7327058,-0.6791561,-0.6179548,-0.55203015,-0.48349994,-0.41389647,-0.34438816,-0.2758931,-0.20905952,-0.1413511,-0.07990127,-0.021481363,0.033668384,0.08536504,0.13301025,0.17540948,0.2159668,0.25264817,0.29615304,0.34361783,0.37447745,0.4045971,0.4242567,0.44543147,0.4657613,0.4821137,0.50802416,0.5416706,0.5779824,0.5968464,0.6093494,0.64686257,0.67676216,0.69160324,0.7131162,0.7623745,0.7946395,0.7766058,0.77775335,0.78384185,0.8110754,0.84415495,0.8974363,0.92038065,0.95240206,0.98177725,0.9761591,0.9510541,0.95166206,0.9739672,0.9590635,0.9522924,0.925517,0.91665953,0.878928,0.84406364,0.80118656,0.74884033,0.7110021,0.6204323,0.5560511,0.51348424,0.4684874,0.474911,0.47822952,-0.09105803,-0.08302161,0.51338536,0.5529281,0.55635244,0.5582259,0.53975725,-0.05861853,0.5506505,-0.04121636,-0.047384873,-0.051213145,-0.03824705,-0.037441205,-0.03622463,-0.027278233,-0.028945697,-0.012158284,-0.008423138,0.0070323558,0.6625028,0.68458474,0.6878166,0.6872555,0.75385,0.7512779,0.74014324,0.7148148,0.72777164,0.63846827,0.60204214,0.60168695,0.5894905,0.5411348,0.53434706,0.5038892,0.4695217,0.4490239,0.40870404,0.4401942,0.37238014,0.40305442,0.3724299,0.34932762,0.37607092,0.32439032,0.31552196,0.3004033,0.25143984,-0.26440695,-0.26955828,-0.25591153,-0.2616827,-0.27525285,-0.28551266,-0.29610342,-0.3069756,-0.32438138,-0.32011303,-0.33432552,-0.3490411,-0.36918056,-0.38339442,-0.39765304,-0.4146178,-0.43367374,-0.43891165,-0.4417404,-0.45343792,-0.46523815,-0.4803439,-0.4974067,-0.50827074,-0.52498543,-0.54229,-0.5485356,-0.5557409,-0.5567093,-0.54927427,-0.54243433,-0.5372097,-0.53977257,-0.5259775,-0.53226155,-0.52798885,-0.5255083,-0.51203763,-0.4751832,-0.45591426,-0.43530366,-0.4073202,-0.3980287,-0.37146202,-0.36857116,-0.35668838,-0.35415867,-0.35215697,-0.3361724,-0.32991073,-0.32414234,-0.3163425,-0.30402943,-0.3033866,-0.30097628,-0.29753077,-0.29297763,-0.29075426,-0.28820592,-0.2782877,-0.2668861,-0.2559371,-0.25713027,-0.25405055,-0.23521364,-0.22459488,-0.22680026,-0.23983324,-0.2496643,-0.25207883,-0.25219637,-0.2282798,-0.2327407,-0.23504074,-0.23284113,-0.21947102,-0.2216465,-0.22257367,-0.21145266,-0.19935419,-0.19302455,-0.18882614,-0.18928427,-0.17577174,-0.17562702,-0.16596349,-0.16050778,-0.16009466,-0.13751508,-0.13210422,-0.12480268,-0.11785884,-0.117524065,-0.11712611,-0.11189413,-0.10684113,-0.100688696,-0.10009114,-0.09939294,-0.083074115,-0.07294042,-0.0614648,-0.061096903,-0.060744174,-0.05467502,-0.054318253,-0.046556666,-0.046247043,-0.04594327,-0.037732117,-0.03747329,-0.037204605,-0.03694591,-0.032176804,-0.025317287,-0.025112674,-0.02493089,-0.024762455,-0.02459064,-0.024415417,-0.024237666,-0.02405812,-0.023881821,-0.023707848,-0.020007849,-0.019860838,-0.015630214,-0.011044877,-0.010969257,-0.010890396,-0.010810093,-0.0107314885,-0.006611851,-0.0065633254,-0.006515115,-0.0064665847,-0.006419102,-0.006372387,-0.0063251285,-0.0025863443,-0.002567687,-0.002549683,-0.0025318353,-0.002514033,-0.0024967212,-0.0024796417,-0.0024611996,-0.0024422437,-0.002423662,-0.0024057569,-0.0023873523,-0.0023696672,-0.0023528063,0.0,0.0,0.0,0.0,0.0,0.0,0.0,0.0,0.0,0.0,0.0,0.0,0.0,0.0,0.0,0.0,0.0,0.0,0.0,0.0,0.0,0.0,0.0,0.0,0.0,0.0,0.0,0.0,0.0,0.0,0.0,0.0,0.0,0.0,0.0,0.0,0.0,0.0,0.0,0.0,0.0,0.0,0.0,0.0,0.0,0.0,0.0,0.0,0.0,0.0,0.0,0.0,0.0,0.0,0.0,0.0,0.0,0.0,0.0,0.0,0.0,0.0,0.0,0.0,0.0,0.0,0.0,0.0,0.0,0.0,0.0,0.0,0.0,0.0,0.0,0.0,0.0,0.0,0.0,0.0,0.0,0.0,0.0,0.0,0.0,0.0,0.0,0.0,0.0,0.0,0.0,0.0,0.0,0.0,0.0,0.0,0.0,0.0,0.0,0.0,0.0,0.0,0.0,0.0,0.0,0.0,0.0,0.0,0.0,0.0,0.0,0.0,0.0,0.0,0.0,0.0,0.0,0.0,0.0,0.0,0.0,0.0,0.0,0.0,0.0,0.0,0.0,0.0,0.0,0.0,0.0,0.0,0.0,0.0,0.0,0.0,0.0,0.0,0.0,0.0,0.0,0.0,0.0,0.0,0.0,0.0,0.0,0.0,0.0,0.0,0.0,0.0,0.0,0.0,0.0,0.0,0.0,0.0,0.0,0.0,0.0,0.0,0.0,0.0,0.0,0.0,0.0,0.0,0.0,0.0,0.0,0.0,0.0,0.0,0.0,0.0,0.0,0.0,0.0,0.0,0.0,0.0,0.0,0.0,0.0,0.0,0.0,0.0,0.0,0.0,0.0,0.0,0.0,0.0,0.0,0.0,0.0,0.0,0.0,0.0,0.0,0.0,0.0,0.0,0.0,0.0,0.0,0.0,0.0,0.0,0.0,0.0,0.0,0.0,0.0,0.0,0.0,0.0,0.0,0.0,0.0,0.0,0.0,0.0,0.0,0.0,0.0,0.0,0.0,0.0,0.0,0.0,0.0,0.0,0.0,0.0,0.0,0.0,0.0,0.0,0.0,0.0,0.0,0.0,0.0,0.0,0.0,0.0,0.0,0.0,0.0,0.0,0.0,0.0,0.0,0.0,0.0,0.0,0.0,0.0,0.0,0.0,0.0,0.0,0.0,0.0,0.0,0.0,0.0,0.0,0.0,0.0,0.0,0.0,0.0,0.0,0.0,0.0,0.0,0.0,0.0,0.0,0.0,0.0,0.0,0.0,0.0,0.0,0.0,0.0,0.0,0.0,0.0,0.0,0.0,0.0,0.0,0.0,0.0,0.0,0.0,0.0,0.0,0.0,0.0,0.0,0.0,0.0,0.0,0.0,0.0,0.0,0.0,0.0,0.0,0.0,0.0,0.0,0.0,0.0,0.0,0.0,0.0,0.0,0.0,0.0,0.0,0.0,0.0,0.0,0.0,0.0,0.0,0.0,0.0,0.0,0.0,0.0,0.0,0.0,0.0,0.0,0.0,0.0,0.0,0.0,0.0,0.0,0.0,0.0,0.0,0.0,0.0,0.0,0.0,0.0,0.0,0.0,0.0,0.0,0.0,0.0,0.0,0.0,0.0,0.0,0.0,0.0,0.0,0.0,0.0,0.0,0.0,0.0,0.0,0.0,0.0,0.0,0.0,0.0,0.0,0.0,0.0,0.0,0.0,0.0,0.0,0.0,0.0,0.0,0.0,0.0,0.0,0.0,0.0,0.0,0.0,0.0,0.0,0.0,0.0,0.0,0.0,0.0,0.0,0.0,0.0,0.0,0.0,0.0,0.0,0.0,0.0,0.0,0.0,0.0,0.0,0.0,0.0,0.0,0.0,0.0,0.0,0.0,0.0,0.0,0.0,0.0,0.0,0.0,0.0,0.0,0.0,0.0,0.0,0.0,0.0,0.0,0.0,0.0,0.0,0.0,0.0,0.0,0.0,0.0,0.0,0.0,0.0,0.0,0.0,0.0,0.0,0.0,0.0,0.0,0.0,0.0,0.0,0.0,0.0,0.0,0.0,0.0,0.0,0.0,0.0,0.0,0.0,0.0,0.0,0.0,0.0,0.0,0.0,0.0,0.0,0.0,0.0,0.0,0.0,0.0,0.0,0.0,0.0,0.0,0.0,0.0,0.0,0.0,0.0,0.0,0.0,0.0,0.0,0.0,0.0,0.0,0.0,0.0,0.0,0.0,0.0,0.0,0.0,0.0,0.0,0.0,0.0,0.0,0.0,0.0,0.0,0.0,0.0,0.0,0.0,0.0,0.0,0.0,0.0,0.0,0.0,0.0,0.0,0.0,0.0,0.0,0.0,0.0,0.0,0.0,0.0,0.0,0.0,0.0,0.0,0.0,0.0,0.0,0.0,0.0,0.0,0.0,0.0,0.0,0.0,0.0,0.0,0.0,0.0,0.0,0.0,0.0,0.0,0.0,0.0,0.0,0.0,0.0,0.0,0.0,0.0,0.0,0.0,0.0,0.0,0.0,0.0,0.0,0.0,0.0,0.0,0.0,0.0,0.0,0.0,0.0,0.0,0.0,0.0,0.0,0.0,0.0,0.0,0.0,0.0,0.0,0.0,0.0,0.0,0.0,0.0,0.0,0.0,0.0,0.0,0.0,0.0,0.0,0.0,0.0,0.0,0.0,0.0,0.0,0.0,0.0,0.0,0.0,0.0,0.0,0.0,0.0,0.0,0.0,0.0,0.0,0.0,0.0,0.0,0.0,0.0,0.0,0.0,0.0,0.0,0.0,0.0,0.0,0.0,0.0,0.0,0.0,0.0,0.0,0.0,0.0,0.0,0.0,0.0,0.0,0.0,0.0,0.0,0.0,0.0,0.0,0.0,0.0,0.0,0.0,0.0,0.0,0.0,0.0,0.0,0.0,0.0,0.0,0.0,0.0,0.0,0.0,0.0,0.0,0.0,0.0,0.0,0.0,0.0,0.0,0.0,0.0,0.0,0.0,0.0,0.0,0.0,0.0,0.0,0.0,0.0,0.0,0.0,0.0,0.0,0.0,0.0,0.0,0.0,0.0,0.0,0.0,0.0,0.0,0.0,0.0,0.0,0.0,0.0,0.0,0.0,0.0,0.0,0.0,0.0,0.0,0.0,0.0,0.0,0.0,0.0,0.0,0.0,0.0,0.0,0.0,0.0,0.0,0.0,0.0,0.0,0.0,0.0,0.0,0.0,0.0,0.0,0.0,0.0,0.0,0.0,0.0,0.0,0.0,0.0,0.0,0.0,0.0,0.0,0.0,0.0,0.0,0.0,0.0,0.0,0.0,0.0,0.0,0.0,0.0,0.0,0.0,0.0,0.0,0.0,0.0,0.0,0.0,0.0,0.0,0.0,0.0,0.0,0.0,0.0,0.0,0.0,0.0,0.0,0.0,0.0,0.0,0.0,0.0,0.0,0.0,0.0,0.0,0.0,0.0,0.0,0.0,0.0,0.0,0.0,0.0,0.0,0.0,0.0,0.0,0.0,0.0,0.0,0.0,0.0,0.0,0.0,0.0,0.0,0.0,0.0,0.0,0.0,0.0,0.0,0.0,0.0,0.0,0.0,0.0,0.0,0.0,0.0,0.0,0.0,0.0,0.0,0.0,0.0,0.0,0.0,0.0,0.0,0.0,0.0,0.0,0.0,0.0,0.0,0.0,0.0,0.0,0.0,0.0,0.0,0.0,0.0,0.0,0.0,0.0,0.0,0.0,0.0,0.0,0.0,0.0,0.0,0.0,0.0,0.0,0.0,0.0,0.0,0.0,0.0,0.0,0.0,0.0,0.0,0.0,0.0,0.0,0.0,0.0,0.0,0.0,0.0,0.0,0.0,0.0,0.0,0.0,0.0,0.0,0.0,0.0,0.0,0.0,0.0,0.0,0.0,0.0,0.0,0.0,0.0,0.0,0.0,0.0,0.0,0.0,0.0,0.0,0.0,0.0,0.0,0.0,0.0,0.0,0.0,0.0,0.0,0.0,0.0,0.0,0.0,0.0,0.0,0.0,0.0,0.0,0.0,0.0,0.0,0.0,0.0,0.0,0.0,0.0,0.0,0.0,0.0,0.0,0.0,0.0,0.0,0.0,0.0,0.0,0.0,0.0,0.0,0.0,0.0,0.0,0.0,0.0,0.0,0.0,0.0,0.0,0.0,0.0,0.0,0.0,0.0,0.0,0.0,0.0,0.0,0.0,0.0,0.0,0.0,0.0,0.0,0.0,0.0,0.0,0.0,0.0,0.0,0.0,0.0,0.0,0.0,0.0,0.0,0.0,0.0,0.0,0.0,0.0,0.0,0.0,0.0,0.0,0.0,0.0,0.0,0.0,0.0,0.0,0.0,0.0,0.0,0.0,0.0,0.0,0.0,0.0,0.0,0.0,0.0,0.0,0.0,0.0,0.0,0.0,0.0,0.0,0.0,0.0,0.0,0.0,0.0,0.0,0.0,0.0,0.0,0.0,0.0,0.0,0.0,0.0,0.0,0.0,0.0,0.0,0.0,0.0,0.0,0.0,0.0,0.0,0.0,0.0,0.0,0.0,0.0,0.0,0.0,0.0,0.0,0.0,0.0,0.0,0.0,0.0,0.0,0.0,0.0,0.0,0.0,0.0,0.0,0.0,0.0,0.0,0.0,0.0,0.0,0.0,0.0,0.0,0.0,0.0,0.0,0.0,0.0,0.0,0.0,0.0,0.0,0.0,0.0,0.0,0.0,0.0,0.0,0.0,0.0,0.0,0.0,0.0,0.0,0.0,0.0,0.0,0.0,0.0,0.0,0.0,0.0,0.0,0.0,0.0,0.0,0.0,0.0,0.0,0.0,0.0,0.0,0.0,0.0,0.0,0.0,0.0,0.0,0.0,0.0,0.0,0.0,0.0,0.0,0.0,0.0,0.0,0.0,0.0,0.0,0.0,0.0,0.0,0.0,0.0,0.0,0.0,0.0,0.0,0.0,0.0,0.0,0.0,0.0,0.0,0.0,0.0,0.0,0.0,0.0,0.0,0.0,0.0,0.0,0.0,0.0,0.0,0.0,0.0,0.0,0.0,0.0,0.0,0.0,0.0,0.0,0.0,0.0,0.0,0.0,0.0,0.0,0.0,0.0,0.0,0.0,0.0,0.0,0.0,0.0,0.0,0.0,0.0,0.0,0.0,0.0,0.0,0.0,0.0,0.0,0.0,0.0,0.0,0.0,0.0,0.0,0.0,0.0,0.0,0.0,0.0,0.0,0.0,0.0,0.0,0.0,0.0,0.0,0.0,0.0,0.0,0.0,0.0,0.0,0.0,0.0,0.0,0.0,0.0,0.0,0.0,0.0,0.0,0.0,0.0,0.0,0.0,0.0,0.0,0.0,0.0,0.0,0.0,0.0,0.0,0.0,0.0,0.0,0.0,0.0,0.0,0.0,0.0,0.0,0.0,0.0,0.0,0.0,0.0,0.0,0.0,0.0,0.0,0.0,0.0,0.0,0.0,0.0,0.0,0.0,0.0,0.0,0.0,0.0,0.0,0.0,0.0,0.0,0.0,0.0,0.0,0.0,0.0,0.0,0.0,0.0,0.0,0.0,0.0,0.0,0.0,0.0,0.0,0.0,0.0,0.0,0.0,0.0,0.0,0.0,0.0,0.0,0.0,0.0,0.0,0.0,0.0,0.0,0.0,0.0,0.0,0.0,0.0,0.0,0.0,0.0,0.0,0.0,0.0,0.0,0.0,0.0,0.0,0.0,0.0,0.0,0.0,0.0,0.0,0.0,0.0,0.0,0.0,0.0,0.0,0.0,0.0,0.0,0.0,0.0,0.0,0.0,0.0,0.0,0.0,0.0,0.0,0.0,0.0,0.0,0.0,0.0,0.0,0.0,0.0,0.0,0.0,0.0,0.0,0.0,0.0,0.0,0.0,0.0,0.0,0.0,0.0,0.0,0.0,0.0,0.0,0.0,0.0,0.0,0.0,0.0,0.0,0.0,0.0,0.0,0.0,0.0,0.0,0.0,0.0,0.0,0.0,0.0,0.0,0.0,0.0,0.0,0.0,0.0,0.0,0.0,0.0,0.0,0.0,0.0,0.0,0.0,0.0,0.0,0.0,0.0,0.0,0.0,0.0,0.0,0.0,0.0,0.0,0.0,0.0,0.0,0.0,0.0,0.0,0.0,0.0,0.0,0.0,0.0,0.0,0.0,0.0,0.0,0.0,0.0,0.0,0.0,0.0,0.0,0.0,0.0,0.0,0.0,0.0,0.0,0.0,0.0,0.0,0.0,0.0,0.0,0.0,0.0,0.0,0.0,0.0,0.0,0.0,0.0,0.0,0.0,0.0,0.0,0.0,0.0,0.0,0.0,0.0,0.0,0.0,0.0,0.0,0.0,0.0,0.0,0.0,0.0,0.0,0.0,0.0,0.0,0.0,0.0,0.0,0.0,0.0,0.0,0.0,0.0,0.0,0.0,0.0,0.0,0.0,0.0,0.0,0.0,0.0,0.0,0.0,0.0,0.0,0.0,0.0,0.0,0.0,0.0,0.0,0.0,0.0,0.0,0.0,0.0,0.0,0.0,0.0,0.0,0.0,0.0,0.0,0.0,0.0,0.0,0.0,0.0,0.0,0.0,0.0,0.0,0.0,0.0,0.0,0.0,0.0,0.0,0.0,0.0,0.0,0.0,0.0,0.0,0.0,0.0,0.0,0.0,0.0,0.0,0.0,0.0,0.0,0.0,0.0,0.0,0.0,0.0,0.0,0.0,0.0,0.0,0.0,0.0,0.0,0.0,0.0,0.0,0.0,0.0,0.0,0.0,0.0,0.0,0.0,0.0,0.0,0.0,0.0,0.0,0.0,0.0,0.0,0.0,0.0,0.0,0.0,0.0,0.0,0.0,0.0,0.0,0.0,0.0,0.0,0.0,0.0,0.0,0.0,0.0,0.0,0.0,0.0,0.0,0.0,0.0,0.0,0.0,0.0,0.0,0.0,0.0,0.0,0.0,0.0,0.0,0.0,0.0,0.0,0.0,0.0,0.0,0.0,0.0,0.0,0.0,0.0,0.0,0.0,0.0,0.0,0.0,0.0,0.0,0.0,0.0,0.0,0.0,0.0,0.0,0.0,0.0,0.0,0.0,0.0,0.0,0.0,0.0,0.0,0.0,0.0,0.0,0.0,0.0,0.0,0.0,0.0,0.0,0.0,0.0,0.0,0.0,0.0,0.0,0.0,0.0,0.0,0.0,0.0,0.0,0.0,0.0,0.0,0.0,0.0,0.0,0.0,0.0,0.0,0.0,0.0,0.0,0.0,0.0,0.0,0.0,0.0,0.0,0.0,0.0,0.0,0.0,0.0,0.0,0.0,0.0,0.0,0.0,0.0,0.0,0.0,0.0,0.0,0.0,0.0,0.0,0.0,0.0,0.0,0.0,0.0,0.0,0.0,0.0,0.0,0.0,0.0,0.0,0.0,0.0,0.0,0.0,0.0,0.0,0.0,0.0,0.0,0.0,0.0,0.0,0.0,0.0,0.0,0.0,0.0,0.0,0.0,0.0,0.0,0.0,0.0,0.0,0.0,0.0,0.0,0.0,0.0,0.0,0.0,0.0,0.0,0.0,0.0,0.0,0.0,0.0,0.0,0.0,0.0,0.0,0.0,0.0,0.0,0.0,0.0,0.0,0.0,0.0,0.0,0.0,0.0,0.0,0.0,0.0,0.0,0.0,0.0,0.0,0.0,0.0,0.0,0.0,0.0,0.0,0.0,0.0,0.0,0.0,0.0,0.0,0.0,0.0,0.0,0.0,0.0,0.0,0.0,0.0,0.0,0.0,0.0,0.0,0.0,0.0,0.0,0.0,0.0,0.0,0.0,0.0,0.0,0.0,0.0,0.0,0.0,0.0,0.0,0.0,0.0,0.0,0.0,0.0,0.0,0.0,0.0,0.0,0.0,0.0,0.0,0.0,0.0,0.0,0.0,0.0,0.0,0.0,0.0,0.0,0.0,0.0,0.0,0.0,0.0,0.0,0.0,0.0,0.0,0.0,0.0,0.0,0.0,0.0,0.0,0.0,0.0,0.0,0.0,0.0,0.0,0.0,0.0,0.0,0.0,0.0,0.0,0.0,0.0,0.0,0.0,0.0,0.0,0.0,0.0,0.0,0.0,0.0,0.0,0.0,0.0,0.0,0.0,0.0,0.0,0.0,0.0,0.0,0.0,0.0,0.0,0.0,0.0,0.0,0.0,0.0,0.0,0.0,0.0,0.0,0.0,0.0,0.0,0.0,0.0,0.0,0.0,0.0,0.0,0.0,0.0,0.0,0.0,0.0,0.0,0.0,0.0,0.0,0.0,0.0,0.0,0.0,0.0,0.0,0.0,0.0,0.0,0.0,0.0,0.0,0.0,0.0,0.0,0.0,0.0,0.0,0.0,0.0,0.0,0.0,0.0,0.0,0.0,0.0,0.0,0.0,0.0,0.0,0.0,0.0,0.0,0.0,0.0,0.0,0.0,0.0,0.0,0.0,0.0,0.0,0.0,0.0,0.0,0.0,0.0,0.0,0.0,0.0,0.0,0.0,0.0,0.0,0.0,0.0,0.0,0.0,0.0,0.0,0.0,0.0,0.0,0.0,0.0,0.0,0.0,0.0,0.0,0.0,0.0,0.0,0.0,0.0,0.0,0.0,0.0,0.0,0.0,0.0,0.0,0.0,0.0,0.0,0.0,0.0,0.0,0.0,0.0,0.0,0.0,0.0,0.0,0.0,0.0,0.0,0.0,0.0,0.0,0.0,0.0,0.0,0.0,0.0,0.0,0.0,0.0,0.0,0.0,0.0,0.0,0.0,0.0,0.0,0.0,0.0,0.0,0.0,0.0,0.0,0.0,0.0,0.0,0.0,0.0,0.0,0.0,0.0,0.0,0.0,0.0,0.0,0.0,0.0,0.0,0.0,0.0,0.0,0.0,0.0,0.0,0.0,0.0,0.0,0.0,0.0,0.0,0.0,0.0,0.0,0.0,0.0,0.0,0.0,0.0,0.0,0.0,0.0,0.0,0.0,0.0,0.0,0.0,0.0,0.0,0.0,0.0,0.0,0.0,0.0,0.0,0.0,0.0,0.0,0.0,0.0,0.0,0.0,0.0,0.0,0.0,0.0,0.0,0.0,0.0,0.0,0.0,0.0,0.0,0.0,0.0,0.0,0.0,0.0,0.0,0.0,0.0,0.0,0.0,0.0,0.0,0.0,0.0,0.0,0.0,0.0,0.0,0.0,0.0,0.0,0.0,0.0,0.0,0.0,0.0,0.0,0.0,0.0,0.0,0.0,0.0,0.0,0.0,0.0,0.0,0.0,0.0,0.0,0.0,0.0,0.0,0.0,0.0,0.0,0.0,0.0,0.0,0.0,0.0,0.0,0.0,0.0,0.0,0.0,0.0,0.0,0.0,0.0,0.0,0.0,0.0,0.0,0.0,0.0,0.0,0.0,0.0,0.0,0.0,0.0,0.0,0.0,0.0,0.0,0.0,0.0,0.0,0.0,0.0,0.0,0.0,0.0,0.0,0.0,0.0,0.0,0.0,0.0,0.0,0.0,0.0,0.0,0.0,0.0,0.0,0.0,0.0,0.0,0.0,0.0,0.0,0.0,0.0,0.0,0.0,0.0,0.0,0.0,0.0,0.0,0.0,0.0,0.0,0.0,0.0,0.0,0.0,0.0,0.0,0.0,0.0,0.0,0.0,0.0,0.0,0.0,0.0,0.0,0.0,0.0,0.0,0.0,0.0,0.0,0.0,0.0,0.0,0.0,0.0,0.0,0.0,0.0,0.0,0.0,0.0,0.0,0.0,0.0,0.0,0.0,0.0,0.0,0.0,0.0,0.0,0.0,0.0,0.0,0.0,0.0,0.0,0.0,0.0,0.0,0.0,0.0,0.0,0.0,0.0,0.0,0.0,0.0,0.0,0.0,0.0,0.0,0.0,0.0,0.0,0.0,0.0,0.0,0.0,0.0,0.0,0.0,0.0,0.0,0.0,0.0,0.0,0.0,0.0,0.0,0.0,0.0,0.0,0.0,0.0,0.0,0.0,0.0,0.0,0.0,0.0,0.0,0.0,0.0,0.0,0.0,0.0,0.0,0.0,0.0,0.0,0.0,0.0,0.0,0.0,0.0,0.0,0.0,0.0,0.0,0.0,0.0,0.0,0.0,0.0,0.0,0.0,0.0,0.0,0.0,0.0,0.0,0.0,0.0,0.0,0.0,0.0,0.0,0.0,0.0,0.0,0.0,0.0,0.0,0.0,0.0,0.0,0.0,0.0,0.0,0.0,0.0,0.0,0.0,0.0,0.0,0.0,0.0,0.0,0.0,0.0,0.0,0.0,0.0,0.0,0.0,0.0,0.0,0.0,0.0,0.0,0.0,0.0,0.0,0.0,0.0,0.0,0.0,0.0,0.0,0.0,0.0,0.0,0.0,0.0,0.0,0.0,0.0,0.0,0.0,0.0,0.0,0.0,0.0,0.0,0.0,0.0,0.0,0.0,0.0,0.0,0.0,0.0,0.0,0.0,0.0,0.0,0.0,0.0,0.0,0.0,0.0,0.0,0.0,0.0,0.0,0.0,0.0,0.0,0.0,0.0,0.0,0.0,0.0,0.0,0.0,0.0,0.0,0.0,0.0,0.0,0.0,0.0,0.0,0.0,0.0,0.0,0.0,0.0,0.0,0.0,0.0,0.0,0.0,0.0,0.0,0.0,0.0,0.0,0.0,0.0,0.0,0.0,0.0,0.0,0.0,0.0,0.0,0.0,0.0,0.0,0.0,0.0,0.0,0.0,0.0,0.0,0.0,0.0,0.0,0.0,0.0,0.0,0.0,0.0,0.0,0.0,0.0,0.0,0.0,0.0,0.0,0.0,0.0,0.0,0.0,0.0,0.0,0.0,0.0,0.0,0.0,0.0,0.0,0.0,0.0,0.0,0.0,0.0,0.0,0.0,0.0,0.0,0.0,0.0,0.0,0.0,0.0,0.0,0.0,0.0,0.0,0.0,0.0,0.0,0.0,0.0,0.0,0.0,0.0,0.0,0.0,0.0,0.0,0.0,0.0,0.0,0.0,0.0,0.0,0.0,0.0,0.0,0.0,0.0,0.0,0.0,0.0,0.0,0.0,0.0,0.0,0.0,0.0,0.0,0.0,0.0,0.0,0.0,0.0,0.0,0.0,0.0,0.0,0.0,0.0,0.0,0.0,0.0,0.0,0.0,0.0,0.0,0.0,0.0,0.0,0.0,0.0,0.0,0.0,0.0,0.0,0.0,0.0,0.0,0.0,0.0,0.0,0.0,0.0,0.0,0.0,0.0,0.0,0.0,0.0,0.0,0.0,0.0,0.0,0.0,0.0,0.0,0.0,0.0,0.0,0.0,0.0,0.0,0.0,0.0,0.0,0.0,0.0,0.0,0.0,0.0,0.0,0.0,0.0,0.0,0.0,0.0,0.0,0.0,0.0,0.0,0.0,0.0,0.0,0.0,0.0,0.0,0.0,0.0,0.0,0.0,0.0,0.0,0.0,0.0,0.0,0.0,0.0,0.0,0.0,0.0,0.0,0.0,0.0,0.0,0.0,0.0,0.0,0.0,0.0,0.0,0.0,0.0,0.0,0.0,0.0,0.0,0.0,0.0,0.0,0.0,0.0,0.0,0.0,0.0,0.0,0.0,0.0,0.0,0.0,0.0,0.0,0.0,0.0,0.0,0.0,0.0,0.0,0.0,0.0,0.0,0.0
Tax100,0.0,-0.60642064,-0.5035181,-0.36284605,-0.19478086,-0.0069336463,0.19509923,0.40746284,0.6259791,0.84910685,1.0749004,1.3015852,1.5273383,1.750972,1.971749,2.1874301,2.3968618,2.6151533,2.82668,3.0356483,3.2381146,3.386877,3.6150281,3.7952743,3.9588323,4.103942,4.2545085,4.364796,4.4796963,4.6019087,4.691598,4.819935,4.9642367,5.0703716,5.1214547,5.1787024,5.1964364,5.304618,5.2705054,5.366677,5.3900704,5.3346195,5.43256,5.602094,5.6343575,5.789529,5.9165144,5.9089413,5.9628754,5.9426937,6.0063353,5.958142,5.9738936,5.998111,5.981946,5.822877,5.7828,5.837258,5.6927695,5.564352,5.4293275,5.328936,5.1874256,5.143067,5.2750525,5.294009,4.7605667,4.929881,5.775758,5.91806,6.0215325,5.992984,5.975612,5.273322,6.2184143,5.4306393,5.5555115,5.715106,5.8906994,5.971684,6.186326,6.3015313,6.3868113,6.431887,6.7143044,6.775799,7.8224936,7.848701,7.8116164,8.144699,8.1853,8.280142,8.422155,8.738985,8.63725,8.340157,8.384058,8.504789,8.694824,8.526004,8.565594,8.358585,8.342254,8.419485,8.551851,8.503947,8.65731,8.788564,8.837497,8.893781,8.903316,8.91093,8.841625,8.834731,8.659598,7.685398,7.8616295,7.9077635,7.9504657,8.099795,7.98582,7.912906,7.9548163,7.827244,7.883453,7.7108335,7.6475334,7.4928684,7.2528195,7.16388,6.9495163,6.7578325,6.568042,6.4364853,6.1946683,5.8450565,5.5781045,5.150297,4.8967056,4.681518,4.3338146,4.0307665,3.6812196,3.4594936,3.197635,3.0731719,2.8974068,2.5698652,2.2923138,2.0764449,1.8688493,1.784436,1.9382286,2.136192,2.2880816,2.4518673,2.5910077,2.6758096,2.701824,2.6878169,2.6893349,2.5612903,2.4232242,2.2825952,2.2119386,2.0738652,2.0915682,2.1549485,2.11792,1.9742804,2.0147107,2.0565288,2.0776107,1.9288024,2.103071,2.1402152,1.9717594,1.9059623,1.8791835,1.9696895,1.9885089,1.8688623,1.5349871,1.2737195,1.0622652,0.9269058,0.7846924,0.6778855,0.5914341,0.51269716,0.4328793,0.33276954,0.27088666,0.22489786,0.17909664,0.14027582,0.102396,0.06565369,0.041589238,0.019528896,-0.008928144,-0.030864634,-0.04279485,-0.05288091,-0.07414458,-0.09284507,-0.08813587,-0.08068621,-0.074563615,-0.07138152,-0.066444784,-0.06357037,-0.060567096,-0.060579486,-0.05594075,-0.05743349,-0.054336112,-0.05100481,-0.052216556,-0.052830987,-0.05332414,-0.053465817,-0.0538423,-0.054308,-0.035384275,-0.028121052,-0.028047843,-0.0280906,-0.028007828,-0.027726175,-0.019848067,-0.019775618,-0.012640234,-0.012669325,-0.012653386,-0.012601841,-0.012519968,-0.012458317,-0.012407921,-0.012362507,-0.0047857473,-0.004758736,-0.004750328,-0.0047697364,-0.004758411,-0.0047307312,0.0,0.0,0.0,0.0,0.0,0.0,0.0,0.0,0.0,0.0,0.0,0.0,0.0,0.0,0.0,0.0,0.0,0.0,0.0,0.0,0.0,0.0,0.0,0.0,0.0,0.0,0.0,0.0,0.0,0.0,0.0,0.0,0.0,0.0,0.0,0.0,0.0,0.0,0.0,0.0,0.0,0.0,0.0,0.0,0.0,0.0,0.0,0.0,0.0,0.0,0.0,0.0,0.0,0.0,0.0,0.0,0.0,0.0,0.0,0.0,0.0,0.0,0.0,0.0,0.0,0.0,0.0,0.0,0.0,0.0,0.0,0.0,0.0,0.0,0.0,0.0,0.0,0.0,0.0,0.0,0.0,0.0,0.0,0.0,0.0,0.0,0.0,0.0,0.0,0.0,0.0,0.0,0.0,0.0,0.0,0.0,0.0,0.0,0.0,0.0,0.0,0.0,0.0,0.0,0.0,0.0,0.0,0.0,0.0,0.0,0.0,0.0,0.0,0.0,0.0,0.0,0.0,0.0,0.0,0.0,0.0,0.0,0.0,0.0,0.0,0.0,0.0,0.0,0.0,0.0,0.0,0.0,0.0,0.0,0.0,0.0,0.0,0.0,0.0,0.0,0.0,0.0,0.0,0.0,0.0,0.0,0.0,0.0,0.0,0.0,0.0,0.0,0.0,0.0,0.0,0.0,0.0,0.0,0.0,0.0,0.0,0.0,0.0,0.0,0.0,0.0,0.0,0.0,0.0,0.0,0.0,0.0,0.0,0.0,0.0,0.0,0.0,0.0,0.0,0.0,0.0,0.0,0.0,0.0,0.0,0.0,0.0,0.0,0.0,0.0,0.0,0.0,0.0,0.0,0.0,0.0,0.0,0.0,0.0,0.0,0.0,0.0,0.0,0.0,0.0,0.0,0.0,0.0,0.0,0.0,0.0,0.0,0.0,0.0,0.0,0.0,0.0,0.0,0.0,0.0,0.0,0.0,0.0,0.0,0.0,0.0,0.0,0.0,0.0,0.0,0.0,0.0,0.0,0.0,0.0,0.0,0.0,0.0,0.0,0.0,0.0,0.0,0.0,0.0,0.0,0.0,0.0,0.0,0.0,0.0,0.0,0.0,0.0,0.0,0.0,0.0,0.0,0.0,0.0,0.0,0.0,0.0,0.0,0.0,0.0,0.0,0.0,0.0,0.0,0.0,0.0,0.0,0.0,0.0,0.0,0.0,0.0,0.0,0.0,0.0,0.0,0.0,0.0,0.0,0.0,0.0,0.0,0.0,0.0,0.0,0.0,0.0,0.0,0.0,0.0,0.0,0.0,0.0,0.0,0.0,0.0,0.0,0.0,0.0,0.0,0.0,0.0,0.0,0.0,0.0,0.0,0.0,0.0,0.0,0.0,0.0,0.0,0.0,0.0,0.0,0.0,0.0,0.0,0.0,0.0,0.0,0.0,0.0,0.0,0.0,0.0,0.0,0.0,0.0,0.0,0.0,0.0,0.0,0.0,0.0,0.0,0.0,0.0,0.0,0.0,0.0,0.0,0.0,0.0,0.0,0.0,0.0,0.0,0.0,0.0,0.0,0.0,0.0,0.0,0.0,0.0,0.0,0.0,0.0,0.0,0.0,0.0,0.0,0.0,0.0,0.0,0.0,0.0,0.0,0.0,0.0,0.0,0.0,0.0,0.0,0.0,0.0,0.0,0.0,0.0,0.0,0.0,0.0,0.0,0.0,0.0,0.0,0.0,0.0,0.0,0.0,0.0,0.0,0.0,0.0,0.0,0.0,0.0,0.0,0.0,0.0,0.0,0.0,0.0,0.0,0.0,0.0,0.0,0.0,0.0,0.0,0.0,0.0,0.0,0.0,0.0,0.0,0.0,0.0,0.0,0.0,0.0,0.0,0.0,0.0,0.0,0.0,0.0,0.0,0.0,0.0,0.0,0.0,0.0,0.0,0.0,0.0,0.0,0.0,0.0,0.0,0.0,0.0,0.0,0.0,0.0,0.0,0.0,0.0,0.0,0.0,0.0,0.0,0.0,0.0,0.0,0.0,0.0,0.0,0.0,0.0,0.0,0.0,0.0,0.0,0.0,0.0,0.0,0.0,0.0,0.0,0.0,0.0,0.0,0.0,0.0,0.0,0.0,0.0,0.0,0.0,0.0,0.0,0.0,0.0,0.0,0.0,0.0,0.0,0.0,0.0,0.0,0.0,0.0,0.0,0.0,0.0,0.0,0.0,0.0,0.0,0.0,0.0,0.0,0.0,0.0,0.0,0.0,0.0,0.0,0.0,0.0,0.0,0.0,0.0,0.0,0.0,0.0,0.0,0.0,0.0,0.0,0.0,0.0,0.0,0.0,0.0,0.0,0.0,0.0,0.0,0.0,0.0,0.0,0.0,0.0,0.0,0.0,0.0,0.0,0.0,0.0,0.0,0.0,0.0,0.0,0.0,0.0,0.0,0.0,0.0,0.0,0.0,0.0,0.0,0.0,0.0,0.0,0.0,0.0,0.0,0.0,0.0,0.0,0.0,0.0,0.0,0.0,0.0,0.0,0.0,0.0,0.0,0.0,0.0,0.0,0.0,0.0,0.0,0.0,0.0,0.0,0.0,0.0,0.0,0.0,0.0,0.0,0.0,0.0,0.0,0.0,0.0,0.0,0.0,0.0,0.0,0.0,0.0,0.0,0.0,0.0,0.0,0.0,0.0,0.0,0.0,0.0,0.0,0.0,0.0,0.0,0.0,0.0,0.0,0.0,0.0,0.0,0.0,0.0,0.0,0.0,0.0,0.0,0.0,0.0,0.0,0.0,0.0,0.0,0.0,0.0,0.0,0.0,0.0,0.0,0.0,0.0,0.0,0.0,0.0,0.0,0.0,0.0,0.0,0.0,0.0,0.0,0.0,0.0,0.0,0.0,0.0,0.0,0.0,0.0,0.0,0.0,0.0,0.0,0.0,0.0,0.0,0.0,0.0,0.0,0.0,0.0,0.0,0.0,0.0,0.0,0.0,0.0,0.0,0.0,0.0,0.0,0.0,0.0,0.0,0.0,0.0,0.0,0.0,0.0,0.0,0.0,0.0,0.0,0.0,0.0,0.0,0.0,0.0,0.0,0.0,0.0,0.0,0.0,0.0,0.0,0.0,0.0,0.0,0.0,0.0,0.0,0.0,0.0,0.0,0.0,0.0,0.0,0.0,0.0,0.0,0.0,0.0,0.0,0.0,0.0,0.0,0.0,0.0,0.0,0.0,0.0,0.0,0.0,0.0,0.0,0.0,0.0,0.0,0.0,0.0,0.0,0.0,0.0,0.0,0.0,0.0,0.0,0.0,0.0,0.0,0.0,0.0,0.0,0.0,0.0,0.0,0.0,0.0,0.0,0.0,0.0,0.0,0.0,0.0,0.0,0.0,0.0,0.0,0.0,0.0,0.0,0.0,0.0,0.0,0.0,0.0,0.0,0.0,0.0,0.0,0.0,0.0,0.0,0.0,0.0,0.0,0.0,0.0,0.0,0.0,0.0,0.0,0.0,0.0,0.0,0.0,0.0,0.0,0.0,0.0,0.0,0.0,0.0,0.0,0.0,0.0,0.0,0.0,0.0,0.0,0.0,0.0,0.0,0.0,0.0,0.0,0.0,0.0,0.0,0.0,0.0,0.0,0.0,0.0,0.0,0.0,0.0,0.0,0.0,0.0,0.0,0.0,0.0,0.0,0.0,0.0,0.0,0.0,0.0,0.0,0.0,0.0,0.0,0.0,0.0,0.0,0.0,0.0,0.0,0.0,0.0,0.0,0.0,0.0,0.0,0.0,0.0,0.0,0.0,0.0,0.0,0.0,0.0,0.0,0.0,0.0,0.0,0.0,0.0,0.0,0.0,0.0,0.0,0.0,0.0,0.0,0.0,0.0,0.0,0.0,0.0,0.0,0.0,0.0,0.0,0.0,0.0,0.0,0.0,0.0,0.0,0.0,0.0,0.0,0.0,0.0,0.0,0.0,0.0,0.0,0.0,0.0,0.0,0.0,0.0,0.0,0.0,0.0,0.0,0.0,0.0,0.0,0.0,0.0,0.0,0.0,0.0,0.0,0.0,0.0,0.0,0.0,0.0,0.0,0.0,0.0,0.0,0.0,0.0,0.0,0.0,0.0,0.0,0.0,0.0,0.0,0.0,0.0,0.0,0.0,0.0,0.0,0.0,0.0,0.0,0.0,0.0,0.0,0.0,0.0,0.0,0.0,0.0,0.0,0.0,0.0,0.0,0.0,0.0,0.0,0.0,0.0,0.0,0.0,0.0,0.0,0.0,0.0,0.0,0.0,0.0,0.0,0.0,0.0,0.0,0.0,0.0,0.0,0.0,0.0,0.0,0.0,0.0,0.0,0.0,0.0,0.0,0.0,0.0,0.0,0.0,0.0,0.0,0.0,0.0,0.0,0.0,0.0,0.0,0.0,0.0,0.0,0.0,0.0,0.0,0.0,0.0,0.0,0.0,0.0,0.0,0.0,0.0,0.0,0.0,0.0,0.0,0.0,0.0,0.0,0.0,0.0,0.0,0.0,0.0,0.0,0.0,0.0,0.0,0.0,0.0,0.0,0.0,0.0,0.0,0.0,0.0,0.0,0.0,0.0,0.0,0.0,0.0,0.0,0.0,0.0,0.0,0.0,0.0,0.0,0.0,0.0,0.0,0.0,0.0,0.0,0.0,0.0,0.0,0.0,0.0,0.0,0.0,0.0,0.0,0.0,0.0,0.0,0.0,0.0,0.0,0.0,0.0,0.0,0.0,0.0,0.0,0.0,0.0,0.0,0.0,0.0,0.0,0.0,0.0,0.0,0.0,0.0,0.0,0.0,0.0,0.0,0.0,0.0,0.0,0.0,0.0,0.0,0.0,0.0,0.0,0.0,0.0,0.0,0.0,0.0,0.0,0.0,0.0,0.0,0.0,0.0,0.0,0.0,0.0,0.0,0.0,0.0,0.0,0.0,0.0,0.0,0.0,0.0,0.0,0.0,0.0,0.0,0.0,0.0,0.0,0.0,0.0,0.0,0.0,0.0,0.0,0.0,0.0,0.0,0.0,0.0,0.0,0.0,0.0,0.0,0.0,0.0,0.0,0.0,0.0,0.0,0.0,0.0,0.0,0.0,0.0,0.0,0.0,0.0,0.0,0.0,0.0,0.0,0.0,0.0,0.0,0.0,0.0,0.0,0.0,0.0,0.0,0.0,0.0,0.0,0.0,0.0,0.0,0.0,0.0,0.0,0.0,0.0,0.0,0.0,0.0,0.0,0.0,0.0,0.0,0.0,0.0,0.0,0.0,0.0,0.0,0.0,0.0,0.0,0.0,0.0,0.0,0.0,0.0,0.0,0.0,0.0,0.0,0.0,0.0,0.0,0.0,0.0,0.0,0.0,0.0,0.0,0.0,0.0,0.0,0.0,0.0,0.0,0.0,0.0,0.0,0.0,0.0,0.0,0.0,0.0,0.0,0.0,0.0,0.0,0.0,0.0,0.0,0.0,0.0,0.0,0.0,0.0,0.0,0.0,0.0,0.0,0.0,0.0,0.0,0.0,0.0,0.0,0.0,0.0,0.0,0.0,0.0,0.0,0.0,0.0,0.0,0.0,0.0,0.0,0.0,0.0,0.0,0.0,0.0,0.0,0.0,0.0,0.0,0.0,0.0,0.0,0.0,0.0,0.0,0.0,0.0,0.0,0.0,0.0,0.0,0.0,0.0,0.0,0.0,0.0,0.0,0.0,0.0,0.0,0.0,0.0,0.0,0.0,0.0,0.0,0.0,0.0,0.0,0.0,0.0,0.0,0.0,0.0,0.0,0.0,0.0,0.0,0.0,0.0,0.0,0.0,0.0,0.0,0.0,0.0,0.0,0.0,0.0,0.0,0.0,0.0,0.0,0.0,0.0,0.0,0.0,0.0,0.0,0.0,0.0,0.0,0.0,0.0,0.0,0.0,0.0,0.0,0.0,0.0,0.0,0.0,0.0,0.0,0.0,0.0,0.0,0.0,0.0,0.0,0.0,0.0,0.0,0.0,0.0,0.0,0.0,0.0,0.0,0.0,0.0,0.0,0.0,0.0,0.0,0.0,0.0,0.0,0.0,0.0,0.0,0.0,0.0,0.0,0.0,0.0,0.0,0.0,0.0,0.0,0.0,0.0,0.0,0.0,0.0,0.0,0.0,0.0,0.0,0.0,0.0,0.0,0.0,0.0,0.0,0.0,0.0,0.0,0.0,0.0,0.0,0.0,0.0,0.0,0.0,0.0,0.0,0.0,0.0,0.0,0.0,0.0,0.0,0.0,0.0,0.0,0.0,0.0,0.0,0.0,0.0,0.0,0.0,0.0,0.0,0.0,0.0,0.0,0.0,0.0,0.0,0.0,0.0,0.0,0.0,0.0,0.0,0.0,0.0,0.0,0.0,0.0,0.0,0.0,0.0,0.0,0.0,0.0,0.0,0.0,0.0,0.0,0.0,0.0,0.0,0.0,0.0,0.0,0.0,0.0,0.0,0.0,0.0,0.0,0.0,0.0,0.0,0.0,0.0,0.0,0.0,0.0,0.0,0.0,0.0,0.0,0.0,0.0,0.0,0.0,0.0,0.0,0.0,0.0,0.0,0.0,0.0,0.0,0.0,0.0,0.0,0.0,0.0,0.0,0.0,0.0,0.0,0.0,0.0,0.0,0.0,0.0,0.0,0.0,0.0,0.0,0.0,0.0,0.0,0.0,0.0,0.0,0.0,0.0,0.0,0.0,0.0,0.0,0.0,0.0,0.0,0.0,0.0,0.0,0.0,0.0,0.0,0.0,0.0,0.0,0.0,0.0,0.0,0.0,0.0,0.0,0.0,0.0,0.0,0.0,0.0,0.0,0.0,0.0,0.0,0.0,0.0,0.0,0.0,0.0,0.0,0.0,0.0,0.0,0.0,0.0,0.0,0.0,0.0,0.0,0.0,0.0,0.0,0.0,0.0,0.0,0.0,0.0,0.0,0.0,0.0,0.0,0.0,0.0,0.0,0.0,0.0,0.0,0.0,0.0,0.0,0.0,0.0,0.0,0.0,0.0,0.0,0.0,0.0,0.0,0.0,0.0,0.0,0.0,0.0,0.0,0.0,0.0,0.0,0.0,0.0,0.0,0.0,0.0,0.0,0.0,0.0,0.0,0.0,0.0,0.0,0.0,0.0,0.0,0.0,0.0,0.0,0.0,0.0,0.0,0.0,0.0,0.0,0.0,0.0,0.0,0.0,0.0,0.0,0.0,0.0,0.0,0.0,0.0,0.0,0.0,0.0,0.0,0.0,0.0,0.0,0.0,0.0,0.0,0.0,0.0,0.0,0.0,0.0,0.0,0.0,0.0,0.0,0.0,0.0,0.0,0.0,0.0,0.0,0.0,0.0,0.0,0.0,0.0,0.0,0.0,0.0,0.0,0.0,0.0,0.0,0.0,0.0,0.0,0.0,0.0,0.0,0.0,0.0,0.0,0.0,0.0,0.0,0.0,0.0,0.0,0.0,0.0,0.0,0.0,0.0,0.0,0.0,0.0,0.0,0.0,0.0,0.0,0.0,0.0,0.0,0.0,0.0,0.0,0.0,0.0,0.0,0.0,0.0,0.0,0.0,0.0,0.0,0.0,0.0,0.0,0.0,0.0,0.0,0.0,0.0,0.0,0.0,0.0,0.0,0.0,0.0,0.0,0.0,0.0,0.0,0.0,0.0,0.0,0.0,0.0,0.0,0.0,0.0,0.0,0.0,0.0,0.0,0.0,0.0,0.0,0.0,0.0,0.0,0.0,0.0,0.0,0.0,0.0,0.0,0.0,0.0,0.0,0.0,0.0,0.0,0.0,0.0,0.0,0.0,0.0,0.0,0.0,0.0,0.0,0.0,0.0,0.0,0.0,0.0,0.0,0.0,0.0,0.0,0.0,0.0,0.0,0.0,0.0,0.0,0.0,0.0,0.0,0.0,0.0,0.0,0.0,0.0,0.0,0.0,0.0,0.0,0.0,0.0,0.0,0.0,0.0,0.0,0.0,0.0,0.0,0.0,0.0,0.0,0.0,0.0,0.0,0.0,0.0,0.0,0.0,0.0,0.0,0.0,0.0,0.0,0.0,0.0,0.0,0.0,0.0,0.0,0.0,0.0,0.0,0.0,0.0,0.0,0.0,0.0,0.0,0.0,0.0,0.0,0.0,0.0,0.0,0.0,0.0,0.0,0.0,0.0,0.0,0.0,0.0,0.0,0.0,0.0,0.0,0.0,0.0,0.0,0.0,0.0,0.0,0.0,0.0,0.0,0.0,0.0,0.0,0.0,0.0,0.0,0.0,0.0,0.0,0.0,0.0,0.0,0.0,0.0,0.0,0.0,0.0,0.0,0.0,0.0,0.0,0.0,0.0,0.0,0.0,0.0,0.0,0.0,0.0,0.0,0.0,0.0,0.0,0.0,0.0,0.0,0.0,0.0,0.0,0.0,0.0,0.0,0.0,0.0,0.0,0.0,0.0,0.0,0.0,0.0,0.0,0.0,0.0,0.0,0.0,0.0,0.0,0.0,0.0,0.0,0.0,0.0,0.0,0.0,0.0,0.0,0.0,0.0,0.0,0.0,0.0,0.0,0.0,0.0,0.0,0.0,0.0,0.0,0.0,0.0,0.0,0.0,0.0,0.0,0.0,0.0,0.0,0.0,0.0,0.0,0.0,0.0,0.0,0.0,0.0,0.0,0.0,0.0,0.0,0.0,0.0,0.0,0.0,0.0,0.0,0.0,0.0,0.0,0.0,0.0,0.0,0.0,0.0,0.0,0.0,0.0,0.0,0.0,0.0,0.0,0.0,0.0,0.0,0.0,0.0,0.0,0.0,0.0,0.0,0.0,0.0,0.0,0.0,0.0,0.0,0.0,0.0,0.0,0.0,0.0,0.0,0.0,0.0,0.0,0.0,0.0,0.0,0.0,0.0,0.0,0.0,0.0,0.0,0.0,0.0,0.0,0.0,0.0,0.0,0.0,0.0,0.0,0.0,0.0,0.0,0.0,0.0,0.0,0.0,0.0,0.0,0.0,0.0,0.0,0.0,0.0,0.0,0.0,0.0,0.0,0.0,0.0,0.0,0.0,0.0,0.0,0.0,0.0,0.0,0.0,0.0,0.0,0.0,0.0,0.0,0.0,0.0,0.0,0.0,0.0,0.0,0.0,0.0,0.0,0.0,0.0,0.0,0.0,0.0,0.0,0.0,0.0,0.0,0.0,0.0,0.0,0.0,0.0,0.0,0.0,0.0,0.0,0.0,0.0,0.0,0.0,0.0,0.0,0.0,0.0,0.0,0.0,0.0,0.0,0.0,0.0,0.0,0.0,0.0,0.0,0.0,0.0,0.0,0.0,0.0,0.0,0.0,0.0,0.0,0.0,0.0,0.0,0.0,0.0,0.0,0.0,0.0,0.0,0.0,0.0,0.0,0.0,0.0,0.0,0.0,0.0,0.0,0.0,0.0,0.0,0.0,0.0,0.0,0.0,0.0,0.0,0.0,0.0,0.0,0.0,0.0,0.0,0.0,0.0,0.0,0.0,0.0,0.0,0.0,0.0,0.0,0.0,0.0,0.0,0.0,0.0,0.0,0.0,0.0,0.0,0.0,0.0,0.0,0.0,0.0,0.0,0.0,0.0,0.0,0.0,0.0,0.0,0.0,0.0,0.0,0.0,0.0,0.0,0.0,0.0,0.0,0.0,0.0,0.0,0.0,0.0,0.0,0.0,0.0,0.0,0.0,0.0,0.0,0.0,0.0,0.0,0.0,0.0,0.0,0.0,0.0,0.0,0.0,0.0,0.0,0.0,0.0,0.0,0.0,0.0,0.0,0.0,0.0,0.0,0.0,0.0,0.0,0.0,0.0,0.0,0.0,0.0,0.0,0.0,0.0,0.0,0.0,0.0,0.0,0.0,0.0,0.0,0.0,0.0,0.0,0.0,0.0,0.0,0.0,0.0,0.0,0.0,0.0,0.0,0.0,0.0,0.0,0.0,0.0,0.0,0.0,0.0,0.0,0.0,0.0,0.0,0.0,0.0,0.0,0.0,0.0,0.0,0.0,0.0,0.0,0.0,0.0,0.0,0.0,0.0,0.0,0.0,0.0,0.0,0.0,0.0,0.0,0.0,0.0,0.0,0.0,0.0,0.0,0.0,0.0,0.0,0.0,0.0,0.0,0.0,0.0,0.0,0.0,0.0,0.0,0.0,0.0,0.0,0.0,0.0,0.0,0.0,0.0,0.0,0.0,0.0,0.0,0.0,0.0,0.0,0.0,0.0,0.0,0.0,0.0,0.0,0.0,0.0,0.0,0.0,0.0,0.0,0.0,0.0,0.0,0.0,0.0,0.0,0.0,0.0,0.0,0.0,0.0,0.0,0.0,0.0,0.0,0.0,0.0,0.0,0.0,0.0,0.0,0.0,0.0,0.0,0.0,0.0,0.0,0.0,0.0,0.0,0.0,0.0,0.0,0.0,0.0,0.0,0.0,0.0,0.0,0.0,0.0,0.0,0.0,0.0,0.0,0.0,0.0,0.0,0.0,0.0,0.0,0.0,0.0,0.0,0.0,0.0,0.0,0.0,0.0,0.0,0.0,0.0,0.0,0.0,0.0,0.0,0.0,0.0,0.0,0.0,0.0,0.0,0.0,0.0,0.0,0.0,0.0,0.0,0.0,0.0,0.0,0.0,0.0,0.0,0.0,0.0,0.0,0.0,0.0,0.0,0.0,0.0,0.0,0.0,0.0,0.0,0.0,0.0,0.0,0.0,0.0,0.0,0.0,0.0,0.0,0.0,0.0,0.0,0.0,0.0,0.0,0.0,0.0,0.0,0.0,0.0,0.0,0.0,0.0,0.0,0.0,0.0,0.0,0.0,0.0,0.0,0.0,0.0,0.0,0.0,0.0,0.0,0.0,0.0,0.0,0.0,0.0,0.0,0.0,0.0,0.0,0.0,0.0,0.0,0.0,0.0,0.0,0.0,0.0,0.0,0.0,0.0,0.0,0.0,0.0,0.0,0.0,0.0,0.0,0.0,0.0,0.0,0.0,0.0,0.0,0.0,0.0,0.0,0.0,0.0,0.0,0.0,0.0,0.0,0.0,0.0,0.0,0.0,0.0,0.0,0.0,0.0,0.0,0.0,0.0,0.0,0.0,0.0,0.0,0.0,0.0,0.0,0.0,0.0,0.0,0.0,0.0,0.0,0.0,0.0,0.0,0.0,0.0,0.0,0.0,0.0,0.0,0.0,0.0,0.0,0.0,0.0,0.0,0.0,0.0,0.0,0.0,0.0,0.0,0.0,0.0,0.0,0.0,0.0,0.0,0.0,0.0,0.0,0.0,0.0,0.0,0.0,0.0,0.0,0.0,0.0,0.0,0.0,0.0,0.0,0.0,0.0,0.0,0.0,0.0,0.0,0.0,0.0,0.0,0.0,0.0,0.0,0.0,0.0,0.0,0.0,0.0,0.0,0.0,0.0,0.0,0.0,0.0,0.0,0.0,0.0,0.0,0.0,0.0,0.0,0.0,0.0,0.0,0.0,0.0,0.0,0.0,0.0,0.0,0.0,0.0,0.0,0.0,0.0,0.0,0.0,0.0,0.0,0.0,0.0,0.0,0.0,0.0,0.0,0.0,0.0,0.0,0.0,0.0,0.0,0.0,0.0,0.0,0.0,0.0,0.0,0.0,0.0,0.0,0.0,0.0,0.0,0.0,0.0,0.0,0.0,0.0,0.0,0.0,0.0,0.0,0.0,0.0,0.0,0.0,0.0,0.0,0.0,0.0,0.0,0.0,0.0,0.0,0.0,0.0,0.0,0.0,0.0,0.0,0.0,0.0,0.0
